n 1000
c 63872
z 209366
time 0.00
1,916,627,0
2,16,740,0
3,174,126,0
4,286,843,0
5,191,248,0
6,747,425,1
7,975,553,1
8,157,235,0
9,92,673,0
10,348,426,0
11,797,695,0
12,101,51,1
13,633,552,0
14,868,716,0
15,573,960,0
16,190,236,0
17,148,745,0
18,764,56,1
19,944,285,1
20,331,326,0
21,911,209,1
22,729,655,0
23,570,560,0
24,826,766,0
25,431,424,0
26,904,720,0
27,86,262,0
28,673,327,1
29,872,769,0
30,434,775,0
31,555,933,0
32,522,83,1
33,946,807,0
34,185,149,0
35,489,808,0
36,927,25,1
37,991,928,0
38,305,156,1
39,724,904,0
40,773,102,1
41,834,379,1
42,487,641,0
43,911,426,1
44,213,293,0
45,392,675,0
46,117,34,1
47,690,765,0
48,926,689,0
49,34,427,0
50,787,608,0
51,317,250,0
52,540,328,1
53,881,985,0
54,799,532,0
55,226,44,1
56,900,263,1
57,696,109,1
58,142,218,0
59,854,344,1
60,565,546,0
61,782,920,0
62,1000,354,1
63,567,579,0
64,951,826,0
65,648,391,1
66,671,444,0
67,271,248,0
68,863,206,1
69,346,352,0
70,911,889,0
71,327,657,0
72,481,29,1
73,151,994,0
74,71,207,0
75,340,259,0
76,140,968,0
77,532,758,0
78,575,51,1
79,686,652,0
80,657,386,1
81,833,233,1
82,648,221,1
83,467,974,0
84,812,33,1
85,207,705,0
86,110,105,0
87,440,179,1
88,441,436,0
89,202,102,1
90,104,491,0
91,888,304,1
92,215,172,0
93,287,368,0
94,334,815,0
95,66,580,0
96,208,13,1
97,407,405,0
98,506,600,0
99,222,432,0
100,110,852,0
101,98,273,0
102,215,640,0
103,112,806,0
104,311,656,0
105,517,701,0
106,101,570,0
107,596,147,1
108,258,882,0
109,868,914,0
110,506,245,1
111,47,334,0
112,600,271,1
113,983,701,0
114,313,273,0
115,516,921,0
116,43,986,0
117,313,27,1
118,407,689,0
119,924,365,1
120,297,308,0
121,699,691,0
122,480,1000,0
123,964,735,0
124,209,990,0
125,29,153,0
126,86,838,0
127,978,991,0
128,388,211,1
129,61,630,0
130,922,315,1
131,744,157,1
132,789,993,0
133,950,226,1
134,960,256,1
135,663,884,0
136,601,46,1
137,682,373,1
138,343,218,0
139,981,777,0
140,791,852,0
141,168,303,0
142,382,240,0
143,391,363,0
144,257,71,1
145,174,325,0
146,976,930,0
147,639,634,0
148,929,819,0
149,150,660,0
150,408,434,0
151,958,737,0
152,620,456,0
153,413,429,0
154,877,260,1
155,106,317,0
156,146,72,1
157,831,122,1
158,7,375,0
159,361,45,1
160,587,253,1
161,108,525,0
162,599,314,1
163,140,506,0
164,179,789,0
165,230,181,0
166,243,842,0
167,61,590,0
168,62,999,0
169,848,9,1
170,191,569,0
171,232,214,0
172,180,541,0
173,344,588,0
174,988,933,0
175,597,90,1
176,158,314,0
177,997,922,0
178,460,449,0
179,604,666,0
180,238,147,1
181,9,175,0
182,523,628,0
183,327,120,1
184,563,24,1
185,591,612,0
186,487,997,0
187,907,146,1
188,186,897,0
189,885,555,1
190,33,465,0
191,230,446,0
192,501,770,0
193,443,984,0
194,642,232,1
195,666,341,1
196,335,649,0
197,394,559,0
198,438,37,1
199,736,178,1
200,822,645,0
201,486,18,1
202,427,652,0
203,758,266,1
204,896,286,1
205,36,842,0
206,842,996,0
207,577,596,0
208,445,201,1
209,500,619,0
210,5,677,0
211,923,528,1
212,771,675,0
213,991,538,1
214,175,16,1
215,333,241,0
216,68,467,0
217,265,136,1
218,15,475,0
219,237,917,0
220,137,218,0
221,311,461,0
222,348,724,0
223,545,929,0
224,10,347,0
225,682,487,0
226,705,147,1
227,786,951,0
228,563,21,1
229,722,179,1
230,282,266,0
231,538,849,0
232,25,814,0
233,796,536,0
234,725,422,1
235,397,949,0
236,114,407,0
237,276,825,0
238,298,237,0
239,827,936,0
240,88,684,0
241,315,337,0
242,443,119,1
243,100,205,0
244,46,155,0
245,593,982,0
246,396,918,0
247,730,269,1
248,929,801,0
249,627,800,0
250,515,728,0
251,394,430,0
252,231,538,0
253,406,784,0
254,288,689,0
255,866,679,0
256,11,640,0
257,377,748,0
258,38,580,0
259,228,431,0
260,206,688,0
261,943,687,0
262,864,897,0
263,409,618,0
264,455,922,0
265,242,715,0
266,828,669,0
267,727,214,1
268,60,967,0
269,953,64,1
270,379,927,0
271,131,487,0
272,238,163,0
273,626,659,0
274,510,134,1
275,607,169,1
276,441,426,0
277,952,834,0
278,922,726,0
279,37,500,0
280,808,116,1
281,557,876,0
282,557,458,0
283,97,711,0
284,981,210,1
285,728,116,1
286,46,960,0
287,458,119,1
288,766,1000,0
289,273,324,0
290,600,266,1
291,768,742,0
292,945,979,0
293,991,972,0
294,231,609,0
295,279,342,0
296,256,410,0
297,888,386,1
298,224,98,1
299,163,53,1
300,669,503,0
301,889,664,0
302,941,930,0
303,586,313,1
304,79,501,0
305,585,435,0
306,199,363,0
307,772,475,1
308,810,553,0
309,410,855,0
310,961,255,1
311,406,365,0
312,531,994,0
313,936,406,1
314,123,97,0
315,754,165,1
316,777,850,0
317,583,80,1
318,228,129,1
319,175,450,0
320,213,420,0
321,288,746,0
322,167,974,0
323,871,731,0
324,466,942,0
325,980,593,1
326,374,379,0
327,323,949,0
328,325,854,0
329,111,117,0
330,209,68,1
331,681,699,0
332,941,959,0
333,950,152,1
334,208,208,0
335,422,445,0
336,251,843,0
337,49,230,0
338,244,694,0
339,820,252,1
340,339,223,0
341,129,541,0
342,874,954,0
343,821,57,1
344,465,204,1
345,234,532,0
346,7,126,0
347,525,643,0
348,629,497,0
349,226,221,0
350,148,803,0
351,395,968,0
352,7,628,0
353,951,596,0
354,923,640,0
355,536,552,0
356,586,728,0
357,373,847,0
358,143,727,0
359,565,694,0
360,964,878,0
361,757,997,0
362,976,956,0
363,393,848,0
364,780,590,0
365,479,817,0
366,292,231,0
367,913,20,1
368,819,748,0
369,816,55,1
370,303,30,1
371,582,915,0
372,395,877,0
373,884,931,0
374,355,838,0
375,378,248,0
376,802,1,1
377,413,918,0
378,888,361,1
379,818,471,1
380,584,800,0
381,465,914,0
382,613,7,1
383,668,424,0
384,724,263,1
385,151,923,0
386,500,527,0
387,114,211,0
388,986,946,0
389,74,77,0
390,457,820,0
391,726,866,0
392,399,441,0
393,388,570,0
394,259,258,0
395,387,740,0
396,283,429,0
397,932,787,0
398,905,847,0
399,722,86,1
400,333,889,0
401,896,580,0
402,854,973,0
403,713,241,1
404,906,931,0
405,851,498,1
406,942,228,1
407,661,185,1
408,7,882,0
409,335,22,1
410,846,154,1
411,937,874,0
412,233,815,0
413,748,376,1
414,575,380,0
415,940,875,0
416,548,446,0
417,207,742,0
418,634,484,0
419,95,572,0
420,320,163,1
421,835,677,0
422,748,954,0
423,348,217,0
424,197,575,0
425,203,148,0
426,196,829,0
427,296,502,0
428,640,307,1
429,957,78,1
430,464,281,1
431,224,858,0
432,219,9,1
433,624,797,0
434,75,760,0
435,639,646,0
436,224,912,0
437,118,425,0
438,777,43,1
439,198,757,0
440,566,118,1
441,82,217,0
442,969,448,1
443,291,651,0
444,426,13,1
445,939,455,1
446,210,643,0
447,562,160,1
448,703,776,0
449,39,566,0
450,438,574,0
451,982,324,1
452,726,789,0
453,168,460,0
454,1,75,0
455,656,546,0
456,774,202,1
457,458,514,0
458,849,222,1
459,550,111,1
460,309,849,0
461,978,257,1
462,216,413,0
463,37,57,0
464,12,446,0
465,640,364,1
466,397,185,1
467,183,898,0
468,254,381,0
469,517,562,0
470,886,885,0
471,718,300,1
472,728,390,1
473,653,10,1
474,689,803,0
475,918,659,0
476,835,147,1
477,230,758,0
478,686,140,1
479,94,928,0
480,853,374,1
481,7,843,0
482,230,454,0
483,903,155,1
484,699,453,0
485,521,141,1
486,366,781,0
487,675,198,1
488,882,984,0
489,329,61,1
490,892,636,0
491,719,910,0
492,736,319,1
493,563,20,1
494,576,715,0
495,273,746,0
496,567,318,1
497,888,79,1
498,908,952,0
499,745,108,1
500,618,778,0
501,792,338,1
502,412,40,1
503,724,837,0
504,318,386,0
505,992,631,0
506,623,981,0
507,228,722,0
508,194,784,0
509,741,270,1
510,11,366,0
511,496,291,1
512,62,112,0
513,71,252,0
514,580,236,1
515,426,952,0
516,479,310,0
517,183,286,0
518,269,433,0
519,556,932,0
520,177,673,0
521,40,132,0
522,956,544,1
523,49,988,0
524,59,788,0
525,185,920,0
526,970,298,1
527,482,678,0
528,830,761,0
529,880,110,1
530,848,469,1
531,406,268,0
532,966,518,1
533,312,196,0
534,475,92,1
535,575,360,1
536,999,665,0
537,276,17,1
538,265,140,1
539,644,935,0
540,48,53,0
541,961,415,1
542,737,930,0
543,697,24,1
544,723,477,0
545,991,26,1
546,958,447,1
547,232,396,0
548,866,294,1
549,760,616,0
550,364,518,0
551,523,133,1
552,107,495,0
553,607,816,0
554,137,706,0
555,518,633,0
556,597,161,1
557,58,821,0
558,509,674,0
559,385,421,0
560,512,1000,0
561,704,242,1
562,370,735,0
563,516,884,0
564,129,74,1
565,819,918,0
566,884,458,1
567,241,303,0
568,619,732,0
569,463,343,0
570,121,248,0
571,518,347,0
572,518,58,1
573,112,736,0
574,633,127,1
575,663,752,0
576,43,870,0
577,72,12,1
578,422,200,1
579,807,335,1
580,261,893,0
581,22,434,0
582,5,989,0
583,264,265,0
584,841,903,0
585,143,225,0
586,171,378,0
587,309,180,1
588,430,461,0
589,80,155,0
590,249,741,0
591,103,822,0
592,38,515,0
593,465,627,0
594,968,903,0
595,149,865,0
596,730,837,0
597,803,992,0
598,757,466,1
599,257,640,0
600,946,723,0
601,298,770,0
602,517,402,0
603,954,550,1
604,810,983,0
605,476,490,0
606,154,911,0
607,852,563,0
608,37,107,0
609,480,875,0
610,979,87,1
611,297,960,0
612,710,941,0
613,608,101,1
614,431,213,1
615,515,903,0
616,977,908,0
617,422,406,0
618,819,447,1
619,686,182,1
620,774,386,1
621,434,553,0
622,582,841,0
623,242,610,0
624,46,473,0
625,577,561,0
626,68,340,0
627,751,694,0
628,635,80,1
629,591,68,1
630,824,67,1
631,600,483,0
632,836,61,1
633,94,801,0
634,207,466,0
635,896,71,1
636,166,387,0
637,340,148,1
638,643,935,0
639,639,72,1
640,955,835,0
641,169,687,0
642,742,579,0
643,668,248,1
644,591,259,1
645,525,232,1
646,706,671,0
647,276,16,1
648,5,596,0
649,718,504,0
650,863,113,1
651,834,950,0
652,270,469,0
653,464,871,0
654,541,446,0
655,12,145,0
656,921,131,1
657,978,707,0
658,869,71,1
659,68,545,0
660,28,939,0
661,839,79,1
662,867,390,1
663,764,418,1
664,145,563,0
665,314,966,0
666,118,272,0
667,480,199,1
668,305,598,0
669,272,519,0
670,686,170,1
671,407,920,0
672,388,455,0
673,721,839,0
674,229,285,0
675,386,718,0
676,902,818,0
677,855,461,1
678,734,435,1
679,107,468,0
680,836,280,1
681,430,494,0
682,265,961,0
683,423,141,1
684,236,57,1
685,754,351,1
686,900,989,0
687,892,322,1
688,304,441,0
689,187,697,0
690,218,664,0
691,971,571,1
692,331,901,0
693,339,348,0
694,88,387,0
695,926,802,0
696,425,565,0
697,70,182,0
698,18,915,0
699,538,549,0
700,435,17,1
701,416,75,1
702,370,62,1
703,102,603,0
704,521,822,0
705,42,980,0
706,993,636,0
707,810,995,0
708,941,664,0
709,14,401,0
710,76,449,0
711,985,122,1
712,142,255,0
713,206,762,0
714,743,703,0
715,870,67,1
716,250,348,0
717,120,871,0
718,365,662,0
719,810,670,0
720,554,866,0
721,748,237,1
722,525,142,1
723,316,147,1
724,521,967,0
725,851,769,0
726,190,393,0
727,439,454,0
728,309,258,0
729,530,380,0
730,444,947,0
731,479,306,0
732,820,92,1
733,236,543,0
734,927,211,1
735,83,792,0
736,472,289,1
737,139,638,0
738,691,913,0
739,988,335,1
740,123,254,0
741,632,591,0
742,786,776,0
743,308,635,0
744,11,714,0
745,398,121,1
746,51,131,0
747,672,511,0
748,758,542,0
749,866,471,1
750,86,425,0
751,638,20,1
752,495,279,1
753,173,117,0
754,861,402,1
755,135,442,0
756,463,609,0
757,976,791,0
758,565,713,0
759,813,308,1
760,28,347,0
761,998,38,1
762,242,794,0
763,22,430,0
764,428,743,0
765,637,116,1
766,118,123,0
767,967,48,1
768,962,880,0
769,580,628,0
770,937,108,1
771,824,529,0
772,72,747,0
773,294,925,0
774,2,760,0
775,46,566,0
776,811,32,1
777,246,166,0
778,732,980,0
779,948,218,1
780,778,713,0
781,305,897,0
782,81,37,1
783,656,373,1
784,183,247,0
785,798,257,1
786,643,539,0
787,76,728,0
788,451,106,1
789,160,725,0
790,389,706,0
791,802,277,1
792,677,151,1
793,850,221,1
794,974,61,1
795,846,608,0
796,620,569,0
797,473,513,0
798,933,107,1
799,544,962,0
800,184,210,0
801,750,615,0
802,853,828,0
803,511,794,0
804,268,976,0
805,649,476,0
806,658,339,1
807,806,404,1
808,910,859,0
809,918,815,0
810,922,467,1
811,842,884,0
812,501,419,0
813,243,290,0
814,981,538,1
815,761,209,1
816,994,347,1
817,551,138,1
818,317,203,0
819,772,420,1
820,319,35,1
821,101,604,0
822,94,789,0
823,741,552,0
824,506,87,1
825,974,56,1
826,334,895,0
827,209,993,0
828,562,42,1
829,906,16,1
830,326,46,1
831,855,399,1
832,640,432,0
833,479,343,0
834,742,874,0
835,111,498,0
836,367,917,0
837,263,755,0
838,956,783,0
839,212,909,0
840,533,872,0
841,519,780,0
842,173,623,0
843,298,412,0
844,463,404,0
845,514,453,0
846,106,50,1
847,807,415,1
848,160,331,0
849,745,16,1
850,165,799,0
851,693,383,1
852,562,427,0
853,573,316,1
854,696,50,1
855,622,766,0
856,354,651,0
857,643,888,0
858,620,702,0
859,358,33,1
860,96,892,0
861,439,350,0
862,623,226,1
863,229,351,0
864,196,33,1
865,241,259,0
866,220,782,0
867,818,984,0
868,26,17,0
869,858,947,0
870,847,892,0
871,448,848,0
872,246,50,1
873,951,647,0
874,894,601,0
875,932,83,1
876,216,149,0
877,397,472,0
878,560,539,0
879,348,72,1
880,33,319,0
881,906,290,1
882,457,154,1
883,457,329,0
884,268,379,0
885,306,932,0
886,980,424,1
887,853,935,0
888,877,426,1
889,775,229,1
890,735,683,0
891,30,679,0
892,85,229,0
893,984,310,1
894,138,336,0
895,529,169,1
896,739,663,0
897,842,331,1
898,607,871,0
899,63,365,0
900,931,605,0
901,801,459,1
902,971,803,0
903,106,574,0
904,939,655,0
905,752,862,0
906,291,889,0
907,632,41,1
908,377,982,0
909,972,452,1
910,424,333,0
911,687,668,0
912,94,790,0
913,452,434,0
914,843,706,0
915,743,945,0
916,957,387,1
917,339,373,0
918,353,840,0
919,451,386,0
920,51,133,0
921,636,86,1
922,479,733,0
923,687,340,1
924,49,237,0
925,245,54,1
926,758,607,0
927,74,838,0
928,405,47,1
929,444,849,0
930,288,206,0
931,597,928,0
932,620,96,1
933,404,333,0
934,80,356,0
935,315,286,0
936,891,216,1
937,481,641,0
938,582,438,0
939,310,637,0
940,824,750,0
941,367,320,0
942,208,417,0
943,312,650,0
944,37,840,0
945,46,533,0
946,218,991,0
947,535,584,0
948,797,538,0
949,72,558,0
950,854,162,1
951,382,528,0
952,165,515,0
953,217,444,0
954,28,853,0
955,194,319,0
956,932,294,1
957,142,198,0
958,971,448,1
959,658,677,0
960,714,884,0
961,486,299,1
962,573,522,0
963,134,402,0
964,220,764,0
965,187,798,0
966,743,134,1
967,649,82,1
968,110,44,1
969,25,729,0
970,813,465,1
971,919,631,0
972,223,870,0
973,638,29,1
974,98,879,0
975,663,59,1
976,72,758,0
977,336,101,1
978,398,555,0
979,161,805,0
980,972,913,0
981,745,601,0
982,597,565,0
983,936,360,1
984,17,621,0
985,166,118,0
986,750,115,1
987,528,945,0
988,78,125,0
989,19,56,0
990,745,467,0
991,344,847,0
992,618,396,0
993,824,513,0
994,944,68,1
995,897,427,1
996,147,526,0
997,167,977,0
998,590,306,1
999,846,983,0
1000,748,204,1
