n 500
c 27004
z 90267
time 0.00
1,563,486,0
2,39,847,0
3,165,313,0
4,21,606,0
5,326,35,1
6,986,428,1
7,398,36,1
8,316,62,1
9,43,44,0
10,27,789,0
11,188,698,0
12,428,134,1
13,40,755,0
14,931,671,0
15,596,315,1
16,925,135,1
17,395,564,0
18,931,27,1
19,511,24,1
20,258,377,0
21,590,332,0
22,80,186,0
23,673,315,1
24,697,601,0
25,678,891,0
26,223,731,0
27,701,537,0
28,72,698,0
29,791,140,1
30,953,842,0
31,962,536,0
32,161,390,0
33,665,522,0
34,920,352,1
35,368,155,1
36,142,372,0
37,582,627,0
38,792,191,1
39,851,779,0
40,284,185,0
41,441,766,0
42,334,20,1
43,38,557,0
44,492,168,1
45,111,990,0
46,972,437,1
47,193,376,0
48,645,836,0
49,649,518,0
50,346,619,0
51,452,965,0
52,699,483,0
53,408,340,0
54,174,343,0
55,505,655,0
56,499,194,1
57,375,672,0
58,805,901,0
59,845,859,0
60,364,61,1
61,285,331,0
62,719,509,0
63,462,966,0
64,958,613,0
65,383,362,0
66,390,767,0
67,414,811,0
68,374,553,0
69,329,355,0
70,734,948,0
71,566,460,0
72,680,488,0
73,510,197,1
74,894,770,0
75,747,182,1
76,123,139,0
77,451,865,0
78,118,46,1
79,693,199,1
80,904,349,1
81,960,220,1
82,839,952,0
83,370,601,0
84,379,900,0
85,910,276,1
86,53,916,0
87,319,134,1
88,64,495,0
89,345,225,0
90,975,462,1
91,7,339,0
92,262,967,0
93,686,179,1
94,45,722,0
95,521,415,0
96,823,144,1
97,678,952,0
98,593,555,0
99,477,851,0
100,629,175,1
101,17,332,0
102,254,995,0
103,727,449,0
104,926,907,0
105,476,968,0
106,644,501,0
107,715,638,0
108,65,885,0
109,251,973,0
110,601,784,0
111,854,345,1
112,783,738,0
113,638,776,0
114,432,948,0
115,99,36,1
116,794,733,0
117,776,806,0
118,310,148,1
119,683,528,0
120,872,175,1
121,386,582,0
122,303,835,0
123,499,34,1
124,128,881,0
125,124,204,0
126,549,209,1
127,393,842,0
128,307,374,0
129,556,345,0
130,761,310,1
131,615,416,0
132,980,180,1
133,309,749,0
134,887,459,1
135,422,7,1
136,344,857,0
137,729,696,0
138,878,365,1
139,132,20,1
140,22,15,0
141,471,10,1
142,861,27,1
143,326,918,0
144,944,554,0
145,541,304,0
146,23,613,0
147,230,749,0
148,240,526,0
149,269,999,0
150,455,469,0
151,325,348,0
152,467,107,1
153,420,40,1
154,276,255,0
155,289,440,0
156,633,315,1
157,150,85,0
158,302,378,0
159,464,680,0
160,426,960,0
161,739,568,0
162,334,893,0
163,603,525,0
164,954,584,0
165,789,232,1
166,578,21,1
167,532,561,0
168,981,82,1
169,223,476,0
170,222,500,0
171,679,913,0
172,507,520,0
173,751,767,0
174,299,128,1
175,612,117,1
176,781,149,1
177,836,485,0
178,195,44,1
179,299,285,0
180,733,454,0
181,640,378,0
182,690,447,0
183,534,443,0
184,690,435,0
185,742,991,0
186,670,168,1
187,506,61,1
188,713,132,1
189,148,934,0
190,504,76,1
191,725,833,0
192,980,653,0
193,938,787,0
194,121,187,0
195,761,328,1
196,558,412,0
197,225,562,0
198,493,600,0
199,991,333,1
200,653,712,0
201,421,813,0
202,338,951,0
203,301,237,0
204,415,825,0
205,867,205,1
206,105,863,0
207,952,631,0
208,596,844,0
209,91,70,0
210,892,280,1
211,530,91,1
212,378,134,1
213,894,269,1
214,582,755,0
215,468,268,0
216,115,910,0
217,432,75,1
218,70,150,0
219,260,408,0
220,952,469,1
221,614,296,1
222,363,23,1
223,168,940,0
224,769,566,0
225,697,698,0
226,832,406,1
227,265,754,0
228,346,672,0
229,505,214,1
230,809,605,0
231,801,308,1
232,896,225,1
233,923,883,0
234,780,41,1
235,428,120,1
236,345,690,0
237,987,860,0
238,601,144,1
239,874,659,0
240,519,767,0
241,810,548,0
242,2,74,0
243,843,440,1
244,885,526,0
245,192,561,0
246,955,993,0
247,329,368,0
248,576,548,0
249,322,483,0
250,410,955,0
251,793,449,0
252,654,565,0
253,685,595,0
254,479,156,1
255,273,34,1
256,146,123,0
257,384,991,0
258,773,319,1
259,611,186,1
260,261,355,0
261,966,490,1
262,759,628,0
263,56,525,0
264,774,333,1
265,537,990,0
266,523,576,0
267,230,329,0
268,651,858,0
269,80,499,0
270,74,994,0
271,786,834,0
272,621,790,0
273,697,774,0
274,965,569,0
275,478,796,0
276,640,733,0
277,927,293,1
278,41,481,0
279,140,415,0
280,423,87,1
281,396,639,0
282,788,949,0
283,64,618,0
284,108,861,0
285,999,607,0
286,365,531,0
287,689,90,1
288,589,851,0
289,672,735,0
290,959,149,1
291,991,225,1
292,232,702,0
293,854,991,0
294,238,628,0
295,542,865,0
296,471,829,0
297,23,653,0
298,287,925,0
299,714,968,0
300,340,954,0
301,808,3,1
302,404,85,1
303,113,420,0
304,190,600,0
305,128,166,0
306,182,950,0
307,475,150,1
308,689,324,1
309,401,530,0
310,840,314,1
311,909,568,0
312,818,405,1
313,175,625,0
314,122,932,0
315,17,136,0
316,480,357,0
317,350,83,1
318,595,844,0
319,246,861,0
320,548,863,0
321,295,437,0
322,222,505,0
323,934,654,0
324,897,321,1
325,891,228,1
326,325,214,0
327,530,336,0
328,572,233,1
329,158,240,0
330,896,519,0
331,40,734,0
332,188,306,0
333,413,435,0
334,79,131,0
335,765,648,0
336,82,814,0
337,128,561,0
338,91,1,1
339,475,919,0
340,226,954,0
341,88,424,0
342,505,573,0
343,420,692,0
344,816,271,1
345,233,31,1
346,734,753,0
347,404,318,0
348,852,476,1
349,73,456,0
350,803,510,0
351,2,843,0
352,838,415,1
353,302,599,0
354,450,219,1
355,503,619,0
356,321,923,0
357,796,210,1
358,366,482,0
359,956,865,0
360,715,169,1
361,132,232,0
362,127,47,1
363,912,435,1
364,523,609,0
365,78,564,0
366,883,706,0
367,992,559,0
368,874,463,1
369,719,186,1
370,758,761,0
371,373,510,0
372,810,272,1
373,667,726,0
374,226,497,0
375,569,187,1
376,593,236,1
377,820,913,0
378,183,244,0
379,577,954,0
380,695,603,0
381,112,581,0
382,412,306,0
383,131,691,0
384,547,914,0
385,510,486,0
386,35,42,0
387,817,62,1
388,137,677,0
389,785,936,0
390,72,231,0
391,285,469,0
392,462,244,0
393,203,621,0
394,242,373,0
395,362,479,0
396,514,224,1
397,43,702,0
398,144,466,0
399,785,697,0
400,628,44,1
401,783,687,0
402,69,376,0
403,592,636,0
404,321,902,0
405,274,861,0
406,333,39,1
407,148,28,1
408,6,797,0
409,902,473,1
410,781,773,0
411,376,381,0
412,728,234,1
413,347,507,0
414,694,623,0
415,259,310,0
416,723,657,0
417,406,385,0
418,65,719,0
419,430,487,0
420,895,414,1
421,866,456,1
422,723,685,0
423,267,628,0
424,772,490,0
425,618,759,0
426,611,72,1
427,559,753,0
428,831,774,0
429,684,697,0
430,599,684,0
431,143,181,0
432,930,476,1
433,823,920,0
434,850,627,0
435,270,705,0
436,63,987,0
437,309,372,0
438,112,750,0
439,485,480,0
440,173,225,0
441,201,532,0
442,200,651,0
443,450,862,0
444,225,520,0
445,130,914,0
446,793,990,0
447,713,443,0
448,102,715,0
449,430,729,0
450,61,801,0
451,557,519,0
452,685,752,0
453,863,239,1
454,40,70,0
455,279,165,0
456,341,773,0
457,329,877,0
458,528,9,1
459,877,50,1
460,652,268,1
461,265,300,0
462,463,400,0
463,420,636,0
464,531,217,1
465,55,167,0
466,996,796,0
467,350,69,1
468,837,592,0
469,508,117,1
470,381,808,0
471,813,255,1
472,735,145,1
473,116,341,0
474,48,454,0
475,781,718,0
476,930,302,1
477,733,241,1
478,493,151,1
479,381,235,0
480,156,385,0
481,166,886,0
482,45,489,0
483,798,542,0
484,250,232,0
485,184,712,0
486,21,264,0
487,498,801,0
488,961,755,0
489,208,816,0
490,899,103,1
491,126,473,0
492,551,354,0
493,786,687,0
494,415,486,0
495,648,621,0
496,446,505,0
497,943,794,0
498,595,483,0
499,592,479,0
500,217,421,0
