n 500
c 162624
z 231513
time 0.00
1,24,111,0
2,668,672,1
3,650,538,1
4,170,127,1
5,875,748,1
6,423,229,1
7,115,125,1
8,241,135,1
9,280,5,1
10,744,22,1
11,961,779,1
12,465,23,1
13,981,52,1
14,696,328,1
15,745,484,1
16,594,696,1
17,120,125,1
18,32,572,0
19,180,353,1
20,375,138,1
21,363,653,1
22,421,531,1
23,486,460,1
24,142,906,0
25,587,812,1
26,692,4,1
27,146,138,1
28,37,331,0
29,452,437,1
30,366,83,1
31,511,457,1
32,478,79,1
33,630,195,1
34,533,761,1
35,509,332,1
36,147,661,0
37,739,60,1
38,445,952,0
39,968,36,1
40,929,130,1
41,358,527,1
42,347,621,1
43,611,958,1
44,417,977,0
45,204,207,1
46,545,974,1
47,326,321,1
48,962,813,1
49,518,543,1
50,599,892,1
51,129,878,0
52,496,156,1
53,237,581,0
54,283,288,1
55,582,936,1
56,832,675,1
57,204,529,0
58,354,758,0
59,714,388,1
60,729,774,1
61,290,596,0
62,516,382,1
63,747,559,1
64,363,846,0
65,28,555,0
66,667,920,1
67,43,412,0
68,427,898,0
69,526,804,1
70,219,901,0
71,579,229,1
72,333,641,1
73,763,830,1
74,395,851,0
75,72,135,1
76,432,588,1
77,600,450,1
78,91,23,1
79,362,928,0
80,685,182,1
81,445,133,1
82,524,825,1
83,55,602,0
84,992,37,1
85,859,789,1
86,834,453,1
87,252,975,0
88,445,504,1
89,366,602,1
90,956,583,1
91,628,324,1
92,27,248,0
93,539,124,1
94,666,811,1
95,806,32,1
96,860,641,1
97,651,217,1
98,942,508,1
99,586,884,1
100,930,216,1
101,774,29,1
102,883,420,1
103,852,466,1
104,851,460,1
105,777,393,1
106,377,486,1
107,376,735,1
108,790,814,1
109,680,782,1
110,438,337,1
111,859,730,1
112,884,899,1
113,443,321,1
114,909,77,1
115,600,757,1
116,367,830,0
117,349,879,0
118,955,725,1
119,136,449,0
120,493,272,1
121,223,207,1
122,676,268,1
123,536,603,1
124,533,42,1
125,889,5,1
126,250,674,0
127,486,51,1
128,728,535,1
129,33,498,0
130,22,199,0
131,356,313,1
132,793,445,1
133,586,510,1
134,612,36,1
135,243,696,0
136,429,210,1
137,790,625,1
138,491,398,1
139,697,805,1
140,731,328,1
141,260,307,1
142,138,516,0
143,11,695,0
144,725,547,1
145,194,249,1
146,436,494,1
147,515,950,1
148,629,375,1
149,706,800,1
150,148,230,1
151,682,205,1
152,88,356,0
153,49,489,0
154,257,360,1
155,390,25,1
156,102,84,1
157,859,974,1
158,507,307,1
159,69,913,0
160,23,569,0
161,776,801,1
162,723,398,1
163,880,198,1
164,255,249,1
165,282,161,1
166,991,534,1
167,57,386,0
168,738,843,1
169,756,525,1
170,267,981,0
171,700,882,1
172,656,945,1
173,4,280,0
174,112,137,1
175,217,294,1
176,698,862,1
177,393,270,1
178,64,661,0
179,792,854,1
180,858,439,1
181,621,715,1
182,311,936,0
183,251,836,0
184,695,108,1
185,139,688,0
186,27,913,0
187,599,398,1
188,558,709,1
189,41,255,0
190,509,77,1
191,146,794,0
192,49,174,0
193,415,964,0
194,638,420,1
195,694,169,1
196,331,597,1
197,126,643,0
198,234,585,0
199,948,854,1
200,866,641,1
201,194,390,0
202,327,944,0
203,962,542,1
204,996,210,1
205,896,718,1
206,70,552,0
207,965,376,1
208,257,845,0
209,432,159,1
210,817,753,1
211,815,44,1
212,815,231,1
213,891,534,1
214,3,916,0
215,369,837,0
216,216,487,0
217,277,292,1
218,475,871,1
219,609,241,1
220,669,822,1
221,603,801,1
222,224,984,0
223,197,141,1
224,54,143,0
225,22,355,0
226,853,671,1
227,78,579,0
228,639,89,1
229,390,367,1
230,806,942,1
231,286,421,1
232,621,994,1
233,352,596,1
234,425,626,1
235,545,513,1
236,886,947,1
237,720,621,1
238,446,953,0
239,623,412,1
240,980,304,1
241,695,725,1
242,663,363,1
243,960,625,1
244,626,711,1
245,413,730,1
246,40,874,0
247,958,145,1
248,405,365,1
249,647,340,1
250,143,948,0
251,646,418,1
252,979,782,1
253,890,148,1
254,476,837,1
255,6,611,0
256,839,636,1
257,493,336,1
258,458,56,1
259,688,995,1
260,130,12,1
261,203,923,0
262,988,301,1
263,941,870,1
264,747,118,1
265,742,591,1
266,496,441,1
267,955,218,1
268,568,723,1
269,61,460,0
270,751,883,1
271,551,195,1
272,34,143,0
273,62,495,0
274,826,122,1
275,627,485,1
276,37,870,0
277,724,574,1
278,646,530,1
279,169,472,0
280,236,632,0
281,233,400,1
282,385,174,1
283,949,19,1
284,609,446,1
285,860,128,1
286,242,972,0
287,62,339,0
288,330,508,1
289,325,352,1
290,548,286,1
291,172,794,0
292,501,199,1
293,899,144,1
294,611,373,1
295,715,122,1
296,996,310,1
297,828,798,1
298,812,126,1
299,479,65,1
300,233,227,1
301,141,228,1
302,977,942,1
303,718,909,1
304,211,433,0
305,85,911,0
306,83,351,0
307,664,447,1
308,454,277,1
309,862,419,1
310,813,27,1
311,322,17,1
312,495,430,1
313,260,402,1
314,23,13,1
315,798,921,1
316,965,286,1
317,867,956,1
318,616,957,1
319,443,646,1
320,777,256,1
321,132,174,1
322,683,810,1
323,867,535,1
324,694,554,1
325,288,125,1
326,802,463,1
327,303,577,1
328,281,2,1
329,35,25,1
330,101,72,1
331,613,55,1
332,193,963,0
333,522,100,1
334,484,68,1
335,226,649,0
336,759,471,1
337,317,482,1
338,304,322,1
339,520,56,1
340,431,827,1
341,389,353,1
342,390,494,1
343,977,389,1
344,213,32,1
345,302,784,0
346,931,922,1
347,577,391,1
348,961,493,1
349,214,121,1
350,696,431,1
351,751,244,1
352,443,816,1
353,491,32,1
354,183,596,0
355,996,196,1
356,838,84,1
357,233,811,0
358,547,123,1
359,9,202,0
360,512,322,1
361,257,305,1
362,748,280,1
363,45,948,0
364,312,338,1
365,299,253,1
366,520,763,1
367,277,672,0
368,759,320,1
369,308,107,1
370,635,266,1
371,898,495,1
372,943,465,1
373,128,359,0
374,855,978,1
375,750,28,1
376,838,493,1
377,313,450,1
378,628,101,1
379,270,171,1
380,660,924,1
381,757,590,1
382,777,99,1
383,408,356,1
384,216,627,0
385,691,215,1
386,816,235,1
387,838,847,1
388,278,198,1
389,38,785,0
390,549,848,1
391,722,406,1
392,523,733,1
393,104,774,0
394,567,982,1
395,87,104,1
396,351,889,0
397,976,759,1
398,933,203,1
399,350,738,0
400,721,509,1
401,116,752,0
402,338,113,1
403,29,957,0
404,230,407,1
405,951,798,1
406,234,776,0
407,801,597,1
408,851,518,1
409,259,450,1
410,978,230,1
411,53,606,0
412,613,139,1
413,992,524,1
414,947,576,1
415,584,399,1
416,944,18,1
417,99,978,0
418,806,256,1
419,699,120,1
420,628,23,1
421,799,385,1
422,80,614,0
423,208,709,0
424,249,123,1
425,175,984,0
426,888,9,1
427,244,66,1
428,108,303,0
429,545,226,1
430,628,293,1
431,748,886,1
432,31,285,0
433,420,649,1
434,727,780,1
435,211,330,1
436,604,92,1
437,50,445,0
438,453,191,1
439,530,105,1
440,346,586,1
441,918,101,1
442,557,932,1
443,207,207,1
444,982,761,1
445,183,307,1
446,166,319,1
447,502,684,1
448,459,92,1
449,683,778,1
450,402,50,1
451,362,120,1
452,282,121,1
453,428,312,1
454,909,695,1
455,268,974,0
456,362,918,0
457,422,14,1
458,853,594,1
459,170,579,0
460,353,709,1
461,182,165,1
462,284,945,0
463,665,901,1
464,184,194,1
465,612,400,1
466,369,93,1
467,843,742,1
468,930,529,1
469,249,798,0
470,674,801,1
471,242,304,1
472,532,826,1
473,985,150,1
474,933,447,1
475,346,303,1
476,47,399,0
477,570,194,1
478,386,944,0
479,298,924,0
480,33,826,0
481,851,7,1
482,354,306,1
483,475,655,1
484,751,977,1
485,477,577,1
486,970,73,1
487,799,18,1
488,574,284,1
489,421,497,1
490,328,616,1
491,659,754,1
492,844,227,1
493,855,160,1
494,452,255,1
495,381,262,1
496,347,802,0
497,36,43,1
498,840,732,1
499,493,424,1
500,494,366,1
