n 2000
c 676634
z 923022
time 0.00
1,319,970,0
2,43,427,0
3,641,725,1
4,905,890,1
5,10,535,0
6,14,584,0
7,538,256,1
8,752,962,1
9,231,728,0
10,71,385,0
11,1000,782,1
12,792,106,1
13,36,255,0
14,111,283,0
15,768,839,1
16,977,243,1
17,367,296,1
18,199,543,0
19,747,92,1
20,302,189,1
21,42,776,0
22,420,710,1
23,237,863,0
24,13,389,0
25,186,927,0
26,11,15,1
27,761,61,1
28,436,702,1
29,723,808,1
30,885,150,1
31,918,60,1
32,469,738,1
33,349,910,0
34,268,964,0
35,36,679,0
36,714,656,1
37,330,759,0
38,932,987,1
39,743,911,1
40,440,213,1
41,965,914,1
42,194,1000,0
43,90,441,0
44,48,204,0
45,923,522,1
46,752,377,1
47,181,284,1
48,681,960,1
49,133,986,0
50,806,903,1
51,264,593,0
52,655,311,1
53,764,936,1
54,658,99,1
55,509,547,1
56,79,958,0
57,883,444,1
58,17,441,0
59,57,903,0
60,528,289,1
61,793,7,1
62,235,537,0
63,642,946,1
64,370,633,1
65,763,526,1
66,738,243,1
67,186,975,0
68,938,245,1
69,509,807,1
70,42,960,0
71,818,32,1
72,884,100,1
73,474,33,1
74,570,414,1
75,479,410,1
76,63,759,0
77,167,205,1
78,986,370,1
79,369,475,1
80,932,793,1
81,572,120,1
82,363,556,1
83,606,229,1
84,559,552,1
85,210,712,0
86,777,264,1
87,483,930,1
88,716,915,1
89,509,725,1
90,827,554,1
91,747,359,1
92,74,43,1
93,290,935,0
94,377,366,1
95,261,219,1
96,475,772,1
97,922,764,1
98,29,463,0
99,489,303,1
100,449,539,1
101,693,88,1
102,922,775,1
103,467,461,1
104,466,63,1
105,736,308,1
106,920,417,1
107,495,874,1
108,597,817,1
109,63,489,0
110,533,876,1
111,314,741,0
112,67,366,0
113,746,396,1
114,28,752,0
115,183,872,0
116,118,577,0
117,812,658,1
118,858,184,1
119,895,612,1
120,68,139,0
121,910,98,1
122,499,103,1
123,423,902,0
124,452,933,0
125,984,704,1
126,713,45,1
127,901,902,1
128,647,698,1
129,528,565,1
130,861,842,1
131,227,572,0
132,984,280,1
133,593,33,1
134,539,239,1
135,2,819,0
136,172,21,1
137,837,948,1
138,26,545,0
139,848,48,1
140,962,139,1
141,563,662,1
142,265,303,1
143,594,250,1
144,412,30,1
145,561,876,1
146,483,825,1
147,106,65,1
148,940,82,1
149,825,787,1
150,195,265,1
151,49,464,0
152,935,7,1
153,56,748,0
154,8,707,0
155,573,796,1
156,589,327,1
157,178,585,0
158,802,310,1
159,172,548,0
160,510,276,1
161,55,196,0
162,458,977,0
163,343,217,1
164,30,396,0
165,841,860,1
166,678,713,1
167,528,5,1
168,657,574,1
169,131,992,0
170,298,912,0
171,795,581,1
172,983,924,1
173,411,459,1
174,423,332,1
175,880,673,1
176,969,345,1
177,232,833,0
178,799,904,1
179,487,121,1
180,353,746,0
181,900,918,1
182,478,755,1
183,458,159,1
184,470,519,1
185,642,715,1
186,210,84,1
187,198,313,1
188,437,944,0
189,304,986,0
190,980,40,1
191,641,181,1
192,880,57,1
193,262,415,1
194,765,23,1
195,437,156,1
196,554,360,1
197,957,646,1
198,937,500,1
199,203,361,1
200,49,708,0
201,129,833,0
202,238,595,0
203,153,513,0
204,515,749,1
205,79,729,0
206,333,771,0
207,340,411,1
208,56,488,0
209,375,610,1
210,704,708,1
211,422,607,1
212,70,690,0
213,794,913,1
214,410,7,1
215,152,864,0
216,911,282,1
217,92,879,0
218,530,546,1
219,984,732,1
220,484,73,1
221,906,988,1
222,239,931,0
223,468,152,1
224,813,362,1
225,37,918,0
226,980,930,1
227,557,382,1
228,422,740,1
229,173,402,0
230,333,929,0
231,549,880,1
232,140,53,1
233,479,943,1
234,832,245,1
235,928,684,1
236,469,878,1
237,431,656,1
238,397,860,0
239,670,135,1
240,763,387,1
241,190,936,0
242,222,966,0
243,55,860,0
244,817,82,1
245,12,661,0
246,599,949,1
247,557,244,1
248,52,112,0
249,342,375,1
250,38,823,0
251,45,85,0
252,402,809,0
253,169,959,0
254,667,304,1
255,413,614,1
256,326,119,1
257,852,227,1
258,193,795,0
259,71,750,0
260,185,679,0
261,578,78,1
262,883,32,1
263,588,777,1
264,714,529,1
265,37,866,0
266,543,348,1
267,810,333,1
268,159,262,1
269,188,543,0
270,446,302,1
271,206,542,0
272,417,122,1
273,485,610,1
274,929,205,1
275,498,112,1
276,884,177,1
277,699,33,1
278,765,285,1
279,624,387,1
280,851,603,1
281,72,163,0
282,968,665,1
283,916,926,1
284,88,97,1
285,131,267,0
286,561,543,1
287,645,310,1
288,505,7,1
289,724,763,1
290,907,817,1
291,395,925,0
292,788,922,1
293,762,163,1
294,618,392,1
295,626,997,1
296,211,729,0
297,315,65,1
298,875,953,1
299,678,980,1
300,904,678,1
301,60,567,0
302,440,97,1
303,245,16,1
304,322,532,1
305,628,642,1
306,66,290,0
307,367,770,0
308,685,400,1
309,853,94,1
310,692,86,1
311,825,220,1
312,782,841,1
313,499,973,1
314,670,848,1
315,61,244,0
316,316,441,1
317,634,311,1
318,983,24,1
319,866,57,1
320,464,699,1
321,787,217,1
322,738,341,1
323,930,458,1
324,125,933,0
325,199,112,1
326,753,298,1
327,862,964,1
328,528,381,1
329,82,148,1
330,140,171,1
331,972,738,1
332,440,662,1
333,337,31,1
334,707,991,1
335,569,852,1
336,942,442,1
337,748,461,1
338,503,629,1
339,823,723,1
340,318,910,0
341,348,236,1
342,21,113,0
343,224,24,1
344,564,99,1
345,949,283,1
346,658,549,1
347,808,66,1
348,184,472,0
349,61,708,0
350,703,490,1
351,358,471,1
352,274,251,1
353,842,35,1
354,62,175,0
355,963,263,1
356,573,927,1
357,656,526,1
358,770,878,1
359,48,373,0
360,911,613,1
361,632,540,1
362,899,371,1
363,564,887,1
364,55,357,0
365,898,1000,1
366,463,238,1
367,4,859,0
368,166,35,1
369,563,238,1
370,90,997,0
371,689,90,1
372,358,860,0
373,911,802,1
374,726,637,1
375,941,967,1
376,629,728,1
377,720,445,1
378,923,984,1
379,29,654,0
380,771,727,1
381,404,257,1
382,576,398,1
383,871,623,1
384,391,278,1
385,50,778,0
386,351,750,0
387,541,698,1
388,429,281,1
389,397,644,1
390,516,611,1
391,281,361,1
392,586,536,1
393,919,825,1
394,550,97,1
395,62,843,0
396,582,36,1
397,735,674,1
398,524,822,1
399,413,349,1
400,16,16,1
401,3,859,0
402,201,516,0
403,908,352,1
404,645,730,1
405,374,161,1
406,625,939,1
407,288,792,0
408,850,785,1
409,474,901,1
410,265,849,0
411,492,761,1
412,460,206,1
413,591,655,1
414,66,819,0
415,551,834,1
416,119,581,0
417,298,621,0
418,237,491,0
419,34,35,1
420,851,274,1
421,830,164,1
422,55,345,0
423,127,120,1
424,472,38,1
425,590,595,1
426,303,900,0
427,507,317,1
428,299,122,1
429,272,197,1
430,763,696,1
431,19,209,0
432,742,752,1
433,619,772,1
434,502,647,1
435,842,37,1
436,443,815,1
437,241,744,0
438,788,898,1
439,169,828,0
440,953,341,1
441,37,416,0
442,788,135,1
443,718,418,1
444,429,268,1
445,374,766,0
446,397,314,1
447,653,615,1
448,506,383,1
449,74,293,0
450,25,277,0
451,937,667,1
452,241,436,1
453,475,91,1
454,948,42,1
455,891,593,1
456,577,137,1
457,293,377,1
458,884,29,1
459,497,518,1
460,696,128,1
461,821,208,1
462,179,932,0
463,48,480,0
464,703,613,1
465,27,203,0
466,968,704,1
467,658,561,1
468,513,740,1
469,592,353,1
470,169,724,0
471,689,907,1
472,539,581,1
473,448,481,1
474,292,746,0
475,209,362,1
476,790,554,1
477,73,29,1
478,193,955,0
479,585,231,1
480,688,837,1
481,10,50,0
482,169,693,0
483,18,690,0
484,654,756,1
485,788,148,1
486,625,556,1
487,622,621,1
488,653,55,1
489,300,900,0
490,983,83,1
491,714,317,1
492,307,262,1
493,78,827,0
494,291,378,1
495,108,489,0
496,874,341,1
497,739,758,1
498,527,263,1
499,340,795,0
500,93,9,1
501,235,369,1
502,543,663,1
503,375,492,1
504,81,993,0
505,803,14,1
506,58,844,0
507,191,649,0
508,13,223,0
509,344,501,1
510,918,373,1
511,211,466,0
512,553,439,1
513,986,787,1
514,783,19,1
515,781,695,1
516,242,157,1
517,362,445,1
518,792,856,1
519,847,699,1
520,708,344,1
521,579,491,1
522,599,175,1
523,516,739,1
524,6,483,0
525,52,383,0
526,685,985,1
527,301,309,1
528,377,400,1
529,835,469,1
530,259,604,0
531,609,139,1
532,41,805,0
533,843,131,1
534,958,555,1
535,314,71,1
536,890,640,1
537,671,288,1
538,300,931,0
539,847,902,1
540,27,348,0
541,452,30,1
542,228,665,0
543,308,359,1
544,318,4,1
545,34,545,0
546,233,950,0
547,899,771,1
548,309,285,1
549,867,359,1
550,383,389,1
551,166,116,1
552,134,30,1
553,594,631,1
554,844,169,1
555,697,896,1
556,496,584,1
557,437,164,1
558,168,697,0
559,604,828,1
560,43,695,0
561,323,281,1
562,213,246,1
563,455,99,1
564,748,313,1
565,814,725,1
566,503,481,1
567,204,222,1
568,110,531,0
569,754,518,1
570,188,319,1
571,345,106,1
572,985,217,1
573,859,935,1
574,644,502,1
575,98,207,0
576,310,965,0
577,323,387,1
578,713,527,1
579,442,470,1
580,576,748,1
581,25,385,0
582,32,420,0
583,995,720,1
584,748,422,1
585,850,712,1
586,470,961,0
587,904,355,1
588,593,532,1
589,315,378,1
590,604,844,1
591,930,509,1
592,121,34,1
593,580,210,1
594,75,214,0
595,240,992,0
596,749,692,1
597,702,183,1
598,224,321,1
599,604,711,1
600,509,954,1
601,893,497,1
602,416,857,0
603,901,29,1
604,885,958,1
605,327,545,1
606,429,326,1
607,183,714,0
608,368,762,0
609,643,138,1
610,126,510,0
611,900,39,1
612,945,444,1
613,483,836,1
614,554,868,1
615,94,286,0
616,796,683,1
617,217,525,0
618,606,838,1
619,809,605,1
620,897,265,1
621,701,80,1
622,193,256,1
623,493,401,1
624,425,208,1
625,940,64,1
626,759,747,1
627,346,61,1
628,118,631,0
629,786,755,1
630,131,42,1
631,515,442,1
632,239,836,0
633,497,472,1
634,106,105,1
635,627,782,1
636,353,370,1
637,271,459,1
638,326,926,0
639,898,815,1
640,566,370,1
641,868,30,1
642,425,890,0
643,823,863,1
644,2,906,0
645,608,927,1
646,645,230,1
647,839,871,1
648,768,699,1
649,713,199,1
650,50,48,1
651,469,485,1
652,137,852,0
653,771,550,1
654,16,837,0
655,55,480,0
656,108,506,0
657,557,370,1
658,360,742,0
659,511,832,1
660,303,626,0
661,378,678,1
662,934,381,1
663,511,145,1
664,508,442,1
665,773,605,1
666,849,887,1
667,715,182,1
668,492,669,1
669,795,558,1
670,729,57,1
671,418,767,1
672,319,518,1
673,148,22,1
674,672,852,1
675,669,813,1
676,9,225,0
677,138,244,1
678,137,482,0
679,870,187,1
680,871,991,1
681,833,45,1
682,484,168,1
683,314,180,1
684,367,936,0
685,941,454,1
686,7,452,0
687,591,665,1
688,691,152,1
689,574,920,1
690,861,287,1
691,894,514,1
692,286,284,1
693,982,171,1
694,467,194,1
695,145,673,0
696,812,964,1
697,225,501,0
698,781,698,1
699,517,76,1
700,894,200,1
701,227,90,1
702,477,245,1
703,297,386,1
704,636,389,1
705,13,571,0
706,908,995,1
707,85,922,0
708,824,807,1
709,145,296,0
710,223,232,1
711,484,537,1
712,129,302,0
713,969,489,1
714,938,310,1
715,873,586,1
716,549,251,1
717,859,94,1
718,920,77,1
719,581,45,1
720,949,993,1
721,455,580,1
722,272,629,0
723,287,890,0
724,252,670,0
725,662,432,1
726,713,128,1
727,794,933,1
728,784,97,1
729,469,779,1
730,807,434,1
731,554,233,1
732,911,947,1
733,863,206,1
734,258,578,0
735,94,311,0
736,403,16,1
737,686,365,1
738,334,472,1
739,55,854,0
740,422,877,0
741,267,574,0
742,181,799,0
743,511,722,1
744,574,329,1
745,569,328,1
746,238,258,1
747,459,366,1
748,161,589,0
749,13,638,0
750,65,160,0
751,153,827,0
752,882,878,1
753,280,356,1
754,96,481,0
755,418,481,1
756,978,320,1
757,731,454,1
758,288,800,0
759,344,59,1
760,303,698,0
761,905,253,1
762,789,569,1
763,9,789,0
764,247,774,0
765,736,875,1
766,585,994,1
767,274,423,1
768,517,47,1
769,655,787,1
770,756,499,1
771,475,752,1
772,339,10,1
773,97,572,0
774,133,783,0
775,593,445,1
776,870,951,1
777,617,549,1
778,239,851,0
779,303,849,0
780,13,264,0
781,900,904,1
782,212,892,0
783,435,276,1
784,370,998,0
785,953,976,1
786,702,514,1
787,815,967,1
788,318,281,1
789,587,852,1
790,1000,473,1
791,277,404,1
792,760,238,1
793,301,28,1
794,9,756,0
795,25,15,1
796,647,816,1
797,588,888,1
798,256,234,1
799,531,929,1
800,995,425,1
801,225,310,1
802,136,499,0
803,826,593,1
804,263,455,1
805,292,611,0
806,941,786,1
807,417,691,1
808,89,322,0
809,377,350,1
810,445,946,0
811,365,555,1
812,680,722,1
813,454,809,1
814,744,97,1
815,524,192,1
816,261,962,0
817,378,137,1
818,968,602,1
819,455,171,1
820,18,194,0
821,640,203,1
822,265,876,0
823,656,951,1
824,405,286,1
825,993,215,1
826,769,838,1
827,972,592,1
828,13,841,0
829,709,303,1
830,625,669,1
831,458,662,1
832,459,983,0
833,498,542,1
834,321,849,0
835,458,745,1
836,762,900,1
837,426,450,1
838,735,686,1
839,279,308,1
840,400,567,1
841,698,187,1
842,776,974,1
843,349,323,1
844,82,3,1
845,45,228,0
846,141,681,0
847,178,78,1
848,611,850,1
849,732,959,1
850,776,614,1
851,392,662,1
852,133,802,0
853,616,403,1
854,971,705,1
855,793,181,1
856,77,194,0
857,646,847,1
858,143,213,1
859,913,904,1
860,923,115,1
861,786,621,1
862,826,17,1
863,880,286,1
864,303,536,1
865,868,90,1
866,119,957,0
867,853,663,1
868,53,560,0
869,877,578,1
870,394,539,1
871,443,559,1
872,721,873,1
873,226,278,1
874,657,80,1
875,39,314,0
876,507,124,1
877,80,375,0
878,907,42,1
879,799,39,1
880,892,406,1
881,165,297,1
882,532,657,1
883,588,856,1
884,959,322,1
885,957,715,1
886,887,503,1
887,528,846,1
888,376,993,0
889,274,772,0
890,346,834,0
891,993,726,1
892,624,636,1
893,267,61,1
894,925,399,1
895,268,416,1
896,534,710,1
897,709,434,1
898,690,662,1
899,434,812,1
900,734,180,1
901,20,650,0
902,894,794,1
903,173,941,0
904,886,950,1
905,947,461,1
906,662,504,1
907,83,904,0
908,604,301,1
909,879,779,1
910,227,644,0
911,594,475,1
912,761,789,1
913,311,489,1
914,782,633,1
915,658,200,1
916,280,962,0
917,358,364,1
918,644,159,1
919,550,473,1
920,278,260,1
921,887,685,1
922,546,940,1
923,546,755,1
924,724,236,1
925,632,853,1
926,913,534,1
927,437,357,1
928,760,206,1
929,103,80,1
930,611,549,1
931,536,887,1
932,551,535,1
933,823,604,1
934,859,899,1
935,678,149,1
936,470,183,1
937,812,584,1
938,673,541,1
939,857,972,1
940,43,677,0
941,994,439,1
942,419,256,1
943,251,153,1
944,736,423,1
945,457,484,1
946,909,302,1
947,874,399,1
948,824,577,1
949,227,517,0
950,969,497,1
951,905,911,1
952,720,538,1
953,924,611,1
954,935,228,1
955,493,470,1
956,551,125,1
957,337,389,1
958,382,263,1
959,85,748,0
960,325,755,0
961,409,322,1
962,384,225,1
963,865,969,1
964,895,19,1
965,166,973,0
966,842,45,1
967,556,665,1
968,537,387,1
969,804,80,1
970,456,104,1
971,482,510,1
972,522,205,1
973,369,84,1
974,717,750,1
975,410,434,1
976,499,925,1
977,467,956,0
978,625,434,1
979,204,68,1
980,983,312,1
981,460,888,1
982,848,948,1
983,907,303,1
984,148,84,1
985,777,997,1
986,249,818,0
987,683,80,1
988,185,324,1
989,910,759,1
990,756,330,1
991,475,366,1
992,357,555,1
993,755,856,1
994,35,811,0
995,580,810,1
996,390,613,1
997,722,128,1
998,49,713,0
999,625,414,1
1000,831,75,1
1001,101,397,0
1002,645,208,1
1003,397,848,0
1004,655,605,1
1005,484,450,1
1006,7,110,0
1007,215,461,0
1008,337,887,0
1009,245,777,0
1010,794,571,1
1011,968,192,1
1012,446,78,1
1013,778,594,1
1014,872,729,1
1015,298,922,0
1016,228,2,1
1017,702,780,1
1018,17,893,0
1019,811,377,1
1020,882,44,1
1021,311,897,0
1022,27,614,0
1023,984,707,1
1024,729,103,1
1025,789,260,1
1026,34,987,0
1027,466,921,1
1028,276,248,1
1029,689,763,1
1030,393,775,1
1031,483,423,1
1032,400,390,1
1033,607,174,1
1034,735,302,1
1035,609,376,1
1036,508,772,1
1037,524,8,1
1038,915,407,1
1039,370,564,1
1040,378,925,0
1041,423,187,1
1042,392,769,1
1043,814,251,1
1044,444,429,1
1045,915,350,1
1046,985,576,1
1047,856,800,1
1048,511,220,1
1049,571,304,1
1050,957,846,1
1051,532,40,1
1052,282,827,0
1053,965,763,1
1054,164,852,0
1055,370,963,0
1056,687,110,1
1057,639,363,1
1058,479,304,1
1059,417,279,1
1060,465,410,1
1061,909,311,1
1062,747,270,1
1063,220,186,1
1064,724,902,1
1065,288,964,0
1066,998,634,1
1067,800,542,1
1068,256,211,1
1069,271,367,1
1070,832,689,1
1071,107,916,0
1072,158,582,0
1073,650,97,1
1074,971,485,1
1075,198,796,0
1076,856,746,1
1077,137,738,0
1078,955,448,1
1079,564,496,1
1080,373,857,0
1081,257,504,0
1082,647,333,1
1083,320,966,0
1084,714,154,1
1085,590,262,1
1086,781,43,1
1087,146,965,0
1088,233,449,1
1089,898,672,1
1090,841,115,1
1091,914,940,1
1092,397,507,1
1093,12,907,0
1094,814,687,1
1095,155,15,1
1096,700,601,1
1097,241,639,0
1098,250,403,1
1099,337,220,1
1100,651,618,1
1101,935,990,1
1102,878,430,1
1103,123,528,0
1104,621,259,1
1105,156,844,0
1106,276,839,0
1107,185,460,0
1108,932,704,1
1109,955,870,1
1110,647,201,1
1111,446,611,1
1112,806,913,1
1113,150,301,0
1114,501,57,1
1115,286,563,1
1116,872,824,1
1117,708,890,1
1118,616,181,1
1119,25,153,0
1120,630,951,1
1121,404,505,1
1122,208,412,0
1123,38,975,0
1124,977,420,1
1125,64,384,0
1126,914,210,1
1127,16,888,0
1128,646,983,1
1129,795,62,1
1130,292,10,1
1131,908,112,1
1132,749,432,1
1133,219,662,0
1134,646,236,1
1135,312,21,1
1136,975,939,1
1137,815,907,1
1138,585,30,1
1139,398,706,1
1140,623,333,1
1141,520,604,1
1142,907,301,1
1143,326,321,1
1144,586,574,1
1145,780,775,1
1146,913,243,1
1147,919,142,1
1148,246,974,0
1149,942,238,1
1150,76,703,0
1151,406,288,1
1152,310,881,0
1153,703,999,1
1154,84,170,0
1155,932,153,1
1156,899,685,1
1157,648,301,1
1158,327,174,1
1159,507,147,1
1160,820,521,1
1161,101,898,0
1162,146,271,1
1163,769,242,1
1164,903,654,1
1165,434,975,0
1166,742,419,1
1167,236,94,1
1168,109,295,0
1169,641,191,1
1170,972,19,1
1171,348,15,1
1172,425,546,1
1173,410,609,1
1174,777,722,1
1175,612,361,1
1176,185,309,1
1177,801,565,1
1178,58,890,0
1179,137,392,0
1180,27,988,0
1181,460,468,1
1182,888,940,1
1183,352,242,1
1184,97,207,0
1185,298,665,0
1186,229,774,0
1187,124,50,1
1188,765,166,1
1189,516,820,1
1190,901,844,1
1191,605,936,1
1192,245,511,0
1193,822,347,1
1194,30,545,0
1195,441,651,1
1196,15,923,0
1197,583,80,1
1198,7,644,0
1199,790,473,1
1200,269,238,1
1201,268,272,1
1202,948,526,1
1203,621,403,1
1204,890,734,1
1205,896,472,1
1206,496,600,1
1207,105,92,1
1208,411,65,1
1209,199,224,1
1210,912,535,1
1211,445,240,1
1212,711,41,1
1213,398,225,1
1214,718,682,1
1215,609,239,1
1216,751,841,1
1217,989,568,1
1218,396,128,1
1219,869,17,1
1220,582,470,1
1221,260,554,0
1222,980,691,1
1223,820,136,1
1224,49,424,0
1225,384,720,1
1226,118,833,0
1227,482,299,1
1228,7,696,0
1229,47,650,0
1230,234,967,0
1231,30,607,0
1232,713,850,1
1233,567,149,1
1234,9,830,0
1235,208,782,0
1236,643,818,1
1237,611,231,1
1238,535,89,1
1239,195,713,0
1240,553,184,1
1241,989,607,1
1242,420,218,1
1243,812,207,1
1244,778,78,1
1245,364,295,1
1246,158,969,0
1247,696,710,1
1248,312,198,1
1249,656,412,1
1250,399,255,1
1251,706,654,1
1252,350,38,1
1253,136,626,0
1254,373,236,1
1255,98,211,0
1256,120,933,0
1257,650,114,1
1258,284,374,1
1259,718,585,1
1260,949,261,1
1261,555,397,1
1262,150,252,1
1263,724,40,1
1264,504,105,1
1265,762,967,1
1266,403,596,1
1267,333,119,1
1268,66,21,1
1269,881,303,1
1270,784,346,1
1271,148,42,1
1272,785,475,1
1273,243,179,1
1274,500,66,1
1275,109,797,0
1276,820,642,1
1277,207,158,1
1278,54,971,0
1279,102,584,0
1280,765,206,1
1281,659,540,1
1282,568,643,1
1283,320,363,1
1284,445,789,1
1285,561,394,1
1286,214,319,1
1287,662,321,1
1288,266,438,1
1289,644,808,1
1290,391,866,0
1291,484,486,1
1292,947,793,1
1293,587,616,1
1294,778,794,1
1295,704,627,1
1296,690,979,1
1297,821,702,1
1298,202,552,0
1299,261,102,1
1300,793,41,1
1301,331,607,1
1302,811,870,1
1303,827,12,1
1304,549,553,1
1305,138,692,0
1306,394,552,1
1307,999,617,1
1308,398,622,1
1309,877,646,1
1310,975,349,1
1311,257,444,1
1312,260,339,1
1313,910,201,1
1314,750,262,1
1315,112,230,0
1316,323,36,1
1317,701,867,1
1318,761,59,1
1319,495,345,1
1320,751,210,1
1321,295,411,1
1322,503,938,1
1323,84,194,0
1324,856,437,1
1325,272,828,0
1326,840,449,1
1327,187,792,0
1328,575,297,1
1329,337,241,1
1330,543,785,1
1331,182,885,0
1332,567,995,1
1333,986,552,1
1334,406,547,1
1335,152,226,1
1336,76,83,1
1337,632,665,1
1338,972,844,1
1339,964,596,1
1340,398,314,1
1341,784,30,1
1342,474,378,1
1343,498,699,1
1344,959,795,1
1345,337,722,0
1346,473,430,1
1347,3,167,0
1348,80,659,0
1349,910,76,1
1350,21,545,0
1351,551,523,1
1352,280,98,1
1353,441,379,1
1354,764,553,1
1355,102,428,0
1356,932,889,1
1357,617,792,1
1358,175,603,0
1359,355,809,0
1360,71,419,0
1361,204,657,0
1362,872,600,1
1363,666,977,1
1364,907,830,1
1365,749,634,1
1366,786,330,1
1367,299,218,1
1368,942,705,1
1369,398,835,0
1370,428,829,1
1371,419,334,1
1372,902,581,1
1373,127,319,0
1374,21,368,0
1375,922,973,1
1376,669,470,1
1377,837,544,1
1378,889,715,1
1379,927,327,1
1380,333,81,1
1381,435,958,0
1382,482,25,1
1383,870,953,1
1384,299,549,1
1385,700,391,1
1386,23,301,0
1387,90,549,0
1388,432,4,1
1389,470,733,1
1390,192,6,1
1391,562,340,1
1392,147,560,0
1393,216,813,0
1394,719,284,1
1395,367,357,1
1396,799,680,1
1397,980,764,1
1398,312,242,1
1399,36,348,0
1400,475,42,1
1401,381,514,1
1402,409,756,1
1403,396,790,0
1404,477,96,1
1405,369,296,1
1406,42,312,0
1407,816,41,1
1408,677,853,1
1409,968,627,1
1410,814,574,1
1411,894,598,1
1412,304,31,1
1413,972,848,1
1414,160,474,0
1415,498,344,1
1416,570,436,1
1417,646,400,1
1418,590,566,1
1419,56,748,0
1420,786,854,1
1421,38,771,0
1422,1,514,0
1423,919,137,1
1424,649,193,1
1425,323,702,0
1426,58,494,0
1427,839,647,1
1428,179,802,0
1429,95,879,0
1430,806,396,1
1431,395,433,1
1432,371,455,1
1433,844,565,1
1434,123,320,0
1435,304,461,1
1436,571,731,1
1437,512,458,1
1438,376,841,0
1439,691,752,1
1440,401,168,1
1441,564,307,1
1442,680,423,1
1443,879,604,1
1444,179,692,0
1445,313,188,1
1446,503,501,1
1447,140,163,1
1448,940,607,1
1449,801,421,1
1450,987,766,1
1451,272,339,1
1452,859,865,1
1453,324,377,1
1454,987,329,1
1455,434,113,1
1456,987,414,1
1457,55,340,0
1458,963,198,1
1459,177,696,0
1460,853,763,1
1461,430,794,1
1462,102,416,0
1463,481,809,1
1464,335,576,1
1465,107,829,0
1466,706,186,1
1467,781,890,1
1468,928,565,1
1469,924,877,1
1470,247,692,0
1471,245,433,1
1472,97,206,0
1473,120,174,1
1474,808,158,1
1475,594,80,1
1476,957,233,1
1477,962,247,1
1478,319,849,0
1479,13,744,0
1480,329,885,0
1481,44,463,0
1482,580,626,1
1483,587,63,1
1484,580,43,1
1485,757,928,1
1486,879,328,1
1487,483,508,1
1488,719,998,1
1489,251,166,1
1490,385,531,1
1491,709,879,1
1492,406,252,1
1493,201,695,0
1494,183,629,0
1495,316,492,1
1496,925,588,1
1497,770,329,1
1498,94,602,0
1499,525,670,1
1500,156,159,1
1501,251,552,0
1502,383,785,0
1503,453,342,1
1504,443,832,1
1505,116,815,0
1506,588,346,1
1507,911,994,1
1508,741,542,1
1509,367,660,1
1510,505,479,1
1511,851,960,1
1512,497,687,1
1513,719,142,1
1514,507,253,1
1515,167,915,0
1516,796,181,1
1517,162,336,0
1518,436,898,0
1519,954,842,1
1520,63,354,0
1521,951,469,1
1522,740,918,1
1523,59,205,0
1524,591,444,1
1525,656,107,1
1526,721,724,1
1527,886,769,1
1528,263,827,0
1529,625,282,1
1530,328,39,1
1531,726,593,1
1532,911,32,1
1533,726,268,1
1534,625,919,1
1535,876,244,1
1536,912,750,1
1537,936,804,1
1538,582,275,1
1539,510,44,1
1540,773,819,1
1541,952,265,1
1542,739,431,1
1543,1000,218,1
1544,740,661,1
1545,226,786,0
1546,727,933,1
1547,230,565,0
1548,434,726,1
1549,923,480,1
1550,994,845,1
1551,415,610,1
1552,362,401,1
1553,67,17,1
1554,516,750,1
1555,11,498,0
1556,222,173,1
1557,156,625,0
1558,172,596,0
1559,454,833,1
1560,996,999,1
1561,648,608,1
1562,838,986,1
1563,370,898,0
1564,105,465,0
1565,142,249,1
1566,811,31,1
1567,112,46,1
1568,993,831,1
1569,69,326,0
1570,412,619,1
1571,663,4,1
1572,133,247,1
1573,582,815,1
1574,95,248,0
1575,595,951,1
1576,538,126,1
1577,358,874,0
1578,880,619,1
1579,551,413,1
1580,352,751,0
1581,713,905,1
1582,33,882,0
1583,322,948,0
1584,472,644,1
1585,688,897,1
1586,626,389,1
1587,750,565,1
1588,285,284,1
1589,91,943,0
1590,544,406,1
1591,667,195,1
1592,347,598,1
1593,199,282,1
1594,226,411,1
1595,144,418,0
1596,507,98,1
1597,737,302,1
1598,214,952,0
1599,930,82,1
1600,324,652,0
1601,737,237,1
1602,448,656,1
1603,579,698,1
1604,947,58,1
1605,120,701,0
1606,612,907,1
1607,772,439,1
1608,780,75,1
1609,953,966,1
1610,758,374,1
1611,890,845,1
1612,149,295,1
1613,539,891,1
1614,249,536,0
1615,252,562,0
1616,945,635,1
1617,220,382,1
1618,836,608,1
1619,250,967,0
1620,299,580,1
1621,903,813,1
1622,374,786,0
1623,871,848,1
1624,502,248,1
1625,727,913,1
1626,890,81,1
1627,968,409,1
1628,716,554,1
1629,353,4,1
1630,363,604,1
1631,11,736,0
1632,451,701,1
1633,445,320,1
1634,633,170,1
1635,192,232,1
1636,328,269,1
1637,253,780,0
1638,674,767,1
1639,787,417,1
1640,768,195,1
1641,117,672,0
1642,746,919,1
1643,159,394,0
1644,250,919,0
1645,1,509,0
1646,538,400,1
1647,508,618,1
1648,942,814,1
1649,337,831,0
1650,708,130,1
1651,697,8,1
1652,8,995,0
1653,119,613,0
1654,316,719,0
1655,570,743,1
1656,365,303,1
1657,198,973,0
1658,56,501,0
1659,674,294,1
1660,51,330,0
1661,789,554,1
1662,481,224,1
1663,786,210,1
1664,781,89,1
1665,322,824,0
1666,120,739,0
1667,96,723,0
1668,349,736,0
1669,47,275,0
1670,761,622,1
1671,936,134,1
1672,144,159,1
1673,48,397,0
1674,706,254,1
1675,726,183,1
1676,245,759,0
1677,106,279,0
1678,892,865,1
1679,361,92,1
1680,997,148,1
1681,773,845,1
1682,145,593,0
1683,642,975,1
1684,220,418,1
1685,195,60,1
1686,652,982,1
1687,26,946,0
1688,638,1,1
1689,334,253,1
1690,747,462,1
1691,415,842,0
1692,354,130,1
1693,133,545,0
1694,952,687,1
1695,62,845,0
1696,810,585,1
1697,783,724,1
1698,739,800,1
1699,154,14,1
1700,857,955,1
1701,533,780,1
1702,297,877,0
1703,851,430,1
1704,307,599,1
1705,436,792,1
1706,8,434,0
1707,464,666,1
1708,447,367,1
1709,57,755,0
1710,24,253,0
1711,485,489,1
1712,56,149,0
1713,914,992,1
1714,858,557,1
1715,245,309,1
1716,671,936,1
1717,435,669,1
1718,940,495,1
1719,496,231,1
1720,354,302,1
1721,750,402,1
1722,635,693,1
1723,165,732,0
1724,936,929,1
1725,945,345,1
1726,176,959,0
1727,97,892,0
1728,962,148,1
1729,516,957,1
1730,163,884,0
1731,846,687,1
1732,923,997,1
1733,32,332,0
1734,338,135,1
1735,709,968,1
1736,401,330,1
1737,56,671,0
1738,826,964,1
1739,171,484,0
1740,353,534,1
1741,883,887,1
1742,620,961,1
1743,775,769,1
1744,710,42,1
1745,359,967,0
1746,337,304,1
1747,370,313,1
1748,633,646,1
1749,247,286,1
1750,406,233,1
1751,301,654,0
1752,314,167,1
1753,478,131,1
1754,729,346,1
1755,902,93,1
1756,965,192,1
1757,409,633,1
1758,209,592,0
1759,578,893,1
1760,638,435,1
1761,265,802,0
1762,385,389,1
1763,524,895,1
1764,837,135,1
1765,382,894,0
1766,541,82,1
1767,588,493,1
1768,82,209,0
1769,748,691,1
1770,346,43,1
1771,801,332,1
1772,482,252,1
1773,113,195,1
1774,850,536,1
1775,903,836,1
1776,54,195,0
1777,980,371,1
1778,894,656,1
1779,297,612,0
1780,363,611,1
1781,295,960,0
1782,473,165,1
1783,288,32,1
1784,660,508,1
1785,582,817,1
1786,859,468,1
1787,744,413,1
1788,242,758,0
1789,398,258,1
1790,147,252,1
1791,282,625,0
1792,876,918,1
1793,582,533,1
1794,571,100,1
1795,820,797,1
1796,430,544,1
1797,328,248,1
1798,208,6,1
1799,154,180,1
1800,918,772,1
1801,488,987,0
1802,999,896,1
1803,56,451,0
1804,553,235,1
1805,531,17,1
1806,145,584,0
1807,966,289,1
1808,866,224,1
1809,425,580,1
1810,807,661,1
1811,234,518,0
1812,179,849,0
1813,932,474,1
1814,621,226,1
1815,376,685,1
1816,738,756,1
1817,446,772,1
1818,787,260,1
1819,493,491,1
1820,349,181,1
1821,390,59,1
1822,943,432,1
1823,935,719,1
1824,525,804,1
1825,787,380,1
1826,907,328,1
1827,430,618,1
1828,78,513,0
1829,927,763,1
1830,309,461,1
1831,654,422,1
1832,925,322,1
1833,132,784,0
1834,377,787,0
1835,146,561,0
1836,856,768,1
1837,962,734,1
1838,825,666,1
1839,562,496,1
1840,169,896,0
1841,887,345,1
1842,141,240,1
1843,557,422,1
1844,739,165,1
1845,117,981,0
1846,99,433,0
1847,847,148,1
1848,731,528,1
1849,31,131,0
1850,567,778,1
1851,652,824,1
1852,72,842,0
1853,67,790,0
1854,611,927,1
1855,938,664,1
1856,490,38,1
1857,9,655,0
1858,976,10,1
1859,699,318,1
1860,78,674,0
1861,105,246,0
1862,643,653,1
1863,608,411,1
1864,608,988,1
1865,73,858,0
1866,704,171,1
1867,150,525,0
1868,358,582,1
1869,669,205,1
1870,762,445,1
1871,268,59,1
1872,940,948,1
1873,892,899,1
1874,769,337,1
1875,907,989,1
1876,290,618,0
1877,137,249,1
1878,545,498,1
1879,60,982,0
1880,159,720,0
1881,815,655,1
1882,777,661,1
1883,197,436,0
1884,905,472,1
1885,460,112,1
1886,113,495,0
1887,460,68,1
1888,722,44,1
1889,502,839,1
1890,186,729,0
1891,873,360,1
1892,4,274,0
1893,952,698,1
1894,514,638,1
1895,688,634,1
1896,205,97,1
1897,509,912,1
1898,925,593,1
1899,596,872,1
1900,436,875,0
1901,851,980,1
1902,68,346,0
1903,541,464,1
1904,257,35,1
1905,138,25,1
1906,953,39,1
1907,547,74,1
1908,712,174,1
1909,834,637,1
1910,288,597,0
1911,567,955,1
1912,990,755,1
1913,992,680,1
1914,56,14,1
1915,664,86,1
1916,2,621,0
1917,960,756,1
1918,255,969,0
1919,332,666,0
1920,181,493,0
1921,572,988,1
1922,513,527,1
1923,274,913,0
1924,618,586,1
1925,395,990,0
1926,946,129,1
1927,342,692,0
1928,614,594,1
1929,818,923,1
1930,238,605,0
1931,117,169,1
1932,216,192,1
1933,222,980,0
1934,103,880,0
1935,68,23,1
1936,425,910,0
1937,456,988,0
1938,663,315,1
1939,876,686,1
1940,765,50,1
1941,663,466,1
1942,441,216,1
1943,9,490,0
1944,256,394,1
1945,288,93,1
1946,564,308,1
1947,150,927,0
1948,266,521,1
1949,945,632,1
1950,287,100,1
1951,210,171,1
1952,819,42,1
1953,121,237,1
1954,862,857,1
1955,613,904,1
1956,750,761,1
1957,962,740,1
1958,123,862,0
1959,739,969,1
1960,514,703,1
1961,703,339,1
1962,125,894,0
1963,439,73,1
1964,131,500,0
1965,85,60,1
1966,876,537,1
1967,33,57,1
1968,301,844,0
1969,229,76,1
1970,218,901,0
1971,432,81,1
1972,489,845,1
1973,392,55,1
1974,19,806,0
1975,456,620,1
1976,990,565,1
1977,225,575,0
1978,293,32,1
1979,869,238,1
1980,713,333,1
1981,367,460,1
1982,568,785,1
1983,757,158,1
1984,308,106,1
1985,287,979,0
1986,983,170,1
1987,338,526,1
1988,330,712,0
1989,45,809,0
1990,669,340,1
1991,861,272,1
1992,704,463,1
1993,148,599,0
1994,760,677,1
1995,460,992,0
1996,734,368,1
1997,329,509,1
1998,169,522,0
1999,460,654,1
2000,236,447,1
