n 2000
c 507270
z 814396
time 0.00
1,439,546,1
2,227,875,0
3,161,221,0
4,81,994,0
5,386,535,0
6,334,960,0
7,162,8,1
8,376,226,1
9,135,104,1
10,503,937,0
11,776,750,1
12,352,122,1
13,180,935,0
14,967,923,1
15,896,975,1
16,97,27,1
17,47,608,0
18,887,959,1
19,579,300,1
20,718,301,1
21,770,464,1
22,524,846,0
23,597,791,1
24,629,365,1
25,570,311,1
26,323,455,0
27,273,205,1
28,332,558,0
29,835,424,1
30,333,742,0
31,174,532,0
32,45,546,0
33,397,278,1
34,740,940,1
35,660,807,1
36,786,432,1
37,410,999,0
38,236,675,0
39,295,151,1
40,824,525,1
41,765,250,1
42,562,384,1
43,218,953,0
44,688,908,1
45,27,42,0
46,1000,193,1
47,613,932,0
48,377,488,1
49,701,474,1
50,926,343,1
51,696,313,1
52,575,495,1
53,276,480,0
54,898,883,1
55,37,435,0
56,871,110,1
57,259,652,0
58,729,17,1
59,97,319,0
60,624,761,1
61,169,999,0
62,339,537,0
63,154,338,0
64,538,577,1
65,755,294,1
66,546,771,0
67,738,71,1
68,970,669,1
69,373,535,0
70,626,192,1
71,82,104,1
72,532,68,1
73,106,601,0
74,562,566,1
75,791,202,1
76,223,775,0
77,55,301,0
78,738,34,1
79,17,203,0
80,260,145,1
81,532,720,0
82,835,812,1
83,774,301,1
84,743,80,1
85,74,688,0
86,729,400,1
87,571,274,1
88,588,795,0
89,597,61,1
90,147,562,0
91,107,639,0
92,506,291,1
93,538,719,1
94,769,510,1
95,957,603,1
96,339,820,0
97,146,196,0
98,317,103,1
99,713,359,1
100,601,771,1
101,693,208,1
102,530,23,1
103,499,365,1
104,34,775,0
105,704,740,1
106,320,105,1
107,743,42,1
108,109,601,0
109,831,257,1
110,645,244,1
111,418,477,1
112,179,750,0
113,522,756,0
114,572,800,0
115,495,440,1
116,774,849,1
117,516,650,1
118,138,560,0
119,263,916,0
120,668,779,1
121,702,522,1
122,787,135,1
123,167,998,0
124,452,61,1
125,688,704,1
126,473,957,0
127,277,414,0
128,407,706,0
129,544,637,1
130,925,690,1
131,195,292,0
132,512,16,1
133,705,809,1
134,67,159,0
135,778,267,1
136,356,453,1
137,621,884,0
138,362,721,0
139,408,48,1
140,106,683,0
141,579,854,0
142,393,711,0
143,610,634,1
144,556,894,0
145,497,948,0
146,267,529,0
147,242,689,0
148,76,386,0
149,481,91,1
150,219,601,0
151,985,296,1
152,767,623,1
153,168,932,0
154,664,427,1
155,685,316,1
156,837,567,1
157,842,585,1
158,810,94,1
159,348,980,0
160,814,228,1
161,343,244,1
162,338,609,0
163,47,961,0
164,638,164,1
165,313,916,0
166,414,145,1
167,1000,13,1
168,657,534,1
169,779,80,1
170,898,416,1
171,963,877,1
172,839,700,1
173,315,891,0
174,967,652,1
175,240,649,0
176,545,969,0
177,648,633,1
178,735,608,1
179,399,369,1
180,369,906,0
181,540,486,1
182,110,11,1
183,522,39,1
184,726,159,1
185,906,987,1
186,434,100,1
187,286,577,0
188,709,712,1
189,352,778,0
190,508,336,1
191,9,333,0
192,824,177,1
193,926,135,1
194,597,255,1
195,437,348,1
196,690,576,1
197,605,614,1
198,617,764,1
199,891,9,1
200,457,188,1
201,313,785,0
202,174,747,0
203,145,577,0
204,907,821,1
205,783,873,1
206,789,411,1
207,44,339,0
208,504,632,1
209,159,162,1
210,800,292,1
211,982,351,1
212,166,10,1
213,722,409,1
214,610,271,1
215,528,80,1
216,935,882,1
217,668,279,1
218,970,946,1
219,928,68,1
220,4,321,0
221,386,76,1
222,711,915,1
223,340,184,1
224,237,706,0
225,453,662,0
226,644,58,1
227,37,102,0
228,686,948,0
229,789,626,1
230,789,937,1
231,949,960,1
232,700,581,1
233,791,127,1
234,624,901,0
235,584,52,1
236,669,438,1
237,119,344,0
238,413,412,1
239,342,679,0
240,971,403,1
241,854,976,1
242,638,198,1
243,759,740,1
244,585,402,1
245,156,53,1
246,423,197,1
247,349,36,1
248,580,144,1
249,958,599,1
250,86,583,0
251,645,533,1
252,490,25,1
253,401,855,0
254,899,632,1
255,373,398,1
256,518,927,0
257,668,59,1
258,73,651,0
259,839,438,1
260,921,15,1
261,874,910,1
262,747,824,1
263,764,33,1
264,210,465,0
265,693,658,1
266,159,548,0
267,594,197,1
268,535,390,1
269,316,967,0
270,710,542,1
271,94,726,0
272,425,842,0
273,109,178,0
274,569,981,0
275,114,72,1
276,772,521,1
277,907,57,1
278,365,677,0
279,856,59,1
280,771,371,1
281,728,971,1
282,816,889,1
283,244,830,0
284,808,601,1
285,59,843,0
286,169,111,1
287,901,374,1
288,201,55,1
289,508,755,0
290,779,769,1
291,179,733,0
292,436,2,1
293,74,315,0
294,266,896,0
295,266,237,1
296,579,321,1
297,803,905,1
298,27,273,0
299,974,540,1
300,272,286,1
301,652,927,0
302,144,985,0
303,165,224,0
304,562,972,0
305,972,842,1
306,578,42,1
307,583,114,1
308,829,328,1
309,597,790,1
310,20,966,0
311,849,84,1
312,78,481,0
313,171,781,0
314,958,528,1
315,813,12,1
316,884,89,1
317,418,95,1
318,679,208,1
319,546,993,0
320,144,595,0
321,83,801,0
322,826,237,1
323,730,194,1
324,925,557,1
325,783,952,1
326,9,274,0
327,574,356,1
328,448,709,0
329,810,132,1
330,692,371,1
331,84,258,0
332,360,846,0
333,393,239,1
334,435,23,1
335,961,180,1
336,646,154,1
337,84,405,0
338,335,677,0
339,303,115,1
340,6,166,0
341,316,4,1
342,773,657,1
343,608,400,1
344,964,283,1
345,829,867,1
346,714,565,1
347,600,818,0
348,560,952,0
349,485,644,1
350,295,202,1
351,862,527,1
352,570,491,1
353,410,3,1
354,686,751,1
355,403,743,0
356,509,783,0
357,40,486,0
358,554,622,1
359,64,741,0
360,863,293,1
361,632,124,1
362,107,43,1
363,420,287,1
364,239,749,0
365,42,976,0
366,247,94,1
367,580,59,1
368,310,107,1
369,843,46,1
370,138,493,0
371,313,554,0
372,622,20,1
373,119,402,0
374,398,261,1
375,877,887,1
376,13,16,0
377,328,293,1
378,283,344,1
379,749,462,1
380,715,263,1
381,228,593,0
382,672,86,1
383,575,407,1
384,327,838,0
385,626,930,0
386,983,926,1
387,813,802,1
388,581,537,1
389,29,164,0
390,196,603,0
391,753,241,1
392,794,368,1
393,143,473,0
394,470,369,1
395,862,403,1
396,134,804,0
397,159,346,0
398,844,662,1
399,805,885,1
400,376,16,1
401,747,659,1
402,457,148,1
403,532,920,0
404,317,258,1
405,110,361,0
406,457,539,1
407,240,296,1
408,786,217,1
409,546,157,1
410,505,449,1
411,300,761,0
412,772,558,1
413,143,999,0
414,666,763,1
415,47,962,0
416,871,325,1
417,186,469,0
418,389,371,1
419,954,299,1
420,451,986,0
421,134,340,0
422,95,249,0
423,831,408,1
424,608,302,1
425,262,835,0
426,735,84,1
427,723,677,1
428,771,266,1
429,440,853,0
430,195,920,0
431,483,201,1
432,190,488,0
433,971,108,1
434,702,935,1
435,242,749,0
436,99,7,1
437,9,24,0
438,116,906,0
439,873,964,1
440,865,845,1
441,933,936,1
442,284,703,0
443,398,402,1
444,413,676,0
445,254,86,1
446,653,978,0
447,157,767,0
448,290,7,1
449,554,653,1
450,657,149,1
451,593,339,1
452,561,140,1
453,443,83,1
454,260,706,0
455,523,841,0
456,761,705,1
457,909,41,1
458,76,973,0
459,521,678,1
460,440,832,0
461,469,848,0
462,395,772,0
463,112,760,0
464,503,21,1
465,699,571,1
466,296,352,1
467,234,521,0
468,177,76,1
469,224,201,1
470,129,404,0
471,153,435,0
472,595,213,1
473,504,777,0
474,516,898,0
475,817,186,1
476,494,146,1
477,505,653,1
478,1,691,0
479,585,39,1
480,872,221,1
481,634,154,1
482,41,677,0
483,770,26,1
484,766,228,1
485,388,124,1
486,217,364,0
487,150,93,1
488,749,927,1
489,980,884,1
490,631,467,1
491,210,933,0
492,419,246,1
493,566,459,1
494,763,602,1
495,220,897,0
496,794,245,1
497,419,718,0
498,967,863,1
499,412,763,0
500,885,505,1
501,483,281,1
502,367,167,1
503,879,180,1
504,193,401,0
505,571,310,1
506,578,28,1
507,999,825,1
508,581,311,1
509,120,117,1
510,270,13,1
511,115,978,0
512,601,351,1
513,874,171,1
514,751,123,1
515,909,311,1
516,18,653,0
517,130,581,0
518,768,376,1
519,863,371,1
520,28,56,0
521,363,995,0
522,143,567,0
523,772,179,1
524,678,299,1
525,660,671,1
526,277,193,1
527,533,749,0
528,577,808,0
529,779,589,1
530,891,228,1
531,769,883,1
532,881,309,1
533,731,963,1
534,974,867,1
535,58,47,1
536,770,952,1
537,327,168,1
538,132,427,0
539,103,654,0
540,51,428,0
541,692,334,1
542,564,225,1
543,852,279,1
544,438,44,1
545,930,809,1
546,897,718,1
547,307,939,0
548,365,597,0
549,611,191,1
550,295,373,1
551,830,564,1
552,438,654,0
553,794,919,1
554,524,265,1
555,273,888,0
556,720,672,1
557,69,836,0
558,896,673,1
559,596,804,0
560,483,151,1
561,763,137,1
562,861,502,1
563,567,451,1
564,948,913,1
565,286,693,0
566,487,121,1
567,12,270,0
568,566,59,1
569,746,870,1
570,92,647,0
571,569,962,0
572,857,617,1
573,899,983,1
574,852,238,1
575,882,599,1
576,510,917,0
577,595,435,1
578,825,631,1
579,306,526,0
580,624,852,0
581,529,809,0
582,880,804,1
583,443,640,0
584,244,214,1
585,50,56,1
586,974,697,1
587,928,987,1
588,105,812,0
589,91,170,0
590,876,260,1
591,650,645,1
592,857,562,1
593,668,442,1
594,11,246,0
595,440,440,1
596,421,604,0
597,974,863,1
598,48,993,0
599,220,679,0
600,797,898,1
601,941,329,1
602,304,369,1
603,237,933,0
604,37,894,0
605,127,753,0
606,141,974,0
607,135,650,0
608,104,594,0
609,579,938,0
610,830,862,1
611,316,327,1
612,793,500,1
613,99,756,0
614,82,772,0
615,382,678,0
616,436,83,1
617,273,557,0
618,366,334,1
619,385,621,0
620,233,545,0
621,69,384,0
622,217,264,1
623,477,273,1
624,609,720,1
625,100,616,0
626,703,531,1
627,394,453,1
628,822,607,1
629,698,83,1
630,763,282,1
631,307,186,1
632,359,524,0
633,593,40,1
634,282,985,0
635,787,334,1
636,369,242,1
637,63,899,0
638,326,406,1
639,514,431,1
640,686,234,1
641,676,558,1
642,665,234,1
643,511,735,0
644,610,610,1
645,960,311,1
646,397,958,0
647,295,95,1
648,952,331,1
649,401,207,1
650,594,904,0
651,973,989,1
652,577,124,1
653,451,822,0
654,448,477,1
655,759,376,1
656,340,746,0
657,485,546,1
658,480,790,0
659,735,24,1
660,343,954,0
661,42,598,0
662,790,909,1
663,119,529,0
664,908,794,1
665,829,581,1
666,417,855,0
667,35,342,0
668,700,709,1
669,435,366,1
670,841,177,1
671,818,503,1
672,823,806,1
673,660,614,1
674,488,468,1
675,269,981,0
676,729,105,1
677,122,12,1
678,401,226,1
679,742,963,1
680,799,663,1
681,905,733,1
682,140,224,0
683,338,340,1
684,639,24,1
685,221,158,1
686,895,596,1
687,447,881,0
688,315,752,0
689,886,384,1
690,69,647,0
691,246,74,1
692,62,436,0
693,430,635,0
694,411,970,0
695,425,273,1
696,388,380,1
697,129,565,0
698,293,658,0
699,253,164,1
700,70,176,0
701,139,410,0
702,29,293,0
703,873,746,1
704,916,269,1
705,333,867,0
706,436,643,0
707,509,458,1
708,456,631,0
709,281,784,0
710,735,312,1
711,996,593,1
712,41,358,0
713,745,161,1
714,778,886,1
715,689,522,1
716,125,515,0
717,651,54,1
718,464,133,1
719,941,589,1
720,461,417,1
721,391,60,1
722,576,829,0
723,343,746,0
724,316,950,0
725,550,752,0
726,353,592,0
727,282,333,1
728,880,513,1
729,29,619,0
730,207,826,0
731,586,577,1
732,631,811,1
733,743,190,1
734,970,378,1
735,806,103,1
736,3,896,0
737,838,125,1
738,158,504,0
739,839,190,1
740,566,189,1
741,347,422,1
742,125,775,0
743,455,498,1
744,510,297,1
745,993,408,1
746,782,562,1
747,555,966,0
748,17,573,0
749,501,334,1
750,561,720,1
751,641,11,1
752,170,422,0
753,1000,884,1
754,656,937,0
755,618,217,1
756,274,920,0
757,283,654,0
758,32,576,0
759,496,499,1
760,655,882,1
761,497,917,0
762,821,17,1
763,137,77,1
764,479,662,0
765,256,683,0
766,625,906,0
767,762,519,1
768,725,167,1
769,287,19,1
770,204,43,1
771,75,328,0
772,635,594,1
773,185,132,1
774,789,399,1
775,33,389,0
776,670,543,1
777,553,61,1
778,455,571,1
779,143,601,0
780,813,696,1
781,188,880,0
782,700,732,1
783,947,828,1
784,770,198,1
785,593,944,0
786,70,826,0
787,631,879,0
788,238,225,1
789,3,612,0
790,1000,73,1
791,117,188,0
792,256,846,0
793,629,924,0
794,513,716,0
795,673,943,0
796,159,48,1
797,340,744,0
798,888,802,1
799,299,209,1
800,195,561,0
801,609,790,1
802,688,923,1
803,970,505,1
804,855,927,1
805,668,595,1
806,685,266,1
807,393,907,0
808,337,730,0
809,313,734,0
810,397,658,0
811,981,715,1
812,592,218,1
813,270,913,0
814,712,825,1
815,228,848,0
816,909,834,1
817,290,649,0
818,496,850,0
819,575,563,1
820,402,42,1
821,40,267,0
822,121,292,0
823,832,743,1
824,677,454,1
825,977,111,1
826,385,302,1
827,484,920,0
828,965,273,1
829,205,87,1
830,561,269,1
831,282,366,1
832,835,391,1
833,122,998,0
834,201,353,0
835,146,857,0
836,538,60,1
837,698,930,1
838,391,142,1
839,399,964,0
840,128,575,0
841,42,187,0
842,624,86,1
843,397,99,1
844,18,307,0
845,389,724,0
846,525,145,1
847,162,230,0
848,35,594,0
849,244,423,0
850,560,118,1
851,128,198,0
852,269,946,0
853,392,467,1
854,83,465,0
855,577,949,0
856,557,946,0
857,534,519,1
858,903,61,1
859,553,696,1
860,979,435,1
861,162,573,0
862,578,913,0
863,216,310,0
864,783,64,1
865,196,18,1
866,295,277,1
867,357,791,0
868,997,96,1
869,573,282,1
870,234,619,0
871,939,183,1
872,57,97,0
873,362,54,1
874,361,888,0
875,95,978,0
876,475,868,0
877,224,831,0
878,739,218,1
879,775,439,1
880,772,110,1
881,877,537,1
882,468,569,1
883,172,560,0
884,879,690,1
885,125,891,0
886,695,671,1
887,760,622,1
888,888,537,1
889,882,356,1
890,730,722,1
891,705,758,1
892,192,772,0
893,227,429,0
894,45,335,0
895,84,720,0
896,142,334,0
897,773,634,1
898,282,14,1
899,298,836,0
900,278,260,1
901,940,18,1
902,582,274,1
903,197,717,0
904,54,486,0
905,475,477,1
906,574,784,0
907,699,88,1
908,412,653,0
909,663,475,1
910,987,748,1
911,898,587,1
912,169,373,0
913,743,985,1
914,510,289,1
915,594,752,1
916,816,18,1
917,150,772,0
918,444,631,0
919,46,297,0
920,446,636,0
921,303,325,1
922,186,116,1
923,786,811,1
924,956,892,1
925,208,597,0
926,105,142,1
927,29,909,0
928,672,438,1
929,263,8,1
930,483,389,1
931,576,343,1
932,223,215,1
933,39,84,0
934,563,795,0
935,6,621,0
936,142,367,0
937,308,664,0
938,297,957,0
939,505,964,0
940,891,285,1
941,586,663,1
942,331,336,1
943,435,801,0
944,544,991,0
945,401,76,1
946,517,574,1
947,642,543,1
948,552,265,1
949,203,285,0
950,745,705,1
951,401,183,1
952,264,322,1
953,860,163,1
954,503,420,1
955,45,46,1
956,751,245,1
957,129,829,0
958,798,359,1
959,669,172,1
960,109,643,0
961,593,202,1
962,200,193,1
963,169,753,0
964,671,835,1
965,22,725,0
966,122,557,0
967,884,89,1
968,833,35,1
969,412,760,0
970,688,152,1
971,202,958,0
972,762,605,1
973,505,484,1
974,509,686,1
975,2,98,0
976,323,117,1
977,691,844,1
978,649,378,1
979,500,204,1
980,575,464,1
981,100,152,0
982,384,860,0
983,707,431,1
984,588,36,1
985,513,325,1
986,569,642,1
987,899,680,1
988,49,36,1
989,790,871,1
990,940,562,1
991,539,702,1
992,29,331,0
993,163,216,1
994,851,379,1
995,156,178,1
996,342,341,1
997,834,968,1
998,913,873,1
999,569,702,1
1000,615,891,0
1001,941,517,1
1002,181,568,0
1003,557,112,1
1004,31,517,0
1005,820,34,1
1006,743,670,1
1007,15,981,0
1008,945,175,1
1009,381,817,0
1010,514,75,1
1011,112,784,0
1012,726,710,1
1013,834,554,1
1014,752,441,1
1015,386,674,0
1016,476,66,1
1017,494,108,1
1018,305,797,0
1019,19,161,0
1020,906,308,1
1021,775,369,1
1022,971,166,1
1023,288,947,0
1024,753,831,1
1025,541,988,0
1026,706,459,1
1027,298,489,0
1028,924,496,1
1029,945,219,1
1030,945,799,1
1031,987,495,1
1032,688,262,1
1033,719,342,1
1034,367,190,1
1035,793,472,1
1036,916,100,1
1037,44,440,0
1038,515,191,1
1039,450,140,1
1040,282,669,0
1041,431,299,1
1042,240,257,1
1043,398,715,0
1044,628,389,1
1045,59,862,0
1046,537,424,1
1047,80,952,0
1048,927,876,1
1049,595,864,0
1050,229,110,1
1051,980,232,1
1052,58,139,0
1053,429,291,1
1054,660,92,1
1055,946,163,1
1056,623,390,1
1057,831,355,1
1058,959,872,1
1059,57,671,0
1060,425,266,1
1061,765,567,1
1062,891,262,1
1063,444,378,1
1064,572,198,1
1065,984,740,1
1066,614,802,1
1067,568,550,1
1068,336,691,0
1069,175,727,0
1070,608,185,1
1071,459,108,1
1072,966,622,1
1073,58,209,0
1074,771,917,1
1075,438,612,0
1076,608,418,1
1077,313,666,0
1078,955,304,1
1079,748,888,1
1080,765,769,1
1081,961,536,1
1082,367,125,1
1083,528,798,0
1084,282,194,1
1085,742,550,1
1086,365,523,0
1087,650,189,1
1088,89,417,0
1089,546,184,1
1090,177,507,0
1091,186,492,0
1092,381,651,0
1093,252,563,0
1094,846,231,1
1095,235,319,0
1096,316,929,0
1097,105,943,0
1098,538,83,1
1099,169,524,0
1100,139,522,0
1101,47,662,0
1102,942,606,1
1103,659,904,0
1104,389,323,1
1105,468,540,1
1106,300,7,1
1107,865,468,1
1108,364,8,1
1109,83,142,0
1110,615,65,1
1111,686,739,1
1112,782,577,1
1113,902,461,1
1114,525,729,0
1115,694,275,1
1116,664,456,1
1117,156,706,0
1118,624,341,1
1119,329,825,0
1120,510,575,1
1121,148,857,0
1122,600,836,0
1123,742,327,1
1124,145,660,0
1125,40,640,0
1126,282,778,0
1127,8,952,0
1128,982,431,1
1129,35,878,0
1130,332,322,1
1131,908,808,1
1132,829,568,1
1133,987,390,1
1134,854,596,1
1135,920,861,1
1136,503,587,1
1137,455,835,0
1138,905,910,1
1139,278,106,1
1140,943,21,1
1141,88,452,0
1142,163,413,0
1143,638,689,1
1144,146,22,1
1145,924,319,1
1146,601,331,1
1147,943,38,1
1148,198,950,0
1149,270,6,1
1150,588,111,1
1151,710,192,1
1152,62,313,0
1153,399,815,0
1154,420,722,0
1155,436,361,1
1156,859,69,1
1157,336,125,1
1158,223,422,0
1159,387,683,0
1160,628,65,1
1161,493,866,0
1162,818,167,1
1163,961,786,1
1164,207,14,1
1165,874,863,1
1166,750,651,1
1167,76,334,0
1168,997,623,1
1169,305,655,0
1170,700,475,1
1171,108,311,0
1172,289,906,0
1173,530,977,0
1174,737,154,1
1175,636,185,1
1176,777,109,1
1177,601,517,1
1178,162,114,1
1179,409,728,0
1180,467,188,1
1181,172,620,0
1182,728,52,1
1183,424,170,1
1184,721,487,1
1185,130,281,0
1186,901,30,1
1187,716,826,1
1188,869,870,1
1189,812,484,1
1190,965,260,1
1191,325,664,0
1192,21,607,0
1193,414,467,1
1194,662,161,1
1195,121,859,0
1196,271,979,0
1197,335,944,0
1198,215,972,0
1199,590,761,1
1200,565,526,1
1201,220,936,0
1202,700,902,1
1203,861,163,1
1204,698,886,1
1205,600,664,1
1206,672,904,1
1207,401,244,1
1208,931,617,1
1209,839,264,1
1210,280,151,1
1211,925,336,1
1212,415,233,1
1213,270,905,0
1214,566,490,1
1215,489,639,1
1216,343,489,0
1217,61,976,0
1218,892,552,1
1219,165,81,1
1220,982,910,1
1221,684,42,1
1222,596,947,0
1223,900,784,1
1224,385,768,0
1225,200,1000,0
1226,134,193,0
1227,218,643,0
1228,39,160,0
1229,375,610,0
1230,138,799,0
1231,494,599,1
1232,209,562,0
1233,751,389,1
1234,793,6,1
1235,504,934,0
1236,947,770,1
1237,203,911,0
1238,887,761,1
1239,595,129,1
1240,641,424,1
1241,277,71,1
1242,700,962,0
1243,28,743,0
1244,618,214,1
1245,444,7,1
1246,382,297,1
1247,48,798,0
1248,712,622,1
1249,992,668,1
1250,951,847,1
1251,890,790,1
1252,942,110,1
1253,128,930,0
1254,77,892,0
1255,682,867,1
1256,408,701,0
1257,282,274,1
1258,204,982,0
1259,350,249,1
1260,29,29,1
1261,939,989,1
1262,398,828,0
1263,476,752,0
1264,440,889,0
1265,986,167,1
1266,379,636,0
1267,829,247,1
1268,810,261,1
1269,937,495,1
1270,720,658,1
1271,108,666,0
1272,233,171,1
1273,259,467,0
1274,788,914,1
1275,861,461,1
1276,468,858,0
1277,111,414,0
1278,822,827,1
1279,862,176,1
1280,261,646,0
1281,907,708,1
1282,208,883,0
1283,496,307,1
1284,925,277,1
1285,833,866,1
1286,582,767,1
1287,814,785,1
1288,994,342,1
1289,956,576,1
1290,479,114,1
1291,124,662,0
1292,443,241,1
1293,835,680,1
1294,410,890,0
1295,288,435,0
1296,754,667,1
1297,221,254,1
1298,922,56,1
1299,725,502,1
1300,369,945,0
1301,51,639,0
1302,131,334,0
1303,723,444,1
1304,541,361,1
1305,882,212,1
1306,826,960,1
1307,711,105,1
1308,622,942,0
1309,901,966,1
1310,903,925,1
1311,281,124,1
1312,588,219,1
1313,638,353,1
1314,902,166,1
1315,360,134,1
1316,131,908,0
1317,589,219,1
1318,873,227,1
1319,255,73,1
1320,503,794,0
1321,775,523,1
1322,527,50,1
1323,116,786,0
1324,232,829,0
1325,112,564,0
1326,344,377,1
1327,771,728,1
1328,199,609,0
1329,617,897,0
1330,359,537,0
1331,302,861,0
1332,815,771,1
1333,490,816,0
1334,414,507,1
1335,280,778,0
1336,596,139,1
1337,728,833,1
1338,188,804,0
1339,332,316,1
1340,358,890,0
1341,440,646,0
1342,274,754,0
1343,266,3,1
1344,599,75,1
1345,737,938,1
1346,713,550,1
1347,675,191,1
1348,104,363,0
1349,318,28,1
1350,349,193,1
1351,527,331,1
1352,88,794,0
1353,849,283,1
1354,532,289,1
1355,182,644,0
1356,804,673,1
1357,345,112,1
1358,487,155,1
1359,731,969,1
1360,487,555,1
1361,340,529,0
1362,528,568,1
1363,106,841,0
1364,115,574,0
1365,429,882,0
1366,178,962,0
1367,931,914,1
1368,70,33,1
1369,390,427,1
1370,812,517,1
1371,707,702,1
1372,910,805,1
1373,199,119,1
1374,501,104,1
1375,482,853,0
1376,253,294,1
1377,21,616,0
1378,889,435,1
1379,591,639,1
1380,909,305,1
1381,891,590,1
1382,298,449,0
1383,942,665,1
1384,291,973,0
1385,68,895,0
1386,495,253,1
1387,146,661,0
1388,456,460,1
1389,710,205,1
1390,696,214,1
1391,738,476,1
1392,331,904,0
1393,808,373,1
1394,815,620,1
1395,7,485,0
1396,647,616,1
1397,500,52,1
1398,232,962,0
1399,364,516,0
1400,387,498,1
1401,437,18,1
1402,793,532,1
1403,492,582,1
1404,941,840,1
1405,265,232,1
1406,810,856,1
1407,544,401,1
1408,229,549,0
1409,672,707,1
1410,990,814,1
1411,798,374,1
1412,512,295,1
1413,628,248,1
1414,480,802,0
1415,170,200,1
1416,322,388,1
1417,574,616,1
1418,118,214,0
1419,936,388,1
1420,418,798,0
1421,982,675,1
1422,473,890,0
1423,231,713,0
1424,377,369,1
1425,891,430,1
1426,530,886,0
1427,535,719,1
1428,851,42,1
1429,743,679,1
1430,494,748,0
1431,883,113,1
1432,691,783,1
1433,52,125,0
1434,435,80,1
1435,720,109,1
1436,347,51,1
1437,208,138,1
1438,784,473,1
1439,827,912,1
1440,745,248,1
1441,444,203,1
1442,896,935,1
1443,135,84,1
1444,547,700,1
1445,889,508,1
1446,143,749,0
1447,188,355,0
1448,772,719,1
1449,865,877,1
1450,75,422,0
1451,448,147,1
1452,355,649,0
1453,436,1,1
1454,355,921,0
1455,786,249,1
1456,779,174,1
1457,391,724,0
1458,251,166,1
1459,705,456,1
1460,925,307,1
1461,710,234,1
1462,246,184,1
1463,513,49,1
1464,783,1000,1
1465,827,949,1
1466,618,362,1
1467,949,242,1
1468,616,757,1
1469,724,269,1
1470,743,876,1
1471,357,17,1
1472,801,718,1
1473,104,758,0
1474,376,582,0
1475,994,808,1
1476,461,873,0
1477,154,943,0
1478,839,865,1
1479,133,176,1
1480,361,973,0
1481,388,991,0
1482,124,138,1
1483,803,687,1
1484,884,499,1
1485,125,272,0
1486,167,720,0
1487,403,388,1
1488,191,982,0
1489,419,406,1
1490,25,779,0
1491,469,727,0
1492,550,580,1
1493,945,263,1
1494,919,77,1
1495,252,404,0
1496,669,868,1
1497,634,225,1
1498,430,106,1
1499,501,878,0
1500,804,999,1
1501,27,336,0
1502,215,873,0
1503,381,390,1
1504,875,656,1
1505,756,615,1
1506,620,154,1
1507,111,578,0
1508,805,886,1
1509,87,900,0
1510,913,647,1
1511,11,544,0
1512,593,807,0
1513,815,286,1
1514,203,949,0
1515,735,363,1
1516,708,381,1
1517,794,56,1
1518,60,506,0
1519,242,306,1
1520,983,34,1
1521,639,125,1
1522,364,686,0
1523,19,605,0
1524,279,220,1
1525,264,299,1
1526,281,652,0
1527,654,769,1
1528,215,907,0
1529,537,826,0
1530,656,319,1
1531,134,169,1
1532,15,832,0
1533,622,428,1
1534,433,743,0
1535,28,100,0
1536,536,654,1
1537,352,708,0
1538,230,123,1
1539,142,748,0
1540,565,827,0
1541,440,225,1
1542,491,319,1
1543,88,930,0
1544,916,349,1
1545,762,450,1
1546,367,29,1
1547,438,853,0
1548,498,222,1
1549,99,592,0
1550,874,917,1
1551,791,858,1
1552,242,137,1
1553,883,305,1
1554,852,814,1
1555,115,514,0
1556,22,597,0
1557,652,649,1
1558,532,692,1
1559,606,401,1
1560,220,711,0
1561,136,384,0
1562,174,26,1
1563,458,66,1
1564,905,369,1
1565,574,833,0
1566,739,959,1
1567,520,62,1
1568,17,63,0
1569,5,230,0
1570,628,347,1
1571,983,804,1
1572,269,359,1
1573,998,383,1
1574,743,256,1
1575,827,71,1
1576,850,102,1
1577,998,970,1
1578,352,867,0
1579,311,621,0
1580,208,983,0
1581,337,137,1
1582,833,906,1
1583,426,188,1
1584,568,628,1
1585,512,97,1
1586,850,5,1
1587,862,381,1
1588,861,740,1
1589,771,663,1
1590,128,486,0
1591,675,467,1
1592,299,254,1
1593,711,178,1
1594,34,27,1
1595,432,410,1
1596,691,786,1
1597,745,366,1
1598,798,888,1
1599,898,674,1
1600,756,996,1
1601,561,101,1
1602,984,344,1
1603,59,578,0
1604,491,250,1
1605,544,421,1
1606,804,323,1
1607,932,959,1
1608,436,595,0
1609,929,766,1
1610,750,6,1
1611,978,357,1
1612,533,183,1
1613,83,627,0
1614,377,480,1
1615,404,714,0
1616,313,243,1
1617,204,726,0
1618,220,920,0
1619,210,71,1
1620,763,988,1
1621,335,157,1
1622,406,554,0
1623,831,968,1
1624,86,344,0
1625,983,937,1
1626,26,273,0
1627,896,465,1
1628,772,594,1
1629,897,612,1
1630,235,284,1
1631,763,680,1
1632,395,477,1
1633,445,760,0
1634,281,26,1
1635,632,536,1
1636,88,53,1
1637,389,908,0
1638,506,359,1
1639,579,689,1
1640,72,699,0
1641,285,808,0
1642,690,55,1
1643,31,306,0
1644,698,271,1
1645,913,845,1
1646,202,120,1
1647,540,610,1
1648,86,958,0
1649,553,319,1
1650,972,114,1
1651,209,248,1
1652,568,755,1
1653,439,165,1
1654,468,711,0
1655,850,919,1
1656,285,871,0
1657,838,381,1
1658,528,157,1
1659,658,366,1
1660,211,418,0
1661,749,130,1
1662,425,920,0
1663,522,234,1
1664,437,449,1
1665,706,112,1
1666,176,155,1
1667,512,451,1
1668,933,456,1
1669,519,723,0
1670,73,46,1
1671,688,166,1
1672,144,271,0
1673,888,157,1
1674,482,198,1
1675,54,303,0
1676,37,567,0
1677,402,319,1
1678,748,49,1
1679,433,212,1
1680,517,572,1
1681,269,781,0
1682,105,113,1
1683,34,207,0
1684,532,818,0
1685,867,764,1
1686,988,622,1
1687,914,42,1
1688,342,609,0
1689,622,365,1
1690,307,950,0
1691,439,538,1
1692,946,850,1
1693,365,577,0
1694,144,503,0
1695,902,797,1
1696,178,217,1
1697,383,548,0
1698,243,408,0
1699,538,230,1
1700,969,491,1
1701,237,876,0
1702,433,973,0
1703,163,942,0
1704,851,127,1
1705,996,528,1
1706,240,322,1
1707,896,106,1
1708,311,103,1
1709,729,963,1
1710,120,773,0
1711,677,33,1
1712,296,485,0
1713,306,40,1
1714,426,957,0
1715,821,453,1
1716,135,800,0
1717,491,829,0
1718,620,39,1
1719,552,471,1
1720,386,350,1
1721,574,602,1
1722,483,621,1
1723,485,372,1
1724,88,697,0
1725,873,273,1
1726,240,887,0
1727,729,220,1
1728,434,924,0
1729,436,661,0
1730,899,444,1
1731,110,463,0
1732,363,413,1
1733,840,356,1
1734,330,927,0
1735,453,392,1
1736,433,618,0
1737,8,743,0
1738,290,116,1
1739,275,68,1
1740,113,910,0
1741,491,383,1
1742,156,577,0
1743,439,745,0
1744,814,50,1
1745,887,503,1
1746,225,464,0
1747,706,945,1
1748,449,278,1
1749,991,862,1
1750,742,473,1
1751,357,622,0
1752,370,591,0
1753,942,755,1
1754,513,450,1
1755,750,357,1
1756,549,312,1
1757,433,609,0
1758,865,456,1
1759,666,109,1
1760,758,763,1
1761,881,90,1
1762,289,253,1
1763,204,663,0
1764,853,679,1
1765,382,190,1
1766,573,778,0
1767,908,565,1
1768,994,785,1
1769,684,115,1
1770,210,667,0
1771,417,596,0
1772,58,164,0
1773,193,515,0
1774,770,488,1
1775,663,908,0
1776,262,227,1
1777,156,427,0
1778,558,992,0
1779,185,316,0
1780,475,851,0
1781,303,976,0
1782,521,725,0
1783,152,320,0
1784,476,428,1
1785,766,913,1
1786,971,372,1
1787,568,637,1
1788,578,14,1
1789,134,146,1
1790,267,60,1
1791,762,249,1
1792,580,686,1
1793,190,469,0
1794,971,44,1
1795,20,645,0
1796,14,296,0
1797,584,168,1
1798,912,646,1
1799,466,348,1
1800,846,996,1
1801,624,843,0
1802,231,32,1
1803,296,235,1
1804,665,707,1
1805,835,1,1
1806,193,296,0
1807,718,185,1
1808,514,112,1
1809,681,900,1
1810,151,421,0
1811,442,238,1
1812,683,721,1
1813,404,962,0
1814,885,266,1
1815,720,949,1
1816,498,124,1
1817,54,748,0
1818,419,772,0
1819,717,723,1
1820,557,597,1
1821,782,379,1
1822,439,728,0
1823,663,631,1
1824,901,140,1
1825,307,36,1
1826,931,424,1
1827,230,698,0
1828,374,145,1
1829,71,315,0
1830,61,973,0
1831,294,494,0
1832,453,442,1
1833,604,160,1
1834,393,11,1
1835,394,417,1
1836,672,768,1
1837,570,582,1
1838,137,802,0
1839,474,248,1
1840,41,656,0
1841,631,681,1
1842,165,208,1
1843,125,814,0
1844,123,229,0
1845,173,981,0
1846,179,297,0
1847,23,996,0
1848,771,832,1
1849,983,755,1
1850,655,890,0
1851,972,120,1
1852,312,922,0
1853,627,422,1
1854,195,87,1
1855,394,104,1
1856,18,198,0
1857,281,111,1
1858,200,754,0
1859,99,438,0
1860,622,282,1
1861,745,854,1
1862,915,501,1
1863,536,203,1
1864,768,84,1
1865,993,850,1
1866,664,891,1
1867,358,717,0
1868,438,854,0
1869,229,181,1
1870,922,797,1
1871,780,411,1
1872,268,484,0
1873,748,363,1
1874,921,481,1
1875,147,717,0
1876,490,618,1
1877,817,161,1
1878,489,714,0
1879,284,86,1
1880,207,984,0
1881,7,703,0
1882,57,549,0
1883,877,564,1
1884,489,904,0
1885,676,648,1
1886,297,783,0
1887,44,284,0
1888,682,524,1
1889,990,591,1
1890,578,209,1
1891,497,688,0
1892,132,546,0
1893,616,442,1
1894,930,414,1
1895,784,322,1
1896,125,81,1
1897,205,976,0
1898,85,753,0
1899,396,968,0
1900,788,51,1
1901,635,300,1
1902,812,594,1
1903,365,520,0
1904,369,379,1
1905,354,89,1
1906,129,159,1
1907,339,810,0
1908,112,38,1
1909,506,573,1
1910,888,877,1
1911,735,347,1
1912,574,835,0
1913,592,288,1
1914,8,390,0
1915,296,470,0
1916,338,981,0
1917,536,796,0
1918,943,481,1
1919,364,266,1
1920,597,621,1
1921,660,484,1
1922,193,663,0
1923,314,329,1
1924,410,690,0
1925,883,310,1
1926,170,665,0
1927,110,460,0
1928,870,970,1
1929,242,875,0
1930,654,981,0
1931,357,801,0
1932,648,440,1
1933,422,276,1
1934,559,888,0
1935,484,247,1
1936,393,686,0
1937,904,780,1
1938,151,451,0
1939,428,814,0
1940,845,538,1
1941,911,194,1
1942,641,808,1
1943,585,210,1
1944,1000,34,1
1945,384,757,0
1946,468,364,1
1947,542,55,1
1948,858,217,1
1949,209,432,0
1950,479,116,1
1951,338,123,1
1952,515,978,0
1953,817,285,1
1954,694,49,1
1955,885,592,1
1956,86,105,1
1957,346,732,0
1958,619,822,1
1959,603,713,1
1960,426,751,0
1961,431,3,1
1962,597,502,1
1963,239,881,0
1964,843,116,1
1965,165,620,0
1966,620,353,1
1967,1,569,0
1968,997,156,1
1969,701,788,1
1970,810,573,1
1971,520,641,1
1972,825,605,1
1973,72,703,0
1974,155,494,0
1975,472,716,0
1976,614,989,0
1977,825,447,1
1978,173,200,1
1979,453,550,1
1980,161,605,0
1981,623,340,1
1982,416,121,1
1983,845,438,1
1984,556,250,1
1985,167,451,0
1986,279,58,1
1987,578,734,1
1988,186,184,1
1989,669,633,1
1990,701,572,1
1991,869,896,1
1992,392,703,0
1993,28,511,0
1994,888,661,1
1995,916,624,1
1996,78,592,0
1997,377,981,0
1998,873,26,1
1999,156,934,0
2000,276,583,0
