n 1000
c 214874
z 366575
time 0.00
1,675,334,1
2,319,599,0
3,773,321,1
4,669,46,1
5,574,35,1
6,994,324,1
7,798,532,1
8,364,534,0
9,587,292,1
10,867,37,1
11,988,410,1
12,308,454,0
13,752,99,1
14,219,391,0
15,636,43,1
16,333,919,0
17,387,940,0
18,555,843,0
19,495,904,0
20,426,505,0
21,134,308,0
22,224,914,0
23,601,107,1
24,113,1,1
25,262,827,0
26,303,851,0
27,677,601,1
28,280,986,0
29,567,908,0
30,57,362,0
31,802,592,1
32,9,774,0
33,921,786,1
34,976,752,1
35,472,547,0
36,998,820,1
37,774,795,1
38,888,167,1
39,747,947,0
40,516,857,0
41,489,742,0
42,246,252,1
43,782,533,1
44,860,760,1
45,255,302,0
46,124,453,0
47,329,80,1
48,901,428,1
49,161,542,0
50,810,739,1
51,588,173,1
52,859,763,1
53,32,252,0
54,342,775,0
55,801,879,1
56,267,538,0
57,271,256,1
58,733,453,1
59,117,27,1
60,172,821,0
61,533,995,0
62,215,861,0
63,86,534,0
64,622,725,0
65,751,178,1
66,774,711,1
67,662,619,1
68,310,57,1
69,953,899,1
70,918,484,1
71,38,316,0
72,32,552,0
73,246,61,1
74,558,466,1
75,123,598,0
76,803,107,1
77,675,673,1
78,614,366,1
79,693,743,1
80,248,997,0
81,688,20,1
82,895,440,1
83,34,161,0
84,11,844,0
85,182,676,0
86,853,644,1
87,791,446,1
88,672,735,1
89,817,553,1
90,983,742,1
91,287,779,0
92,398,767,0
93,838,611,1
94,613,82,1
95,129,295,0
96,95,696,0
97,582,88,1
98,313,923,0
99,325,387,0
100,677,711,1
101,17,92,0
102,686,499,1
103,15,641,0
104,142,131,1
105,540,456,1
106,844,773,1
107,219,950,0
108,41,669,0
109,715,789,1
110,377,752,0
111,646,521,1
112,559,618,1
113,86,760,0
114,344,500,0
115,475,900,0
116,778,837,1
117,368,822,0
118,102,748,0
119,947,568,1
120,320,247,1
121,450,734,0
122,79,475,0
123,363,546,0
124,128,625,0
125,364,204,1
126,29,737,0
127,641,818,0
128,787,710,1
129,876,849,1
130,633,614,1
131,679,976,0
132,924,708,1
133,85,197,0
134,831,619,1
135,518,815,0
136,624,993,0
137,513,176,1
138,206,661,0
139,12,372,0
140,30,279,0
141,87,626,0
142,957,563,1
143,942,150,1
144,304,826,0
145,317,160,1
146,807,205,1
147,310,501,0
148,968,214,1
149,957,743,1
150,407,445,1
151,453,36,1
152,507,579,0
153,548,24,1
154,316,463,0
155,65,400,0
156,137,835,0
157,174,85,1
158,638,162,1
159,112,520,0
160,818,704,1
161,163,120,1
162,926,277,1
163,547,333,1
164,90,48,1
165,197,120,1
166,106,509,0
167,588,193,1
168,981,514,1
169,927,300,1
170,22,492,0
171,695,673,1
172,443,264,1
173,591,255,1
174,563,488,1
175,244,813,0
176,981,605,1
177,356,533,0
178,27,636,0
179,179,141,1
180,53,486,0
181,360,594,0
182,426,287,1
183,406,331,1
184,178,155,1
185,214,447,0
186,222,784,0
187,330,533,0
188,169,596,0
189,52,350,0
190,448,484,1
191,341,233,1
192,444,413,1
193,258,995,0
194,161,371,0
195,761,944,0
196,934,684,1
197,929,274,1
198,133,72,1
199,911,685,1
200,837,752,1
201,405,261,1
202,466,647,0
203,317,109,1
204,279,33,1
205,459,269,1
206,193,231,0
207,896,127,1
208,52,556,0
209,875,614,1
210,348,760,0
211,762,899,0
212,538,494,1
213,38,981,0
214,534,227,1
215,716,188,1
216,771,358,1
217,280,627,0
218,190,998,0
219,724,736,1
220,264,621,0
221,302,120,1
222,771,407,1
223,424,876,0
224,273,878,0
225,513,210,1
226,152,798,0
227,953,962,1
228,818,904,1
229,273,414,0
230,193,941,0
231,1,500,0
232,128,169,0
233,947,867,1
234,844,729,1
235,764,736,1
236,593,218,1
237,963,836,1
238,921,688,1
239,178,275,0
240,751,735,1
241,834,820,1
242,170,962,0
243,435,680,0
244,645,238,1
245,552,425,1
246,659,497,1
247,745,432,1
248,520,836,0
249,90,35,1
250,962,787,1
251,945,905,1
252,182,133,1
253,869,803,1
254,15,148,0
255,353,466,0
256,114,155,0
257,752,975,0
258,13,255,0
259,723,458,1
260,789,683,1
261,374,826,0
262,679,44,1
263,352,661,0
264,782,109,1
265,873,54,1
266,291,824,0
267,662,953,0
268,899,954,1
269,528,3,1
270,194,162,1
271,362,818,0
272,605,350,1
273,97,286,0
274,37,369,0
275,246,876,0
276,216,693,0
277,511,245,1
278,489,697,0
279,324,719,0
280,583,903,0
281,732,375,1
282,740,501,1
283,408,458,1
284,668,853,0
285,847,455,1
286,149,395,0
287,529,258,1
288,549,755,0
289,752,751,1
290,215,245,0
291,71,961,0
292,936,542,1
293,230,39,1
294,590,972,0
295,262,33,1
296,87,293,0
297,47,325,0
298,279,285,1
299,122,496,0
300,956,90,1
301,272,283,1
302,996,605,1
303,273,4,1
304,358,368,1
305,792,766,1
306,158,94,1
307,691,462,1
308,401,468,0
309,617,138,1
310,184,906,0
311,861,840,1
312,226,125,1
313,183,9,1
314,250,220,1
315,513,248,1
316,344,413,0
317,134,163,0
318,203,476,0
319,886,637,1
320,836,719,1
321,55,269,0
322,694,361,1
323,982,886,1
324,649,369,1
325,75,548,0
326,461,262,1
327,754,552,1
328,732,225,1
329,350,624,0
330,792,471,1
331,816,694,1
332,996,938,1
333,597,19,1
334,623,715,0
335,981,344,1
336,674,686,1
337,104,25,1
338,427,553,0
339,867,487,1
340,850,794,1
341,800,888,1
342,1,781,0
343,300,940,0
344,664,551,1
345,121,511,0
346,918,721,1
347,820,518,1
348,748,516,1
349,873,936,1
350,267,734,0
351,290,731,0
352,894,935,1
353,518,663,0
354,850,715,1
355,623,307,1
356,801,211,1
357,380,290,1
358,446,994,0
359,572,777,0
360,163,809,0
361,132,416,0
362,711,703,1
363,848,987,0
364,155,121,1
365,790,964,0
366,315,346,1
367,192,159,1
368,234,319,0
369,159,274,0
370,662,417,1
371,125,934,0
372,930,600,1
373,899,526,1
374,234,249,1
375,697,347,1
376,529,660,0
377,956,217,1
378,463,524,0
379,785,690,1
380,511,531,1
381,464,261,1
382,220,930,0
383,75,123,0
384,971,794,1
385,62,182,0
386,123,690,0
387,273,854,0
388,833,165,1
389,521,248,1
390,712,599,1
391,341,357,1
392,398,932,0
393,755,973,0
394,754,829,1
395,762,7,1
396,410,688,0
397,195,358,0
398,504,434,1
399,1,977,0
400,556,692,0
401,295,735,0
402,909,464,1
403,344,852,0
404,977,846,1
405,802,461,1
406,21,839,0
407,892,372,1
408,430,933,0
409,758,961,0
410,301,573,0
411,56,85,0
412,104,234,0
413,595,819,0
414,142,735,0
415,619,702,0
416,571,521,1
417,630,41,1
418,113,311,0
419,238,607,0
420,399,342,1
421,610,752,0
422,291,877,0
423,859,52,1
424,500,610,0
425,922,631,1
426,99,352,0
427,831,33,1
428,183,486,0
429,348,33,1
430,735,884,0
431,215,197,1
432,738,4,1
433,471,600,0
434,802,403,1
435,118,281,0
436,751,603,1
437,69,812,0
438,456,86,1
439,725,208,1
440,997,921,1
441,57,844,0
442,208,163,1
443,90,894,0
444,905,704,1
445,370,922,0
446,281,310,1
447,57,491,0
448,182,467,0
449,118,9,1
450,797,409,1
451,597,175,1
452,45,992,0
453,927,255,1
454,416,390,1
455,663,317,1
456,677,989,0
457,393,549,0
458,496,121,1
459,181,82,1
460,812,860,1
461,969,668,1
462,679,368,1
463,644,76,1
464,579,401,1
465,711,431,1
466,636,852,0
467,198,149,1
468,509,568,1
469,892,773,1
470,109,96,1
471,885,199,1
472,623,529,1
473,356,749,0
474,952,150,1
475,269,422,0
476,522,118,1
477,221,641,0
478,229,383,0
479,733,619,1
480,140,265,0
481,270,30,1
482,301,169,1
483,646,870,0
484,674,288,1
485,336,112,1
486,837,944,1
487,90,505,0
488,121,363,0
489,496,200,1
490,955,335,1
491,134,241,0
492,975,386,1
493,810,775,1
494,823,38,1
495,776,453,1
496,254,697,0
497,583,522,1
498,363,987,0
499,448,895,0
500,281,429,0
501,783,61,1
502,779,419,1
503,779,672,1
504,925,429,1
505,103,282,0
506,838,944,1
507,403,237,1
508,865,355,1
509,860,425,1
510,770,481,1
511,743,382,1
512,773,483,1
513,318,39,1
514,59,527,0
515,473,443,1
516,230,225,1
517,838,825,1
518,932,812,1
519,547,31,1
520,688,412,1
521,255,599,0
522,91,411,0
523,224,399,0
524,690,207,1
525,640,667,1
526,73,797,0
527,649,617,1
528,29,188,0
529,927,649,1
530,31,40,1
531,173,79,1
532,125,737,0
533,823,55,1
534,834,199,1
535,430,683,0
536,710,108,1
537,979,756,1
538,696,351,1
539,907,178,1
540,63,968,0
541,312,162,1
542,232,5,1
543,448,739,0
544,498,64,1
545,54,765,0
546,405,426,1
547,335,199,1
548,217,929,0
549,159,107,1
550,603,41,1
551,514,640,0
552,266,642,0
553,894,563,1
554,40,813,0
555,885,884,1
556,508,540,1
557,209,672,0
558,908,837,1
559,768,968,0
560,879,203,1
561,159,741,0
562,361,130,1
563,299,775,0
564,872,213,1
565,522,177,1
566,627,765,0
567,64,618,0
568,970,647,1
569,390,722,0
570,720,987,0
571,533,742,0
572,117,669,0
573,95,507,0
574,456,930,0
575,950,443,1
576,786,217,1
577,55,959,0
578,557,859,0
579,238,554,0
580,148,80,1
581,429,845,0
582,804,496,1
583,343,100,1
584,168,786,0
585,974,228,1
586,226,741,0
587,940,127,1
588,37,128,0
589,655,390,1
590,512,792,0
591,686,537,1
592,901,326,1
593,712,206,1
594,655,586,1
595,716,164,1
596,257,384,0
597,786,203,1
598,284,653,0
599,528,163,1
600,265,518,0
601,289,69,1
602,572,949,0
603,81,561,0
604,113,714,0
605,27,181,0
606,673,946,0
607,435,118,1
608,972,510,1
609,871,838,1
610,682,538,1
611,848,619,1
612,69,704,0
613,55,392,0
614,22,400,0
615,26,50,0
616,432,783,0
617,125,73,1
618,746,82,1
619,349,129,1
620,725,685,1
621,105,212,0
622,53,444,0
623,793,533,1
624,701,476,1
625,680,540,1
626,851,599,1
627,94,297,0
628,498,419,1
629,654,71,1
630,79,726,0
631,703,382,1
632,243,720,0
633,141,324,0
634,46,749,0
635,191,610,0
636,525,678,0
637,635,471,1
638,650,146,1
639,822,563,1
640,922,342,1
641,728,322,1
642,461,758,0
643,3,995,0
644,414,462,1
645,460,651,0
646,921,498,1
647,523,707,0
648,396,999,0
649,69,563,0
650,366,332,1
651,49,241,0
652,445,760,0
653,791,810,1
654,988,297,1
655,435,148,1
656,280,718,0
657,273,958,0
658,364,666,0
659,347,620,0
660,187,942,0
661,550,706,0
662,42,673,0
663,747,221,1
664,608,646,1
665,209,393,0
666,53,163,0
667,695,922,0
668,304,905,0
669,79,946,0
670,749,885,0
671,518,547,1
672,899,274,1
673,592,58,1
674,220,600,0
675,745,65,1
676,589,221,1
677,790,896,1
678,357,422,0
679,354,351,1
680,411,675,0
681,765,401,1
682,792,76,1
683,350,568,0
684,99,68,1
685,185,186,1
686,515,168,1
687,875,813,1
688,303,52,1
689,42,292,0
690,497,827,0
691,274,206,1
692,450,336,1
693,330,367,1
694,383,6,1
695,741,397,1
696,352,264,1
697,405,921,0
698,697,990,0
699,121,208,0
700,834,164,1
701,95,894,0
702,481,641,0
703,661,750,0
704,56,209,0
705,641,191,1
706,24,319,0
707,897,726,1
708,948,867,1
709,525,676,0
710,491,28,1
711,400,797,0
712,997,386,1
713,309,349,1
714,374,674,0
715,421,166,1
716,89,471,0
717,47,34,1
718,412,337,1
719,121,185,0
720,41,453,0
721,507,800,0
722,228,929,0
723,195,998,0
724,672,90,1
725,818,588,1
726,997,324,1
727,702,681,1
728,252,397,0
729,457,863,0
730,907,22,1
731,926,749,1
732,315,567,0
733,35,506,0
734,150,454,0
735,338,675,0
736,479,660,0
737,266,153,1
738,394,668,0
739,731,858,0
740,962,345,1
741,63,170,0
742,273,939,0
743,427,62,1
744,330,957,0
745,205,948,0
746,906,862,1
747,103,914,0
748,93,241,0
749,569,858,0
750,309,500,0
751,885,279,1
752,638,194,1
753,860,472,1
754,436,989,0
755,70,85,0
756,422,220,1
757,383,402,1
758,228,140,1
759,748,719,1
760,331,326,1
761,469,425,1
762,513,741,0
763,525,545,1
764,595,106,1
765,692,87,1
766,645,862,0
767,654,67,1
768,505,51,1
769,955,311,1
770,752,463,1
771,375,764,0
772,959,710,1
773,53,264,0
774,441,355,1
775,605,361,1
776,922,987,1
777,197,817,0
778,563,431,1
779,211,301,0
780,65,764,0
781,8,868,0
782,592,800,0
783,527,280,1
784,470,298,1
785,413,428,1
786,754,630,1
787,715,11,1
788,698,197,1
789,535,168,1
790,500,21,1
791,537,80,1
792,180,298,0
793,617,696,1
794,765,696,1
795,997,83,1
796,563,340,1
797,864,172,1
798,28,910,0
799,831,349,1
800,295,453,0
801,125,530,0
802,788,783,1
803,542,637,0
804,827,987,0
805,856,263,1
806,881,182,1
807,557,191,1
808,637,110,1
809,957,602,1
810,873,190,1
811,289,119,1
812,724,966,0
813,354,317,1
814,372,365,1
815,80,500,0
816,881,94,1
817,422,405,1
818,84,974,0
819,635,111,1
820,446,790,0
821,740,799,1
822,549,648,0
823,772,963,0
824,489,714,0
825,645,883,0
826,693,386,1
827,888,260,1
828,617,813,0
829,953,803,1
830,381,569,0
831,46,866,0
832,23,771,0
833,934,402,1
834,965,605,1
835,814,413,1
836,926,640,1
837,158,318,0
838,395,546,0
839,459,968,0
840,492,931,0
841,390,39,1
842,724,818,1
843,921,663,1
844,486,959,0
845,737,472,1
846,393,701,0
847,830,306,1
848,423,142,1
849,176,507,0
850,628,546,1
851,172,466,0
852,513,518,1
853,780,175,1
854,639,669,1
855,645,657,1
856,945,998,1
857,978,355,1
858,283,809,0
859,549,268,1
860,183,271,0
861,998,873,1
862,102,861,0
863,708,498,1
864,171,652,0
865,184,982,0
866,59,585,0
867,609,355,1
868,969,364,1
869,97,958,0
870,478,807,0
871,511,171,1
872,549,709,0
873,254,442,0
874,213,468,0
875,475,662,0
876,783,240,1
877,620,235,1
878,831,158,1
879,115,315,0
880,360,962,0
881,233,333,0
882,760,349,1
883,112,60,1
884,691,374,1
885,857,655,1
886,451,579,0
887,228,186,1
888,644,957,0
889,686,648,1
890,774,518,1
891,709,450,1
892,300,488,0
893,559,289,1
894,281,803,0
895,168,372,0
896,946,146,1
897,657,734,1
898,254,866,0
899,230,848,0
900,50,624,0
901,400,526,0
902,778,14,1
903,209,105,1
904,138,930,0
905,239,633,0
906,530,924,0
907,183,4,1
908,464,153,1
909,731,823,1
910,191,800,0
911,374,495,0
912,197,489,0
913,635,909,0
914,698,293,1
915,62,204,0
916,908,46,1
917,722,152,1
918,992,867,1
919,794,533,1
920,354,648,0
921,187,497,0
922,6,704,0
923,230,15,1
924,424,720,0
925,172,321,0
926,877,122,1
927,825,361,1
928,452,730,0
929,843,148,1
930,95,985,0
931,596,395,1
932,59,379,0
933,147,1000,0
934,239,919,0
935,994,681,1
936,330,459,0
937,704,204,1
938,933,841,1
939,653,784,0
940,991,265,1
941,382,275,1
942,463,700,0
943,527,773,0
944,948,275,1
945,373,872,0
946,497,386,1
947,174,115,1
948,740,109,1
949,191,169,1
950,957,309,1
951,973,819,1
952,212,390,0
953,328,615,0
954,787,16,1
955,321,658,0
956,675,305,1
957,701,49,1
958,506,907,0
959,313,560,0
960,825,911,1
961,509,318,1
962,108,501,0
963,997,645,1
964,883,95,1
965,626,601,1
966,86,313,0
967,48,301,0
968,981,535,1
969,392,924,0
970,804,676,1
971,238,858,0
972,206,305,0
973,573,360,1
974,553,330,1
975,150,430,0
976,87,361,0
977,127,288,0
978,485,998,0
979,296,624,0
980,723,540,1
981,920,460,1
982,4,640,0
983,959,995,1
984,456,512,1
985,205,489,0
986,877,878,1
987,359,804,0
988,981,392,1
989,730,603,1
990,856,502,1
991,71,18,1
992,689,719,1
993,191,220,0
994,583,487,1
995,120,862,0
996,994,529,1
997,214,388,0
998,845,277,1
999,717,346,1
1000,683,799,0
