n 2000
c 336035
z 674926
time 0.00
1,706,52,1
2,99,552,0
3,28,662,0
4,448,655,0
5,654,928,0
6,949,190,1
7,822,649,1
8,608,80,1
9,339,665,0
10,423,318,1
11,395,72,1
12,575,503,1
13,175,688,0
14,678,688,0
15,211,289,0
16,760,585,1
17,850,505,1
18,158,212,0
19,871,229,1
20,422,586,0
21,14,713,0
22,451,572,0
23,832,448,1
24,532,731,0
25,77,401,0
26,443,900,0
27,916,134,1
28,428,924,0
29,758,226,1
30,365,339,1
31,633,806,0
32,292,832,0
33,128,504,0
34,403,665,0
35,872,136,1
36,641,557,1
37,933,264,1
38,931,529,1
39,235,328,0
40,288,731,0
41,368,779,0
42,354,134,1
43,262,706,0
44,495,226,1
45,167,43,1
46,527,63,1
47,297,62,1
48,609,118,1
49,753,683,1
50,798,788,1
51,371,67,1
52,399,932,0
53,727,201,1
54,649,896,0
55,528,453,1
56,286,580,0
57,799,141,1
58,920,583,1
59,132,992,0
60,295,462,0
61,796,873,0
62,450,439,1
63,790,748,1
64,562,415,1
65,615,696,0
66,537,784,0
67,509,273,1
68,906,267,1
69,377,264,1
70,122,806,0
71,789,578,1
72,307,90,1
73,917,770,1
74,818,499,1
75,483,956,0
76,550,877,0
77,226,775,0
78,761,871,0
79,20,381,0
80,212,479,0
81,231,314,0
82,226,610,0
83,570,159,1
84,886,366,1
85,789,274,1
86,625,118,1
87,774,596,1
88,67,880,0
89,608,958,0
90,579,407,1
91,526,937,0
92,138,289,0
93,838,409,1
94,841,932,0
95,880,580,1
96,659,609,1
97,653,253,1
98,676,573,1
99,741,800,0
100,513,664,0
101,153,681,0
102,834,476,1
103,839,590,1
104,882,964,0
105,827,629,1
106,815,758,1
107,226,779,0
108,877,887,0
109,466,203,1
110,981,705,1
111,102,71,1
112,882,43,1
113,950,301,1
114,324,861,0
115,746,241,1
116,157,671,0
117,127,707,0
118,369,165,1
119,834,301,1
120,731,1,1
121,690,716,0
122,635,557,1
123,2,392,0
124,587,635,0
125,940,553,1
126,641,27,1
127,537,1000,0
128,302,296,1
129,132,743,0
130,85,359,0
131,599,966,0
132,783,493,1
133,644,995,0
134,235,180,1
135,286,101,1
136,588,938,0
137,105,629,0
138,818,999,0
139,43,818,0
140,218,456,0
141,246,399,0
142,585,837,0
143,742,443,1
144,220,323,0
145,468,509,0
146,899,222,1
147,997,722,1
148,691,71,1
149,197,389,0
150,443,806,0
151,429,81,1
152,495,213,1
153,108,246,0
154,520,672,0
155,713,870,0
156,828,76,1
157,342,890,0
158,113,555,0
159,928,878,1
160,213,209,1
161,947,165,1
162,234,559,0
163,130,890,0
164,957,330,1
165,213,173,1
166,141,814,0
167,883,7,1
168,616,684,0
169,614,578,1
170,513,885,0
171,327,847,0
172,534,818,0
173,422,237,1
174,990,922,1
175,755,667,1
176,904,983,0
177,307,714,0
178,686,109,1
179,306,74,1
180,633,720,0
181,495,303,1
182,150,1,1
183,541,432,1
184,869,4,1
185,597,773,0
186,602,553,1
187,673,946,0
188,68,245,0
189,708,436,1
190,947,437,1
191,773,502,1
192,656,591,1
193,690,256,1
194,316,140,1
195,632,533,1
196,290,998,0
197,345,936,0
198,648,162,1
199,735,763,0
200,632,849,0
201,788,283,1
202,390,49,1
203,84,627,0
204,58,339,0
205,578,347,1
206,53,337,0
207,935,932,1
208,176,950,0
209,386,115,1
210,839,529,1
211,345,728,0
212,213,208,1
213,277,243,1
214,161,405,0
215,972,458,1
216,455,231,1
217,975,120,1
218,761,536,1
219,532,149,1
220,755,694,1
221,870,582,1
222,839,873,0
223,496,545,0
224,541,984,0
225,729,688,1
226,372,168,1
227,608,223,1
228,342,9,1
229,649,43,1
230,861,439,1
231,656,769,0
232,667,138,1
233,842,633,1
234,120,42,1
235,108,829,0
236,485,316,1
237,987,697,1
238,405,593,0
239,714,409,1
240,747,961,0
241,913,945,0
242,157,555,0
243,834,237,1
244,976,583,1
245,600,262,1
246,350,659,0
247,264,54,1
248,107,550,0
249,921,664,1
250,934,428,1
251,768,463,1
252,762,79,1
253,948,657,1
254,579,870,0
255,713,535,1
256,277,301,0
257,664,12,1
258,496,552,0
259,475,855,0
260,9,509,0
261,533,143,1
262,234,805,0
263,616,243,1
264,690,783,0
265,849,587,1
266,799,202,1
267,982,766,1
268,559,788,0
269,479,433,1
270,349,667,0
271,458,584,0
272,625,199,1
273,296,804,0
274,585,299,1
275,166,993,0
276,83,518,0
277,454,811,0
278,349,770,0
279,491,189,1
280,851,96,1
281,156,661,0
282,455,358,1
283,879,39,1
284,591,607,0
285,271,988,0
286,112,965,0
287,96,775,0
288,809,205,1
289,343,629,0
290,330,663,0
291,751,430,1
292,579,944,0
293,670,124,1
294,593,734,0
295,862,591,1
296,379,799,0
297,535,378,1
298,563,182,1
299,369,734,0
300,623,620,1
301,528,456,1
302,79,479,0
303,496,986,0
304,34,313,0
305,560,907,0
306,81,616,0
307,827,971,0
308,413,317,1
309,985,824,1
310,612,875,0
311,948,374,1
312,518,150,1
313,638,374,1
314,542,478,1
315,344,118,1
316,980,638,1
317,909,233,1
318,911,925,1
319,614,810,0
320,343,889,0
321,30,906,0
322,441,251,1
323,237,540,0
324,588,722,0
325,147,785,0
326,241,991,0
327,890,942,0
328,815,579,1
329,237,678,0
330,764,945,0
331,199,620,0
332,256,379,0
333,532,913,0
334,98,692,0
335,349,110,1
336,118,879,0
337,487,487,1
338,943,555,1
339,258,516,0
340,638,612,1
341,263,213,1
342,692,38,1
343,467,770,0
344,540,176,1
345,385,876,0
346,809,43,1
347,507,380,1
348,871,70,1
349,184,21,1
350,390,295,1
351,697,520,1
352,457,448,1
353,654,972,0
354,101,292,0
355,326,80,1
356,813,413,1
357,107,127,0
358,802,243,1
359,452,47,1
360,839,970,0
361,820,326,1
362,890,409,1
363,887,481,1
364,119,2,1
365,485,650,0
366,503,835,0
367,167,853,0
368,333,536,0
369,751,567,1
370,89,531,0
371,156,964,0
372,446,730,0
373,218,548,0
374,830,890,0
375,584,776,0
376,765,421,1
377,787,463,1
378,466,646,0
379,200,984,0
380,362,53,1
381,375,411,0
382,167,923,0
383,659,648,1
384,702,723,0
385,854,363,1
386,30,35,0
387,761,155,1
388,484,334,1
389,192,86,1
390,860,800,1
391,180,451,0
392,858,749,1
393,451,323,1
394,30,22,1
395,474,156,1
396,477,145,1
397,786,652,1
398,284,164,1
399,552,374,1
400,736,445,1
401,934,188,1
402,969,305,1
403,744,10,1
404,197,271,0
405,881,66,1
406,808,720,1
407,788,722,1
408,73,782,0
409,902,814,1
410,64,358,0
411,856,987,0
412,332,443,0
413,994,57,1
414,1,329,0
415,851,483,1
416,534,498,1
417,997,287,1
418,405,368,1
419,366,20,1
420,811,824,0
421,777,405,1
422,623,695,0
423,994,401,1
424,679,876,0
425,641,380,1
426,374,889,0
427,894,838,1
428,691,968,0
429,971,846,1
430,194,198,0
431,759,355,1
432,141,782,0
433,246,654,0
434,614,981,0
435,310,991,0
436,323,61,1
437,548,426,1
438,612,768,0
439,397,462,0
440,608,875,0
441,241,938,0
442,219,548,0
443,9,316,0
444,973,162,1
445,81,487,0
446,524,816,0
447,385,857,0
448,449,925,0
449,405,447,0
450,424,283,1
451,36,109,0
452,185,1,1
453,758,141,1
454,91,719,0
455,791,250,1
456,200,382,0
457,312,739,0
458,932,810,1
459,533,455,1
460,31,422,0
461,760,361,1
462,410,282,1
463,692,329,1
464,238,314,0
465,254,340,0
466,776,806,0
467,894,538,1
468,808,842,0
469,204,650,0
470,513,897,0
471,340,764,0
472,331,723,0
473,940,562,1
474,244,552,0
475,829,364,1
476,245,815,0
477,188,47,1
478,360,904,0
479,877,1,1
480,384,787,0
481,485,779,0
482,145,531,0
483,294,555,0
484,6,914,0
485,968,709,1
486,137,265,0
487,266,542,0
488,708,508,1
489,599,893,0
490,431,585,0
491,909,7,1
492,115,395,0
493,666,749,0
494,979,535,1
495,343,771,0
496,330,242,1
497,774,359,1
498,103,701,0
499,408,740,0
500,653,998,0
501,151,939,0
502,199,716,0
503,562,621,0
504,73,63,1
505,135,551,0
506,873,849,1
507,850,83,1
508,228,125,1
509,260,455,0
510,677,323,1
511,399,20,1
512,25,860,0
513,949,508,1
514,574,504,1
515,689,585,1
516,122,426,0
517,965,622,1
518,903,133,1
519,538,237,1
520,100,526,0
521,390,589,0
522,151,581,0
523,872,940,0
524,190,640,0
525,103,473,0
526,13,182,0
527,552,247,1
528,105,190,0
529,543,247,1
530,747,233,1
531,148,101,1
532,936,482,1
533,910,556,1
534,686,73,1
535,974,457,1
536,561,94,1
537,138,769,0
538,132,728,0
539,922,400,1
540,459,18,1
541,495,167,1
542,484,558,0
543,287,625,0
544,742,594,1
545,606,2,1
546,977,68,1
547,350,677,0
548,477,538,0
549,799,600,1
550,415,602,0
551,505,918,0
552,654,827,0
553,662,369,1
554,540,863,0
555,405,849,0
556,800,37,1
557,529,958,0
558,200,735,0
559,624,734,0
560,75,813,0
561,223,451,0
562,828,211,1
563,683,748,0
564,219,6,1
565,82,110,0
566,974,703,1
567,688,23,1
568,5,73,0
569,341,319,1
570,699,525,1
571,228,548,0
572,696,751,0
573,295,816,0
574,3,84,0
575,270,377,0
576,957,643,1
577,454,357,1
578,441,373,1
579,750,423,1
580,135,154,0
581,212,186,1
582,800,473,1
583,878,249,1
584,75,92,0
585,189,97,1
586,334,526,0
587,292,372,0
588,785,234,1
589,782,195,1
590,228,441,0
591,205,247,0
592,112,671,0
593,143,844,0
594,755,651,1
595,651,810,0
596,205,849,0
597,362,505,0
598,432,550,0
599,736,376,1
600,828,480,1
601,33,938,0
602,80,815,0
603,296,246,1
604,493,659,0
605,3,338,0
606,852,435,1
607,154,652,0
608,16,783,0
609,119,20,1
610,766,643,1
611,423,56,1
612,697,521,1
613,526,445,1
614,610,850,0
615,713,712,1
616,796,496,1
617,709,279,1
618,997,115,1
619,45,774,0
620,881,254,1
621,992,673,1
622,177,757,0
623,193,627,0
624,304,422,0
625,944,681,1
626,510,81,1
627,662,686,0
628,134,229,0
629,581,916,0
630,626,888,0
631,590,948,0
632,950,82,1
633,957,114,1
634,554,535,1
635,902,560,1
636,729,455,1
637,971,645,1
638,830,148,1
639,837,57,1
640,438,919,0
641,895,608,1
642,504,39,1
643,379,1000,0
644,737,472,1
645,780,585,1
646,333,356,0
647,978,65,1
648,544,648,0
649,804,104,1
650,962,726,1
651,208,319,0
652,192,962,0
653,798,864,0
654,7,507,0
655,379,641,0
656,132,48,1
657,785,347,1
658,615,388,1
659,323,474,0
660,974,111,1
661,901,48,1
662,590,459,1
663,946,50,1
664,940,392,1
665,64,894,0
666,873,236,1
667,255,551,0
668,763,619,1
669,943,224,1
670,625,70,1
671,350,465,0
672,87,763,0
673,120,704,0
674,263,505,0
675,473,167,1
676,513,446,1
677,86,589,0
678,241,856,0
679,610,780,0
680,414,732,0
681,540,359,1
682,539,542,1
683,53,670,0
684,911,29,1
685,320,511,0
686,831,826,1
687,475,707,0
688,739,933,0
689,409,490,0
690,125,948,0
691,777,539,1
692,173,282,0
693,674,396,1
694,418,831,0
695,773,419,1
696,4,89,0
697,604,535,1
698,629,791,0
699,17,670,0
700,149,350,0
701,127,283,0
702,837,178,1
703,453,11,1
704,771,722,1
705,97,93,1
706,980,809,1
707,401,572,0
708,576,501,1
709,188,370,0
710,966,789,1
711,551,570,0
712,264,211,1
713,172,178,0
714,450,172,1
715,597,796,0
716,372,928,0
717,374,55,1
718,927,259,1
719,993,54,1
720,524,383,1
721,290,125,1
722,64,299,0
723,690,884,0
724,492,923,0
725,458,978,0
726,360,309,1
727,917,542,1
728,839,414,1
729,584,188,1
730,238,176,1
731,22,987,0
732,143,249,0
733,755,287,1
734,154,952,0
735,562,304,1
736,882,814,1
737,234,199,1
738,453,918,0
739,603,271,1
740,245,506,0
741,398,407,0
742,581,660,0
743,227,587,0
744,69,854,0
745,68,130,0
746,150,7,1
747,639,488,1
748,193,243,0
749,153,448,0
750,137,877,0
751,741,37,1
752,465,995,0
753,459,765,0
754,64,142,0
755,14,539,0
756,169,101,1
757,766,359,1
758,999,165,1
759,92,436,0
760,334,415,0
761,92,263,0
762,21,886,0
763,820,887,0
764,351,91,1
765,851,460,1
766,440,775,0
767,53,896,0
768,413,964,0
769,443,325,1
770,332,457,0
771,375,394,0
772,347,392,0
773,685,597,1
774,644,253,1
775,573,646,0
776,678,501,1
777,76,262,0
778,479,384,1
779,602,147,1
780,909,613,1
781,967,641,1
782,404,441,0
783,231,414,0
784,713,124,1
785,829,642,1
786,861,144,1
787,259,696,0
788,230,334,0
789,199,30,1
790,407,727,0
791,193,685,0
792,1000,460,1
793,992,453,1
794,768,306,1
795,517,241,1
796,126,573,0
797,688,610,1
798,200,840,0
799,774,962,0
800,826,750,1
801,212,32,1
802,232,73,1
803,597,955,0
804,319,349,0
805,23,956,0
806,461,999,0
807,572,85,1
808,49,375,0
809,381,895,0
810,277,767,0
811,584,773,0
812,528,631,0
813,162,339,0
814,344,47,1
815,295,778,0
816,444,424,1
817,902,955,0
818,760,407,1
819,570,693,0
820,937,439,1
821,307,141,1
822,913,26,1
823,52,505,0
824,389,956,0
825,309,817,0
826,945,4,1
827,496,34,1
828,925,23,1
829,544,696,0
830,488,906,0
831,878,656,1
832,603,228,1
833,774,495,1
834,193,551,0
835,374,714,0
836,18,417,0
837,366,643,0
838,599,611,0
839,114,861,0
840,239,973,0
841,693,197,1
842,800,435,1
843,128,277,0
844,50,17,1
845,864,901,0
846,613,870,0
847,318,128,1
848,338,488,0
849,511,625,0
850,359,852,0
851,988,312,1
852,868,631,1
853,724,52,1
854,427,119,1
855,509,254,1
856,109,799,0
857,801,568,1
858,78,107,0
859,133,897,0
860,986,968,1
861,989,887,1
862,794,495,1
863,99,959,0
864,879,902,0
865,295,59,1
866,567,114,1
867,936,409,1
868,356,814,0
869,761,195,1
870,730,33,1
871,462,944,0
872,353,846,0
873,934,503,1
874,752,437,1
875,506,948,0
876,843,578,1
877,299,624,0
878,891,231,1
879,138,713,0
880,492,515,0
881,465,715,0
882,140,166,0
883,991,481,1
884,134,952,0
885,33,309,0
886,574,909,0
887,116,975,0
888,120,862,0
889,878,557,1
890,897,592,1
891,940,208,1
892,111,321,0
893,110,654,0
894,532,468,1
895,711,457,1
896,814,971,0
897,337,884,0
898,114,68,1
899,109,597,0
900,574,929,0
901,256,612,0
902,566,192,1
903,473,886,0
904,813,371,1
905,598,366,1
906,694,213,1
907,207,585,0
908,43,267,0
909,138,876,0
910,890,514,1
911,349,77,1
912,536,714,0
913,51,66,0
914,717,246,1
915,477,161,1
916,687,783,0
917,778,653,1
918,11,589,0
919,385,18,1
920,758,617,1
921,587,662,0
922,377,778,0
923,213,612,0
924,811,770,1
925,323,894,0
926,752,292,1
927,441,774,0
928,168,420,0
929,459,393,1
930,306,810,0
931,332,961,0
932,463,189,1
933,195,229,0
934,227,721,0
935,649,439,1
936,733,356,1
937,207,106,1
938,192,314,0
939,445,845,0
940,995,611,1
941,453,89,1
942,163,110,1
943,262,483,0
944,616,669,0
945,156,430,0
946,548,492,1
947,293,920,0
948,128,102,1
949,567,127,1
950,673,47,1
951,836,520,1
952,727,152,1
953,759,852,0
954,518,738,0
955,889,192,1
956,22,842,0
957,668,959,0
958,45,605,0
959,841,166,1
960,733,608,1
961,148,971,0
962,248,119,1
963,709,267,1
964,54,336,0
965,130,631,0
966,353,995,0
967,887,194,1
968,8,928,0
969,312,866,0
970,648,501,1
971,477,496,0
972,881,651,1
973,892,125,1
974,116,460,0
975,957,84,1
976,682,451,1
977,654,38,1
978,64,311,0
979,631,237,1
980,663,933,0
981,144,313,0
982,512,18,1
983,846,505,1
984,836,210,1
985,828,519,1
986,569,320,1
987,774,106,1
988,80,418,0
989,257,192,1
990,187,191,0
991,383,784,0
992,85,16,1
993,310,938,0
994,450,521,0
995,448,308,1
996,669,299,1
997,405,529,0
998,944,327,1
999,596,432,1
1000,678,320,1
1001,305,159,1
1002,325,46,1
1003,584,289,1
1004,695,843,0
1005,696,507,1
1006,463,467,1
1007,610,167,1
1008,704,757,0
1009,401,859,0
1010,553,184,1
1011,739,961,0
1012,501,956,0
1013,77,556,0
1014,736,727,1
1015,686,124,1
1016,107,792,0
1017,498,486,1
1018,864,83,1
1019,286,395,0
1020,497,617,0
1021,339,194,1
1022,875,84,1
1023,3,389,0
1024,248,420,0
1025,777,549,1
1026,42,865,0
1027,141,931,0
1028,891,61,1
1029,597,372,1
1030,649,773,0
1031,23,584,0
1032,623,396,1
1033,10,448,0
1034,407,244,1
1035,261,745,0
1036,284,170,1
1037,567,489,1
1038,763,828,0
1039,605,557,1
1040,81,658,0
1041,683,340,1
1042,63,511,0
1043,842,380,1
1044,691,250,1
1045,599,439,1
1046,257,621,0
1047,491,641,0
1048,806,17,1
1049,327,337,0
1050,581,796,0
1051,40,690,0
1052,170,544,0
1053,272,533,0
1054,131,761,0
1055,965,492,1
1056,567,811,0
1057,803,965,0
1058,958,166,1
1059,380,801,0
1060,273,703,0
1061,512,584,0
1062,835,556,1
1063,200,555,0
1064,212,387,0
1065,259,646,0
1066,798,951,0
1067,28,736,0
1068,904,521,1
1069,291,168,1
1070,528,863,0
1071,559,574,0
1072,325,451,0
1073,101,899,0
1074,515,35,1
1075,322,261,1
1076,984,672,1
1077,524,67,1
1078,107,669,0
1079,479,202,1
1080,724,198,1
1081,580,602,0
1082,158,194,0
1083,172,488,0
1084,33,647,0
1085,714,720,1
1086,221,617,0
1087,694,246,1
1088,249,342,0
1089,461,17,1
1090,624,241,1
1091,750,366,1
1092,301,985,0
1093,864,404,1
1094,941,997,0
1095,743,713,1
1096,875,6,1
1097,365,689,0
1098,650,217,1
1099,93,909,0
1100,739,327,1
1101,242,792,0
1102,110,259,0
1103,198,369,0
1104,357,696,0
1105,247,669,0
1106,75,165,0
1107,468,101,1
1108,92,69,1
1109,214,128,1
1110,710,31,1
1111,385,637,0
1112,565,231,1
1113,690,143,1
1114,469,359,1
1115,458,148,1
1116,336,229,1
1117,416,916,0
1118,287,794,0
1119,52,763,0
1120,949,125,1
1121,72,59,1
1122,671,250,1
1123,81,329,0
1124,168,786,0
1125,35,657,0
1126,433,815,0
1127,324,89,1
1128,174,116,1
1129,574,616,0
1130,43,640,0
1131,632,745,0
1132,925,469,1
1133,534,576,0
1134,629,545,1
1135,452,63,1
1136,303,128,1
1137,594,341,1
1138,449,92,1
1139,833,228,1
1140,191,946,0
1141,964,349,1
1142,939,882,1
1143,154,650,0
1144,113,787,0
1145,279,928,0
1146,417,888,0
1147,402,935,0
1148,526,395,1
1149,994,672,1
1150,739,773,0
1151,353,418,0
1152,253,407,0
1153,306,200,1
1154,148,280,0
1155,567,851,0
1156,971,291,1
1157,283,655,0
1158,678,179,1
1159,591,436,1
1160,899,207,1
1161,608,748,0
1162,42,292,0
1163,389,44,1
1164,246,683,0
1165,886,952,0
1166,869,361,1
1167,616,792,0
1168,380,228,1
1169,813,321,1
1170,724,417,1
1171,504,281,1
1172,241,391,0
1173,254,923,0
1174,40,559,0
1175,368,915,0
1176,608,235,1
1177,397,190,1
1178,986,216,1
1179,884,81,1
1180,347,385,0
1181,848,405,1
1182,304,681,0
1183,164,404,0
1184,784,381,1
1185,149,635,0
1186,765,828,0
1187,487,195,1
1188,596,363,1
1189,383,549,0
1190,317,537,0
1191,520,306,1
1192,964,940,1
1193,290,756,0
1194,141,87,1
1195,372,269,1
1196,687,641,1
1197,114,506,0
1198,551,586,0
1199,914,483,1
1200,461,660,0
1201,488,986,0
1202,539,148,1
1203,641,493,1
1204,314,267,1
1205,500,657,0
1206,575,502,1
1207,892,669,1
1208,867,710,1
1209,67,425,0
1210,256,197,1
1211,425,522,0
1212,255,638,0
1213,698,723,0
1214,406,759,0
1215,141,912,0
1216,454,294,1
1217,880,402,1
1218,467,317,1
1219,201,402,0
1220,101,907,0
1221,304,708,0
1222,780,841,0
1223,512,282,1
1224,32,510,0
1225,668,665,1
1226,206,223,0
1227,982,508,1
1228,598,590,1
1229,10,692,0
1230,289,901,0
1231,138,25,1
1232,777,311,1
1233,499,839,0
1234,760,852,0
1235,164,287,0
1236,906,671,1
1237,534,817,0
1238,927,574,1
1239,943,995,0
1240,888,102,1
1241,345,377,0
1242,739,952,0
1243,7,673,0
1244,282,659,0
1245,792,425,1
1246,933,735,1
1247,308,399,0
1248,752,491,1
1249,507,237,1
1250,671,884,0
1251,997,760,1
1252,125,715,0
1253,620,947,0
1254,20,850,0
1255,861,589,1
1256,879,602,1
1257,822,43,1
1258,36,492,0
1259,881,235,1
1260,133,202,0
1261,711,710,1
1262,397,737,0
1263,736,809,0
1264,367,262,1
1265,374,585,0
1266,706,186,1
1267,169,144,1
1268,866,947,0
1269,533,688,0
1270,304,592,0
1271,551,995,0
1272,265,56,1
1273,751,101,1
1274,812,688,1
1275,464,342,1
1276,980,256,1
1277,210,544,0
1278,141,928,0
1279,713,57,1
1280,108,828,0
1281,222,813,0
1282,951,833,1
1283,907,4,1
1284,740,355,1
1285,772,323,1
1286,910,180,1
1287,33,738,0
1288,201,987,0
1289,288,882,0
1290,535,847,0
1291,895,904,1
1292,827,743,1
1293,863,290,1
1294,722,311,1
1295,924,132,1
1296,201,593,0
1297,33,943,0
1298,170,869,0
1299,552,616,0
1300,344,670,0
1301,967,361,1
1302,834,411,1
1303,54,430,0
1304,445,735,0
1305,797,941,0
1306,817,902,0
1307,475,35,1
1308,813,228,1
1309,545,927,0
1310,599,99,1
1311,644,142,1
1312,180,408,0
1313,713,706,1
1314,997,243,1
1315,844,615,1
1316,394,490,0
1317,953,244,1
1318,849,193,1
1319,659,722,0
1320,799,303,1
1321,618,557,1
1322,399,768,0
1323,167,779,0
1324,616,739,0
1325,300,85,1
1326,160,103,1
1327,950,914,1
1328,263,287,0
1329,76,714,0
1330,414,926,0
1331,378,718,0
1332,254,81,1
1333,62,818,0
1334,981,280,1
1335,787,187,1
1336,428,993,0
1337,539,307,1
1338,844,137,1
1339,184,982,0
1340,926,431,1
1341,435,808,0
1342,913,263,1
1343,998,381,1
1344,870,416,1
1345,93,220,0
1346,288,251,1
1347,422,489,0
1348,880,944,0
1349,185,789,0
1350,932,103,1
1351,987,485,1
1352,615,767,0
1353,165,588,0
1354,404,118,1
1355,417,6,1
1356,540,326,1
1357,492,994,0
1358,135,64,1
1359,735,274,1
1360,735,104,1
1361,1000,418,1
1362,552,301,1
1363,493,123,1
1364,635,299,1
1365,864,131,1
1366,522,103,1
1367,102,331,0
1368,798,366,1
1369,338,229,1
1370,539,362,1
1371,319,383,0
1372,6,291,0
1373,18,96,0
1374,205,830,0
1375,21,366,0
1376,844,972,0
1377,32,178,0
1378,224,241,0
1379,627,817,0
1380,452,494,0
1381,742,239,1
1382,793,694,1
1383,297,530,0
1384,283,843,0
1385,463,424,1
1386,438,42,1
1387,389,422,0
1388,231,393,0
1389,49,23,1
1390,879,571,1
1391,958,965,1
1392,210,718,0
1393,603,127,1
1394,238,274,0
1395,427,22,1
1396,639,581,1
1397,287,30,1
1398,783,671,1
1399,183,806,0
1400,243,320,0
1401,233,259,0
1402,712,201,1
1403,928,151,1
1404,172,742,0
1405,693,594,1
1406,954,885,1
1407,267,842,0
1408,485,547,0
1409,572,517,1
1410,813,780,1
1411,273,824,0
1412,32,164,0
1413,343,978,0
1414,183,775,0
1415,637,978,0
1416,801,474,1
1417,954,433,1
1418,742,476,1
1419,227,646,0
1420,905,452,1
1421,938,77,1
1422,681,400,1
1423,466,939,0
1424,865,759,1
1425,495,984,0
1426,818,436,1
1427,11,553,0
1428,722,711,1
1429,594,24,1
1430,502,345,1
1431,535,307,1
1432,227,757,0
1433,527,150,1
1434,730,78,1
1435,83,678,0
1436,186,864,0
1437,396,52,1
1438,704,159,1
1439,751,681,1
1440,361,646,0
1441,376,900,0
1442,736,453,1
1443,34,877,0
1444,794,842,0
1445,452,845,0
1446,694,490,1
1447,8,997,0
1448,851,820,1
1449,77,47,1
1450,522,387,1
1451,44,116,0
1452,211,662,0
1453,271,763,0
1454,155,670,0
1455,949,195,1
1456,378,371,1
1457,803,157,1
1458,83,99,0
1459,916,777,1
1460,156,80,1
1461,265,452,0
1462,829,165,1
1463,28,755,0
1464,166,501,0
1465,934,686,1
1466,833,32,1
1467,737,812,0
1468,343,354,0
1469,783,206,1
1470,31,130,0
1471,377,475,0
1472,824,340,1
1473,364,600,0
1474,559,915,0
1475,77,345,0
1476,84,639,0
1477,597,161,1
1478,223,414,0
1479,864,978,0
1480,296,779,0
1481,576,689,0
1482,780,760,1
1483,526,649,0
1484,99,416,0
1485,592,594,1
1486,559,182,1
1487,814,526,1
1488,935,844,1
1489,671,944,0
1490,761,337,1
1491,48,529,0
1492,398,553,0
1493,772,72,1
1494,366,114,1
1495,512,45,1
1496,629,577,1
1497,445,483,0
1498,526,391,1
1499,248,448,0
1500,507,332,1
1501,86,666,0
1502,15,518,0
1503,33,151,0
1504,58,774,0
1505,552,881,0
1506,924,255,1
1507,970,236,1
1508,701,796,0
1509,899,901,1
1510,456,340,1
1511,943,553,1
1512,80,781,0
1513,715,744,0
1514,987,842,1
1515,331,12,1
1516,907,946,0
1517,782,266,1
1518,123,943,0
1519,37,891,0
1520,79,983,0
1521,851,135,1
1522,340,211,1
1523,255,87,1
1524,366,722,0
1525,156,933,0
1526,344,537,0
1527,385,698,0
1528,446,569,0
1529,596,644,0
1530,599,653,0
1531,826,570,1
1532,943,878,1
1533,122,470,0
1534,496,221,1
1535,79,798,0
1536,984,932,1
1537,100,294,0
1538,933,521,1
1539,849,285,1
1540,877,512,1
1541,804,954,0
1542,515,844,0
1543,827,540,1
1544,739,194,1
1545,758,251,1
1546,735,531,1
1547,810,654,1
1548,290,435,0
1549,687,90,1
1550,121,978,0
1551,163,931,0
1552,778,871,0
1553,151,298,0
1554,324,108,1
1555,247,731,0
1556,398,2,1
1557,623,850,0
1558,187,42,1
1559,385,842,0
1560,35,372,0
1561,403,386,1
1562,998,680,1
1563,766,428,1
1564,465,183,1
1565,969,210,1
1566,74,212,0
1567,27,935,0
1568,888,965,0
1569,624,352,1
1570,460,552,0
1571,387,253,1
1572,332,268,1
1573,553,472,1
1574,262,301,0
1575,654,721,0
1576,586,3,1
1577,417,163,1
1578,1000,976,1
1579,634,751,0
1580,184,340,0
1581,93,803,0
1582,856,975,0
1583,382,278,1
1584,512,762,0
1585,667,82,1
1586,401,674,0
1587,137,487,0
1588,292,306,0
1589,119,40,1
1590,520,796,0
1591,279,164,1
1592,627,323,1
1593,267,868,0
1594,481,520,0
1595,772,100,1
1596,746,800,0
1597,453,599,0
1598,22,478,0
1599,206,923,0
1600,212,82,1
1601,884,294,1
1602,768,93,1
1603,190,708,0
1604,594,296,1
1605,979,542,1
1606,475,872,0
1607,503,489,1
1608,99,272,0
1609,749,400,1
1610,558,148,1
1611,997,110,1
1612,621,141,1
1613,414,412,1
1614,200,29,1
1615,655,779,0
1616,457,665,0
1617,464,855,0
1618,412,326,1
1619,478,425,1
1620,90,17,1
1621,931,479,1
1622,493,87,1
1623,179,889,0
1624,118,590,0
1625,730,347,1
1626,554,318,1
1627,724,90,1
1628,699,616,1
1629,701,173,1
1630,867,329,1
1631,446,762,0
1632,299,698,0
1633,457,529,0
1634,697,40,1
1635,300,385,0
1636,712,611,1
1637,497,717,0
1638,681,397,1
1639,222,931,0
1640,120,705,0
1641,72,41,1
1642,425,965,0
1643,355,396,0
1644,809,429,1
1645,716,830,0
1646,929,5,1
1647,967,395,1
1648,749,475,1
1649,164,889,0
1650,635,423,1
1651,676,65,1
1652,703,488,1
1653,730,766,0
1654,380,261,1
1655,765,905,0
1656,180,716,0
1657,154,534,0
1658,8,658,0
1659,822,479,1
1660,547,336,1
1661,448,443,1
1662,240,102,1
1663,93,971,0
1664,5,559,0
1665,950,281,1
1666,999,136,1
1667,708,445,1
1668,508,718,0
1669,139,621,0
1670,800,907,0
1671,756,704,1
1672,823,637,1
1673,156,207,0
1674,506,683,0
1675,858,504,1
1676,716,133,1
1677,62,9,1
1678,916,215,1
1679,973,598,1
1680,549,617,0
1681,513,231,1
1682,48,894,0
1683,861,856,1
1684,107,135,0
1685,878,494,1
1686,371,100,1
1687,365,155,1
1688,821,486,1
1689,946,759,1
1690,619,652,0
1691,178,931,0
1692,682,927,0
1693,16,314,0
1694,175,468,0
1695,458,567,0
1696,978,358,1
1697,314,261,1
1698,698,934,0
1699,325,767,0
1700,768,464,1
1701,665,541,1
1702,696,939,0
1703,31,407,0
1704,498,124,1
1705,552,313,1
1706,743,207,1
1707,571,316,1
1708,87,836,0
1709,116,636,0
1710,343,250,1
1711,25,387,0
1712,775,355,1
1713,142,953,0
1714,434,291,1
1715,472,102,1
1716,559,869,0
1717,470,342,1
1718,644,884,0
1719,708,648,1
1720,490,52,1
1721,817,315,1
1722,571,163,1
1723,785,78,1
1724,728,575,1
1725,605,410,1
1726,775,140,1
1727,357,61,1
1728,442,42,1
1729,663,382,1
1730,67,129,0
1731,441,624,0
1732,963,218,1
1733,419,566,0
1734,866,276,1
1735,816,761,1
1736,528,296,1
1737,659,593,1
1738,354,593,0
1739,783,893,0
1740,552,419,1
1741,22,96,0
1742,836,431,1
1743,755,867,0
1744,645,720,0
1745,363,609,0
1746,353,181,1
1747,949,970,0
1748,497,259,1
1749,819,736,1
1750,390,247,1
1751,584,320,1
1752,401,565,0
1753,489,805,0
1754,680,663,1
1755,633,999,0
1756,405,5,1
1757,629,370,1
1758,152,710,0
1759,686,23,1
1760,245,193,1
1761,572,252,1
1762,992,234,1
1763,103,152,0
1764,669,900,0
1765,561,703,0
1766,404,143,1
1767,840,862,0
1768,401,431,0
1769,480,116,1
1770,506,297,1
1771,932,414,1
1772,305,962,0
1773,716,749,0
1774,33,573,0
1775,515,733,0
1776,582,537,1
1777,296,949,0
1778,837,29,1
1779,444,246,1
1780,346,897,0
1781,83,945,0
1782,649,514,1
1783,611,218,1
1784,356,833,0
1785,770,843,0
1786,939,634,1
1787,804,430,1
1788,121,620,0
1789,897,707,1
1790,403,697,0
1791,429,194,1
1792,227,563,0
1793,369,470,0
1794,187,497,0
1795,48,903,0
1796,414,685,0
1797,508,785,0
1798,760,308,1
1799,62,350,0
1800,277,729,0
1801,556,789,0
1802,911,390,1
1803,916,837,1
1804,905,560,1
1805,743,362,1
1806,248,205,1
1807,137,82,1
1808,930,173,1
1809,949,853,1
1810,590,523,1
1811,93,807,0
1812,947,566,1
1813,111,628,0
1814,165,280,0
1815,828,598,1
1816,114,130,0
1817,138,686,0
1818,266,298,0
1819,113,477,0
1820,717,586,1
1821,530,165,1
1822,182,638,0
1823,818,177,1
1824,389,642,0
1825,559,597,0
1826,787,45,1
1827,18,139,0
1828,270,214,1
1829,690,172,1
1830,636,210,1
1831,618,968,0
1832,709,511,1
1833,664,898,0
1834,201,41,1
1835,78,362,0
1836,720,942,0
1837,741,104,1
1838,976,807,1
1839,549,426,1
1840,41,853,0
1841,466,578,0
1842,749,222,1
1843,553,855,0
1844,771,955,0
1845,768,103,1
1846,450,623,0
1847,987,526,1
1848,218,614,0
1849,538,709,0
1850,527,439,1
1851,376,530,0
1852,879,496,1
1853,438,159,1
1854,859,68,1
1855,518,130,1
1856,730,4,1
1857,44,977,0
1858,568,631,0
1859,166,455,0
1860,821,63,1
1861,61,127,0
1862,626,538,1
1863,379,316,1
1864,735,329,1
1865,412,635,0
1866,880,609,1
1867,986,630,1
1868,94,867,0
1869,680,670,1
1870,969,314,1
1871,416,508,0
1872,219,473,0
1873,328,212,1
1874,200,358,0
1875,38,270,0
1876,586,239,1
1877,781,66,1
1878,760,856,0
1879,216,792,0
1880,606,22,1
1881,251,265,0
1882,104,426,0
1883,937,269,1
1884,361,637,0
1885,943,314,1
1886,448,549,0
1887,495,925,0
1888,353,1,1
1889,266,417,0
1890,538,951,0
1891,437,705,0
1892,692,831,0
1893,28,291,0
1894,825,180,1
1895,316,940,0
1896,485,119,1
1897,217,122,1
1898,876,487,1
1899,360,889,0
1900,187,625,0
1901,223,341,0
1902,867,423,1
1903,521,961,0
1904,816,736,1
1905,237,690,0
1906,689,661,1
1907,334,772,0
1908,144,563,0
1909,894,399,1
1910,40,570,0
1911,539,748,0
1912,606,673,0
1913,803,578,1
1914,503,91,1
1915,292,351,0
1916,273,826,0
1917,668,317,1
1918,407,654,0
1919,143,676,0
1920,372,290,1
1921,951,949,1
1922,217,860,0
1923,254,746,0
1924,633,791,0
1925,895,640,1
1926,345,383,0
1927,114,846,0
1928,741,304,1
1929,670,101,1
1930,726,483,1
1931,968,539,1
1932,207,197,1
1933,194,229,0
1934,559,566,0
1935,935,593,1
1936,761,907,0
1937,331,77,1
1938,198,89,1
1939,176,528,0
1940,317,615,0
1941,411,291,1
1942,369,558,0
1943,716,700,1
1944,608,520,1
1945,20,831,0
1946,987,578,1
1947,201,232,0
1948,425,855,0
1949,629,689,0
1950,39,938,0
1951,29,708,0
1952,834,103,1
1953,837,391,1
1954,757,631,1
1955,377,842,0
1956,822,743,1
1957,214,429,0
1958,810,420,1
1959,590,826,0
1960,721,364,1
1961,394,436,0
1962,892,484,1
1963,379,307,1
1964,19,586,0
1965,305,269,1
1966,227,150,1
1967,228,515,0
1968,884,10,1
1969,297,869,0
1970,473,19,1
1971,916,11,1
1972,369,170,1
1973,596,289,1
1974,322,980,0
1975,236,909,0
1976,413,682,0
1977,109,241,0
1978,708,158,1
1979,897,87,1
1980,736,147,1
1981,362,462,0
1982,56,983,0
1983,321,920,0
1984,915,488,1
1985,187,813,0
1986,455,471,0
1987,5,576,0
1988,530,246,1
1989,697,627,1
1990,637,570,1
1991,25,393,0
1992,112,117,1
1993,591,984,0
1994,536,259,1
1995,327,730,0
1996,957,798,1
1997,556,886,0
1998,537,304,1
1999,455,312,1
2000,163,404,0
