n 2000
c 98228
z 374070
time 0.00
1,710,416,0
2,727,724,0
3,808,906,0
4,212,811,0
5,218,428,0
6,281,930,0
7,434,925,0
8,572,300,1
9,343,581,0
10,867,970,0
11,383,700,0
12,91,851,0
13,891,532,0
14,138,148,0
15,431,493,0
16,116,909,0
17,518,149,1
18,514,512,0
19,971,41,1
20,898,902,0
21,106,893,0
22,903,776,0
23,548,340,0
24,632,343,0
25,801,949,0
26,383,736,0
27,832,322,1
28,272,208,0
29,602,326,1
30,537,551,0
31,165,338,0
32,832,220,1
33,348,380,0
34,111,453,0
35,308,4,1
36,925,721,0
37,377,652,0
38,887,709,0
39,239,364,0
40,716,727,0
41,244,607,0
42,406,386,0
43,954,798,0
44,307,782,0
45,147,471,0
46,899,139,1
47,445,858,0
48,829,586,0
49,133,239,0
50,450,624,0
51,695,647,0
52,603,384,0
53,995,517,1
54,685,572,0
55,468,137,1
56,122,512,0
57,539,953,0
58,988,595,0
59,192,116,0
60,939,994,0
61,536,213,1
62,78,763,0
63,234,984,0
64,814,507,0
65,603,348,0
66,925,252,1
67,985,917,0
68,630,727,0
69,821,356,1
70,646,330,1
71,361,862,0
72,455,894,0
73,689,798,0
74,806,551,0
75,127,496,0
76,938,225,1
77,734,243,1
78,389,219,0
79,696,649,0
80,528,331,0
81,347,566,0
82,758,494,0
83,646,739,0
84,338,658,0
85,409,238,0
86,701,146,1
87,434,112,1
88,23,700,0
89,916,786,0
90,735,595,0
91,66,357,0
92,462,13,1
93,386,85,1
94,77,1000,0
95,748,8,1
96,631,533,0
97,313,225,0
98,960,33,1
99,929,236,1
100,389,836,0
101,477,685,0
102,598,848,0
103,387,122,1
104,558,32,1
105,631,425,0
106,91,114,0
107,598,207,1
108,969,739,0
109,118,503,0
110,825,229,1
111,82,851,0
112,374,295,0
113,290,313,0
114,640,609,0
115,390,269,0
116,169,931,0
117,683,871,0
118,261,377,0
119,886,609,0
120,983,109,1
121,230,352,0
122,215,577,0
123,942,36,1
124,263,327,0
125,320,53,1
126,957,719,0
127,277,268,0
128,442,956,0
129,480,379,0
130,857,131,1
131,51,370,0
132,75,921,0
133,136,159,0
134,527,560,0
135,802,745,0
136,40,262,0
137,429,857,0
138,998,115,1
139,207,142,0
140,286,244,0
141,770,11,1
142,925,97,1
143,442,695,0
144,464,119,1
145,224,441,0
146,223,954,0
147,201,158,0
148,719,203,1
149,329,993,0
150,303,986,0
151,833,301,1
152,67,433,0
153,600,170,1
154,828,428,1
155,557,826,0
156,376,584,0
157,986,390,1
158,949,55,1
159,516,498,0
160,169,637,0
161,55,89,0
162,702,859,0
163,334,358,0
164,17,982,0
165,569,81,1
166,921,610,0
167,943,195,1
168,940,624,0
169,410,886,0
170,237,465,0
171,227,939,0
172,994,158,1
173,954,33,1
174,130,78,0
175,767,807,0
176,916,891,0
177,431,766,0
178,914,841,0
179,646,94,1
180,333,108,1
181,955,979,0
182,98,533,0
183,137,604,0
184,577,640,0
185,817,505,0
186,614,253,1
187,805,166,1
188,152,897,0
189,104,800,0
190,415,881,0
191,825,202,1
192,572,595,0
193,686,836,0
194,360,488,0
195,956,321,1
196,670,970,0
197,317,564,0
198,844,734,0
199,795,87,1
200,420,245,0
201,64,711,0
202,618,101,1
203,896,223,1
204,822,271,1
205,958,535,0
206,913,797,0
207,491,648,0
208,820,666,0
209,238,471,0
210,835,933,0
211,333,372,0
212,329,364,0
213,521,959,0
214,285,625,0
215,536,782,0
216,963,307,1
217,163,868,0
218,421,988,0
219,272,153,0
220,183,242,0
221,266,66,1
222,371,997,0
223,804,269,1
224,1,500,0
225,205,980,0
226,544,36,1
227,4,155,0
228,738,173,1
229,397,55,1
230,721,99,1
231,756,37,1
232,655,254,1
233,310,557,0
234,132,526,0
235,944,529,0
236,961,656,0
237,167,229,0
238,577,773,0
239,222,197,0
240,87,309,0
241,557,829,0
242,105,199,0
243,566,57,1
244,804,387,1
245,492,26,1
246,410,855,0
247,452,242,1
248,575,274,1
249,669,676,0
250,506,392,0
251,668,283,1
252,542,403,0
253,648,501,0
254,927,714,0
255,653,35,1
256,65,689,0
257,564,760,0
258,316,12,1
259,479,563,0
260,613,865,0
261,329,891,0
262,30,817,0
263,380,479,0
264,758,715,0
265,333,775,0
266,547,678,0
267,834,386,1
268,947,128,1
269,819,541,0
270,97,879,0
271,614,508,0
272,813,779,0
273,908,480,1
274,341,111,1
275,914,109,1
276,63,34,1
277,266,23,1
278,425,534,0
279,543,873,0
280,231,396,0
281,816,873,0
282,579,194,1
283,371,571,0
284,171,363,0
285,635,176,1
286,700,817,0
287,980,75,1
288,853,601,0
289,371,617,0
290,638,739,0
291,779,466,0
292,727,564,0
293,786,1000,0
294,565,962,0
295,498,627,0
296,903,363,1
297,267,286,0
298,319,514,0
299,813,250,1
300,675,680,0
301,92,172,0
302,635,987,0
303,876,974,0
304,422,149,1
305,724,31,1
306,173,420,0
307,151,311,0
308,481,385,0
309,749,868,0
310,104,343,0
311,984,994,0
312,962,786,0
313,970,410,1
314,122,850,0
315,148,122,0
316,656,610,0
317,409,437,0
318,779,377,1
319,634,390,0
320,67,909,0
321,946,958,0
322,749,271,1
323,289,616,0
324,464,158,1
325,671,221,1
326,301,955,0
327,134,530,0
328,19,423,0
329,505,802,0
330,416,893,0
331,43,576,0
332,812,655,0
333,144,901,0
334,366,416,0
335,761,250,1
336,498,123,1
337,843,51,1
338,867,479,0
339,950,928,0
340,170,496,0
341,67,865,0
342,320,706,0
343,543,686,0
344,992,980,0
345,557,104,1
346,421,567,0
347,519,832,0
348,787,466,0
349,996,249,1
350,306,539,0
351,629,780,0
352,77,132,0
353,330,600,0
354,889,832,0
355,986,476,1
356,689,345,1
357,831,891,0
358,478,359,0
359,976,451,1
360,91,814,0
361,320,850,0
362,702,741,0
363,171,581,0
364,219,766,0
365,377,262,0
366,355,943,0
367,355,153,1
368,401,820,0
369,347,603,0
370,661,951,0
371,592,808,0
372,18,470,0
373,558,272,1
374,986,502,1
375,340,156,1
376,665,353,1
377,23,235,0
378,6,186,0
379,956,20,1
380,750,857,0
381,435,415,0
382,811,455,0
383,863,500,0
384,282,239,0
385,866,767,0
386,802,975,0
387,845,311,1
388,536,218,1
389,964,690,0
390,56,788,0
391,240,447,0
392,318,145,1
393,287,471,0
394,234,106,1
395,174,672,0
396,305,797,0
397,246,984,0
398,616,424,0
399,140,2,1
400,276,473,0
401,226,64,1
402,325,253,0
403,180,510,0
404,529,739,0
405,309,366,0
406,204,620,0
407,392,302,0
408,5,930,0
409,834,522,0
410,100,82,0
411,420,959,0
412,976,119,1
413,998,573,0
414,429,245,0
415,567,351,0
416,634,438,0
417,329,707,0
418,281,836,0
419,922,592,0
420,359,540,0
421,557,345,0
422,859,227,1
423,726,333,1
424,707,448,0
425,325,64,1
426,170,341,0
427,866,202,1
428,927,684,0
429,47,682,0
430,166,386,0
431,955,343,1
432,137,34,1
433,98,482,0
434,914,737,0
435,586,235,1
436,983,849,0
437,728,846,0
438,280,956,0
439,305,842,0
440,652,103,1
441,261,366,0
442,639,576,0
443,381,792,0
444,449,950,0
445,725,643,0
446,408,812,0
447,789,733,0
448,125,361,0
449,449,163,1
450,548,415,0
451,696,969,0
452,989,909,0
453,210,305,0
454,559,67,1
455,915,622,0
456,948,882,0
457,764,911,0
458,544,902,0
459,217,19,1
460,147,802,0
461,908,821,0
462,910,70,1
463,288,925,0
464,466,750,0
465,586,568,0
466,444,954,0
467,82,478,0
468,452,22,1
469,504,70,1
470,453,269,0
471,536,56,1
472,63,671,0
473,848,182,1
474,904,604,0
475,889,424,1
476,977,379,1
477,984,659,0
478,396,332,0
479,377,389,0
480,484,215,1
481,745,759,0
482,629,7,1
483,570,383,0
484,26,446,0
485,516,673,0
486,349,5,1
487,734,778,0
488,176,816,0
489,147,841,0
490,403,837,0
491,977,931,0
492,783,871,0
493,398,345,0
494,511,547,0
495,11,735,0
496,710,598,0
497,618,475,0
498,939,425,1
499,516,840,0
500,841,418,1
501,699,631,0
502,787,472,0
503,318,801,0
504,917,147,1
505,435,171,1
506,301,949,0
507,710,671,0
508,432,257,0
509,776,379,1
510,529,79,1
511,283,288,0
512,597,904,0
513,929,408,1
514,850,12,1
515,733,333,1
516,110,494,0
517,441,650,0
518,691,89,1
519,238,217,0
520,432,594,0
521,418,345,0
522,643,817,0
523,932,952,0
524,226,716,0
525,339,757,0
526,401,994,0
527,900,555,0
528,757,978,0
529,635,427,0
530,519,317,0
531,712,393,0
532,20,766,0
533,242,128,1
534,210,717,0
535,90,717,0
536,733,562,0
537,446,237,1
538,528,148,1
539,982,676,0
540,847,638,0
541,355,299,0
542,488,898,0
543,427,653,0
544,922,654,0
545,626,222,1
546,149,544,0
547,786,105,1
548,385,830,0
549,91,348,0
550,635,254,1
551,853,442,1
552,786,439,0
553,962,653,0
554,88,507,0
555,593,189,1
556,812,993,0
557,949,466,1
558,940,875,0
559,788,226,1
560,911,969,0
561,59,263,0
562,976,95,1
563,879,424,1
564,343,554,0
565,438,562,0
566,450,339,0
567,900,771,0
568,513,541,0
569,329,523,0
570,231,193,0
571,416,184,1
572,828,851,0
573,179,388,0
574,815,512,0
575,770,613,0
576,433,895,0
577,538,929,0
578,933,705,0
579,194,507,0
580,707,486,0
581,616,998,0
582,220,549,0
583,226,629,0
584,143,456,0
585,665,613,0
586,90,306,0
587,328,144,1
588,581,830,0
589,122,207,0
590,488,741,0
591,609,275,1
592,540,963,0
593,275,840,0
594,335,23,1
595,127,630,0
596,713,893,0
597,446,877,0
598,140,882,0
599,660,828,0
600,584,44,1
601,429,158,1
602,236,907,0
603,476,778,0
604,369,63,1
605,703,326,1
606,96,55,0
607,758,408,1
608,620,531,0
609,347,720,0
610,674,671,0
611,371,988,0
612,821,781,0
613,98,1,1
614,726,30,1
615,293,124,1
616,432,596,0
617,617,475,0
618,137,7,1
619,585,298,1
620,709,26,1
621,396,157,1
622,389,945,0
623,493,759,0
624,580,690,0
625,684,157,1
626,954,285,1
627,58,274,0
628,514,17,1
629,449,232,1
630,574,572,0
631,778,240,1
632,954,966,0
633,601,614,0
634,494,179,1
635,466,388,0
636,901,763,0
637,335,657,0
638,154,368,0
639,761,805,0
640,442,243,0
641,107,548,0
642,188,555,0
643,559,484,0
644,797,380,1
645,632,661,0
646,609,624,0
647,662,901,0
648,820,596,0
649,512,468,0
650,278,362,0
651,788,427,0
652,500,870,0
653,466,124,1
654,979,967,0
655,111,309,0
656,304,908,0
657,149,287,0
658,619,312,1
659,511,262,1
660,506,779,0
661,721,76,1
662,698,103,1
663,830,126,1
664,40,596,0
665,500,682,0
666,725,512,0
667,235,291,0
668,575,503,0
669,227,612,0
670,645,898,0
671,450,893,0
672,667,167,1
673,564,388,0
674,459,253,0
675,197,419,0
676,93,442,0
677,738,241,1
678,461,796,0
679,94,944,0
680,602,416,0
681,472,715,0
682,847,450,1
683,89,410,0
684,291,161,0
685,916,243,1
686,339,542,0
687,759,855,0
688,999,833,0
689,877,214,1
690,761,488,0
691,157,231,0
692,689,334,1
693,670,240,1
694,982,643,0
695,369,495,0
696,192,389,0
697,136,955,0
698,545,83,1
699,269,802,0
700,89,314,0
701,643,87,1
702,841,574,0
703,817,23,1
704,543,542,0
705,77,65,0
706,96,133,0
707,213,376,0
708,700,561,0
709,568,750,0
710,234,585,0
711,467,830,0
712,132,647,0
713,160,38,1
714,534,536,0
715,145,728,0
716,912,500,0
717,562,643,0
718,419,519,0
719,533,842,0
720,616,843,0
721,342,345,0
722,372,599,0
723,246,992,0
724,912,343,1
725,614,782,0
726,644,153,1
727,177,290,0
728,955,714,0
729,220,920,0
730,986,764,0
731,394,503,0
732,547,869,0
733,927,587,0
734,46,828,0
735,158,668,0
736,606,458,0
737,462,987,0
738,161,114,0
739,279,923,0
740,433,974,0
741,194,3,1
742,673,800,0
743,143,927,0
744,825,130,1
745,352,398,0
746,466,611,0
747,635,36,1
748,125,543,0
749,61,668,0
750,29,217,0
751,825,489,0
752,869,311,1
753,39,881,0
754,404,2,1
755,18,143,0
756,613,1,1
757,770,659,0
758,587,505,0
759,496,96,1
760,362,43,1
761,656,435,0
762,745,58,1
763,336,643,0
764,347,423,0
765,807,24,1
766,500,995,0
767,433,540,0
768,49,968,0
769,743,849,0
770,680,773,0
771,923,406,1
772,319,740,0
773,289,937,0
774,952,825,0
775,585,210,1
776,730,537,0
777,656,530,0
778,155,964,0
779,510,951,0
780,609,113,1
781,75,605,0
782,136,349,0
783,675,418,0
784,813,72,1
785,937,94,1
786,913,260,1
787,807,388,1
788,610,250,1
789,147,346,0
790,907,275,1
791,453,361,0
792,68,520,0
793,956,473,1
794,876,598,0
795,137,661,0
796,42,745,0
797,316,542,0
798,324,516,0
799,74,734,0
800,478,426,0
801,112,900,0
802,884,357,1
803,961,351,1
804,883,881,0
805,587,608,0
806,401,43,1
807,712,937,0
808,597,163,1
809,609,795,0
810,57,11,1
811,508,337,0
812,220,523,0
813,62,847,0
814,972,315,1
815,499,86,1
816,64,556,0
817,594,871,0
818,876,131,1
819,102,633,0
820,365,35,1
821,407,385,0
822,549,150,1
823,168,517,0
824,473,384,0
825,313,485,0
826,869,552,0
827,412,702,0
828,881,995,0
829,436,196,1
830,244,158,0
831,466,212,1
832,167,16,1
833,858,707,0
834,485,307,0
835,730,382,1
836,182,509,0
837,98,863,0
838,259,471,0
839,646,521,0
840,331,985,0
841,737,49,1
842,748,279,1
843,700,617,0
844,102,973,0
845,908,145,1
846,513,890,0
847,970,356,1
848,798,780,0
849,955,173,1
850,859,784,0
851,416,116,1
852,248,347,0
853,888,824,0
854,743,83,1
855,361,82,1
856,977,251,1
857,133,76,0
858,218,703,0
859,121,909,0
860,246,124,1
861,201,139,0
862,422,339,0
863,575,171,1
864,747,18,1
865,611,951,0
866,507,742,0
867,692,453,0
868,920,618,0
869,981,575,0
870,814,301,1
871,882,204,1
872,181,330,0
873,962,667,0
874,956,825,0
875,942,944,0
876,471,46,1
877,839,484,0
878,815,347,1
879,454,989,0
880,960,719,0
881,885,103,1
882,368,210,0
883,515,685,0
884,866,4,1
885,933,249,1
886,138,985,0
887,816,315,1
888,36,178,0
889,290,81,1
890,325,276,0
891,656,932,0
892,787,173,1
893,402,882,0
894,240,872,0
895,259,413,0
896,578,55,1
897,285,832,0
898,678,272,1
899,905,281,1
900,890,373,1
901,988,488,1
902,450,412,0
903,861,50,1
904,65,351,0
905,538,890,0
906,562,985,0
907,307,685,0
908,903,119,1
909,990,920,0
910,206,670,0
911,129,97,0
912,972,414,1
913,375,486,0
914,633,906,0
915,881,165,1
916,667,515,0
917,142,441,0
918,359,297,0
919,981,430,1
920,186,5,1
921,535,474,0
922,837,542,0
923,897,872,0
924,511,254,1
925,511,362,0
926,716,880,0
927,829,426,1
928,860,944,0
929,199,813,0
930,790,598,0
931,392,117,1
932,971,33,1
933,519,625,0
934,959,389,1
935,317,323,0
936,241,280,0
937,99,726,0
938,452,614,0
939,241,657,0
940,943,199,1
941,489,925,0
942,559,554,0
943,890,103,1
944,476,521,0
945,72,170,0
946,784,576,0
947,241,636,0
948,44,634,0
949,531,427,0
950,661,859,0
951,552,428,0
952,219,652,0
953,811,856,0
954,370,878,0
955,365,380,0
956,498,22,1
957,680,619,0
958,817,897,0
959,69,330,0
960,233,764,0
961,248,967,0
962,620,395,0
963,489,943,0
964,394,412,0
965,238,907,0
966,949,911,0
967,379,478,0
968,452,76,1
969,900,710,0
970,644,73,1
971,233,844,0
972,565,103,1
973,744,49,1
974,952,40,1
975,697,728,0
976,270,239,0
977,962,18,1
978,924,875,0
979,371,793,0
980,403,161,1
981,604,885,0
982,668,358,1
983,898,197,1
984,144,638,0
985,608,11,1
986,197,380,0
987,450,478,0
988,876,134,1
989,77,36,1
990,287,363,0
991,331,436,0
992,417,180,1
993,746,302,1
994,998,845,0
995,340,360,0
996,273,567,0
997,897,789,0
998,740,539,0
999,688,12,1
1000,530,44,1
1001,741,43,1
1002,129,938,0
1003,796,861,0
1004,259,711,0
1005,52,207,0
1006,419,983,0
1007,662,771,0
1008,468,689,0
1009,253,95,1
1010,309,940,0
1011,103,645,0
1012,745,904,0
1013,633,496,0
1014,908,971,0
1015,466,752,0
1016,127,388,0
1017,686,802,0
1018,620,911,0
1019,450,71,1
1020,709,837,0
1021,359,902,0
1022,143,912,0
1023,135,425,0
1024,284,688,0
1025,581,465,0
1026,374,397,0
1027,65,431,0
1028,687,905,0
1029,129,704,0
1030,5,985,0
1031,779,220,1
1032,203,176,0
1033,502,524,0
1034,355,104,1
1035,713,741,0
1036,720,134,1
1037,819,989,0
1038,487,32,1
1039,49,921,0
1040,613,422,0
1041,343,184,1
1042,659,67,1
1043,894,400,1
1044,967,366,1
1045,315,179,0
1046,261,745,0
1047,679,221,1
1048,282,501,0
1049,11,501,0
1050,841,192,1
1051,212,302,0
1052,686,12,1
1053,292,473,0
1054,375,621,0
1055,681,616,0
1056,323,407,0
1057,119,953,0
1058,354,18,1
1059,840,389,1
1060,37,987,0
1061,148,820,0
1062,375,368,0
1063,212,519,0
1064,984,479,1
1065,479,458,0
1066,898,27,1
1067,680,924,0
1068,348,389,0
1069,647,884,0
1070,692,755,0
1071,411,362,0
1072,713,511,0
1073,241,39,1
1074,215,7,1
1075,6,337,0
1076,612,532,0
1077,816,135,1
1078,79,601,0
1079,931,966,0
1080,840,66,1
1081,960,326,1
1082,562,558,0
1083,808,588,0
1084,533,883,0
1085,590,4,1
1086,625,189,1
1087,922,434,1
1088,181,618,0
1089,785,989,0
1090,980,829,0
1091,834,842,0
1092,953,701,0
1093,724,712,0
1094,17,665,0
1095,539,493,0
1096,799,146,1
1097,337,173,1
1098,230,61,1
1099,193,217,0
1100,471,35,1
1101,910,124,1
1102,706,847,0
1103,2,109,0
1104,481,940,0
1105,891,889,0
1106,111,65,0
1107,664,465,0
1108,240,377,0
1109,906,684,0
1110,162,651,0
1111,245,977,0
1112,353,403,0
1113,670,531,0
1114,33,43,0
1115,246,744,0
1116,700,529,0
1117,764,640,0
1118,299,6,1
1119,8,447,0
1120,417,913,0
1121,12,263,0
1122,907,886,0
1123,461,709,0
1124,772,998,0
1125,999,893,0
1126,661,843,0
1127,960,37,1
1128,354,112,1
1129,434,340,0
1130,455,756,0
1131,308,965,0
1132,721,673,0
1133,834,20,1
1134,265,85,1
1135,40,147,0
1136,595,276,1
1137,878,57,1
1138,77,88,0
1139,653,976,0
1140,171,830,0
1141,992,945,0
1142,647,374,0
1143,798,526,0
1144,101,311,0
1145,171,420,0
1146,125,196,0
1147,910,251,1
1148,778,183,1
1149,838,972,0
1150,479,561,0
1151,133,598,0
1152,57,907,0
1153,526,924,0
1154,504,580,0
1155,795,663,0
1156,87,191,0
1157,639,715,0
1158,346,375,0
1159,411,416,0
1160,935,995,0
1161,844,24,1
1162,902,784,0
1163,1,536,0
1164,378,871,0
1165,546,636,0
1166,529,61,1
1167,700,828,0
1168,64,720,0
1169,281,341,0
1170,168,573,0
1171,644,725,0
1172,861,755,0
1173,610,151,1
1174,804,355,1
1175,52,799,0
1176,468,287,0
1177,273,970,0
1178,790,52,1
1179,968,261,1
1180,7,509,0
1181,916,457,1
1182,916,877,0
1183,96,944,0
1184,572,977,0
1185,73,207,0
1186,449,64,1
1187,51,183,0
1188,928,919,0
1189,179,721,0
1190,737,309,1
1191,748,398,1
1192,600,584,0
1193,854,584,0
1194,441,11,1
1195,568,905,0
1196,571,77,1
1197,566,302,1
1198,835,254,1
1199,790,591,0
1200,257,768,0
1201,92,158,0
1202,343,184,1
1203,677,809,0
1204,878,495,0
1205,232,797,0
1206,163,986,0
1207,160,897,0
1208,119,538,0
1209,351,309,0
1210,484,769,0
1211,469,518,0
1212,635,426,0
1213,830,95,1
1214,650,795,0
1215,137,188,0
1216,666,442,0
1217,988,190,1
1218,711,305,1
1219,469,174,1
1220,201,567,0
1221,940,616,0
1222,528,901,0
1223,956,430,1
1224,212,850,0
1225,216,437,0
1226,554,587,0
1227,938,672,0
1228,146,314,0
1229,150,808,0
1230,821,297,1
1231,334,189,0
1232,197,379,0
1233,599,51,1
1234,788,440,0
1235,608,515,0
1236,862,923,0
1237,98,189,0
1238,131,82,0
1239,867,119,1
1240,196,138,0
1241,277,573,0
1242,335,68,1
1243,331,653,0
1244,542,215,1
1245,236,317,0
1246,593,51,1
1247,512,355,0
1248,676,127,1
1249,687,297,1
1250,675,448,0
1251,921,788,0
1252,41,999,0
1253,608,903,0
1254,48,158,0
1255,561,249,1
1256,635,902,0
1257,418,783,0
1258,416,256,0
1259,5,231,0
1260,753,30,1
1261,139,746,0
1262,417,925,0
1263,12,877,0
1264,771,762,0
1265,386,709,0
1266,846,598,0
1267,765,836,0
1268,806,807,0
1269,145,948,0
1270,532,412,0
1271,139,79,0
1272,85,100,0
1273,275,857,0
1274,392,108,1
1275,268,338,0
1276,776,108,1
1277,918,252,1
1278,969,212,1
1279,853,797,0
1280,528,312,0
1281,418,537,0
1282,883,693,0
1283,23,920,0
1284,960,263,1
1285,680,383,0
1286,138,704,0
1287,613,934,0
1288,117,991,0
1289,108,358,0
1290,843,219,1
1291,531,492,0
1292,71,915,0
1293,235,534,0
1294,142,955,0
1295,624,168,1
1296,797,477,0
1297,133,947,0
1298,926,977,0
1299,572,540,0
1300,708,850,0
1301,899,909,0
1302,518,783,0
1303,194,754,0
1304,785,771,0
1305,913,545,0
1306,317,986,0
1307,543,943,0
1308,297,384,0
1309,229,83,1
1310,667,639,0
1311,680,986,0
1312,320,228,0
1313,981,582,0
1314,49,423,0
1315,216,971,0
1316,606,446,0
1317,109,448,0
1318,165,93,0
1319,975,638,0
1320,603,179,1
1321,190,225,0
1322,259,612,0
1323,891,639,0
1324,532,327,0
1325,384,513,0
1326,916,819,0
1327,2,494,0
1328,699,227,1
1329,144,198,0
1330,962,906,0
1331,734,506,0
1332,978,421,1
1333,994,390,1
1334,169,396,0
1335,303,839,0
1336,32,429,0
1337,7,735,0
1338,168,901,0
1339,884,914,0
1340,42,971,0
1341,567,732,0
1342,613,3,1
1343,122,513,0
1344,506,836,0
1345,193,720,0
1346,324,431,0
1347,402,349,0
1348,916,500,0
1349,621,217,1
1350,600,547,0
1351,775,873,0
1352,827,163,1
1353,129,944,0
1354,56,898,0
1355,37,330,0
1356,672,474,0
1357,760,622,0
1358,427,420,0
1359,299,838,0
1360,507,956,0
1361,380,78,1
1362,388,281,0
1363,977,919,0
1364,447,711,0
1365,236,151,0
1366,934,403,1
1367,50,23,1
1368,314,34,1
1369,326,793,0
1370,615,70,1
1371,251,611,0
1372,194,775,0
1373,774,148,1
1374,601,610,0
1375,713,834,0
1376,896,32,1
1377,484,462,0
1378,372,645,0
1379,799,109,1
1380,640,330,1
1381,602,363,0
1382,341,154,1
1383,933,950,0
1384,271,479,0
1385,163,4,1
1386,794,822,0
1387,297,618,0
1388,267,77,1
1389,733,555,0
1390,931,383,1
1391,74,521,0
1392,310,410,0
1393,991,291,1
1394,530,630,0
1395,63,538,0
1396,763,161,1
1397,243,962,0
1398,163,899,0
1399,499,706,0
1400,463,532,0
1401,317,15,1
1402,788,717,0
1403,924,163,1
1404,72,506,0
1405,361,174,1
1406,782,201,1
1407,183,558,0
1408,313,767,0
1409,952,785,0
1410,225,640,0
1411,453,340,0
1412,844,384,1
1413,827,606,0
1414,163,267,0
1415,673,262,1
1416,77,550,0
1417,846,757,0
1418,34,976,0
1419,47,282,0
1420,29,368,0
1421,30,609,0
1422,389,140,1
1423,110,951,0
1424,429,995,0
1425,995,724,0
1426,350,200,0
1427,55,13,1
1428,230,275,0
1429,38,724,0
1430,210,549,0
1431,91,503,0
1432,383,249,0
1433,987,490,1
1434,670,570,0
1435,559,826,0
1436,526,20,1
1437,616,248,1
1438,316,107,1
1439,131,69,1
1440,525,618,0
1441,20,96,0
1442,236,545,0
1443,270,921,0
1444,846,326,1
1445,816,825,0
1446,978,38,1
1447,580,433,0
1448,423,312,0
1449,673,731,0
1450,302,223,0
1451,632,976,0
1452,103,338,0
1453,115,375,0
1454,383,58,1
1455,977,751,0
1456,38,335,0
1457,631,233,1
1458,367,199,0
1459,208,917,0
1460,912,572,0
1461,861,112,1
1462,897,993,0
1463,576,791,0
1464,338,137,1
1465,514,42,1
1466,877,972,0
1467,341,16,1
1468,699,142,1
1469,659,146,1
1470,99,110,0
1471,397,527,0
1472,732,432,0
1473,16,652,0
1474,939,727,0
1475,1,789,0
1476,192,99,1
1477,209,29,1
1478,355,938,0
1479,692,126,1
1480,668,87,1
1481,444,981,0
1482,920,500,0
1483,322,733,0
1484,583,452,0
1485,644,110,1
1486,787,594,0
1487,370,170,1
1488,819,144,1
1489,451,804,0
1490,221,709,0
1491,12,653,0
1492,114,693,0
1493,888,924,0
1494,794,462,0
1495,740,89,1
1496,745,349,1
1497,593,327,0
1498,530,147,1
1499,212,84,1
1500,303,416,0
1501,74,166,0
1502,587,826,0
1503,749,723,0
1504,206,186,0
1505,660,405,0
1506,296,115,1
1507,446,464,0
1508,121,312,0
1509,831,585,0
1510,244,768,0
1511,331,781,0
1512,900,137,1
1513,183,636,0
1514,31,62,0
1515,7,832,0
1516,951,422,1
1517,906,846,0
1518,911,651,0
1519,793,87,1
1520,107,355,0
1521,207,267,0
1522,424,39,1
1523,195,659,0
1524,898,62,1
1525,568,897,0
1526,156,957,0
1527,861,726,0
1528,226,541,0
1529,816,784,0
1530,91,897,0
1531,614,286,1
1532,747,402,1
1533,142,386,0
1534,236,457,0
1535,483,906,0
1536,68,936,0
1537,224,650,0
1538,729,117,1
1539,973,841,0
1540,65,348,0
1541,888,70,1
1542,143,1000,0
1543,311,432,0
1544,151,902,0
1545,914,423,1
1546,195,351,0
1547,974,586,0
1548,62,855,0
1549,803,286,1
1550,941,262,1
1551,727,303,1
1552,70,475,0
1553,875,582,0
1554,152,528,0
1555,755,431,0
1556,98,462,0
1557,219,886,0
1558,375,686,0
1559,261,694,0
1560,47,88,0
1561,311,22,1
1562,826,740,0
1563,74,680,0
1564,989,715,0
1565,293,86,1
1566,966,280,1
1567,991,811,0
1568,100,961,0
1569,380,884,0
1570,784,172,1
1571,191,305,0
1572,888,112,1
1573,677,972,0
1574,882,313,1
1575,2,77,0
1576,230,143,0
1577,701,631,0
1578,60,524,0
1579,422,35,1
1580,644,688,0
1581,529,151,1
1582,852,11,1
1583,890,962,0
1584,980,238,1
1585,903,30,1
1586,61,422,0
1587,981,563,0
1588,656,342,1
1589,491,796,0
1590,748,64,1
1591,291,544,0
1592,231,455,0
1593,535,240,1
1594,165,268,0
1595,528,912,0
1596,198,684,0
1597,465,19,1
1598,722,882,0
1599,834,663,0
1600,536,598,0
1601,944,90,1
1602,396,273,0
1603,586,528,0
1604,910,260,1
1605,439,770,0
1606,263,820,0
1607,715,269,1
1608,407,52,1
1609,713,276,1
1610,722,448,0
1611,481,554,0
1612,873,473,0
1613,258,192,0
1614,892,945,0
1615,531,831,0
1616,509,429,0
1617,764,723,0
1618,312,794,0
1619,714,933,0
1620,110,101,0
1621,727,347,1
1622,393,387,0
1623,295,69,1
1624,522,882,0
1625,438,31,1
1626,934,282,1
1627,792,350,1
1628,783,676,0
1629,841,761,0
1630,351,173,1
1631,426,678,0
1632,215,686,0
1633,605,661,0
1634,21,972,0
1635,432,165,1
1636,28,639,0
1637,349,409,0
1638,429,961,0
1639,234,663,0
1640,724,461,0
1641,676,69,1
1642,517,345,0
1643,487,616,0
1644,805,633,0
1645,408,10,1
1646,749,585,0
1647,515,383,0
1648,289,15,1
1649,840,621,0
1650,855,899,0
1651,592,277,1
1652,867,628,0
1653,62,418,0
1654,256,601,0
1655,833,317,1
1656,736,392,1
1657,790,146,1
1658,540,966,0
1659,298,235,0
1660,111,468,0
1661,564,159,1
1662,804,146,1
1663,697,535,0
1664,841,99,1
1665,26,565,0
1666,83,612,0
1667,656,889,0
1668,560,826,0
1669,199,145,0
1670,268,367,0
1671,384,780,0
1672,499,129,1
1673,64,523,0
1674,670,423,0
1675,526,684,0
1676,552,817,0
1677,858,893,0
1678,672,491,0
1679,729,954,0
1680,329,253,0
1681,581,459,0
1682,988,674,0
1683,625,556,0
1684,399,411,0
1685,562,698,0
1686,847,736,0
1687,521,799,0
1688,729,898,0
1689,54,955,0
1690,783,736,0
1691,38,151,0
1692,422,155,1
1693,364,510,0
1694,787,368,1
1695,542,819,0
1696,854,658,0
1697,214,849,0
1698,278,346,0
1699,401,443,0
1700,436,444,0
1701,749,9,1
1702,724,583,0
1703,675,379,0
1704,814,592,0
1705,892,93,1
1706,443,187,1
1707,895,152,1
1708,707,440,0
1709,624,920,0
1710,163,206,0
1711,813,55,1
1712,635,183,1
1713,82,701,0
1714,110,215,0
1715,188,642,0
1716,403,489,0
1717,730,554,0
1718,16,376,0
1719,968,332,1
1720,390,624,0
1721,701,439,0
1722,519,703,0
1723,293,538,0
1724,132,403,0
1725,497,126,1
1726,371,856,0
1727,657,553,0
1728,326,382,0
1729,395,114,1
1730,495,821,0
1731,837,964,0
1732,623,342,0
1733,455,778,0
1734,854,288,1
1735,108,397,0
1736,900,404,1
1737,559,701,0
1738,726,997,0
1739,763,945,0
1740,340,807,0
1741,610,516,0
1742,464,355,0
1743,927,655,0
1744,977,908,0
1745,655,589,0
1746,509,745,0
1747,601,566,0
1748,221,207,0
1749,287,100,1
1750,570,107,1
1751,844,420,1
1752,133,201,0
1753,861,241,1
1754,180,643,0
1755,229,43,1
1756,457,361,0
1757,137,334,0
1758,988,506,1
1759,170,523,0
1760,249,333,0
1761,496,360,0
1762,996,854,0
1763,947,804,0
1764,193,864,0
1765,885,147,1
1766,128,11,1
1767,996,146,1
1768,93,619,0
1769,532,104,1
1770,654,557,0
1771,856,458,0
1772,197,478,0
1773,160,729,0
1774,237,649,0
1775,655,17,1
1776,218,733,0
1777,236,209,0
1778,833,681,0
1779,600,626,0
1780,366,581,0
1781,95,645,0
1782,573,854,0
1783,407,326,0
1784,904,861,0
1785,750,663,0
1786,783,990,0
1787,216,266,0
1788,301,208,0
1789,853,687,0
1790,407,733,0
1791,649,630,0
1792,959,391,1
1793,957,874,0
1794,463,589,0
1795,348,27,1
1796,466,665,0
1797,216,989,0
1798,964,120,1
1799,178,778,0
1800,993,565,0
1801,760,249,1
1802,963,594,0
1803,600,513,0
1804,277,268,0
1805,875,662,0
1806,468,273,0
1807,765,750,0
1808,902,153,1
1809,185,185,0
1810,106,663,0
1811,257,211,0
1812,527,874,0
1813,171,184,0
1814,737,516,0
1815,872,818,0
1816,606,6,1
1817,550,650,0
1818,566,214,1
1819,949,825,0
1820,1,886,0
1821,118,969,0
1822,602,730,0
1823,262,45,1
1824,601,470,0
1825,339,257,0
1826,999,513,1
1827,70,759,0
1828,362,810,0
1829,582,704,0
1830,88,654,0
1831,78,252,0
1832,1,691,0
1833,372,110,1
1834,549,877,0
1835,922,822,0
1836,92,738,0
1837,153,580,0
1838,268,11,1
1839,417,878,0
1840,877,169,1
1841,406,758,0
1842,785,498,0
1843,757,443,0
1844,671,551,0
1845,676,427,0
1846,246,419,0
1847,575,474,0
1848,278,570,0
1849,318,321,0
1850,11,107,0
1851,532,326,0
1852,387,116,1
1853,954,283,1
1854,911,984,0
1855,850,790,0
1856,374,920,0
1857,304,189,0
1858,404,923,0
1859,442,459,0
1860,961,651,0
1861,697,539,0
1862,358,958,0
1863,447,680,0
1864,299,621,0
1865,440,623,0
1866,644,13,1
1867,974,242,1
1868,538,423,0
1869,20,458,0
1870,61,342,0
1871,508,712,0
1872,887,749,0
1873,788,408,1
1874,780,722,0
1875,546,362,0
1876,62,211,0
1877,153,110,0
1878,676,532,0
1879,580,948,0
1880,706,770,0
1881,39,661,0
1882,876,582,0
1883,133,961,0
1884,61,961,0
1885,739,294,1
1886,372,657,0
1887,371,249,0
1888,469,221,1
1889,998,869,0
1890,302,171,0
1891,697,197,1
1892,384,915,0
1893,24,583,0
1894,597,520,0
1895,136,472,0
1896,865,123,1
1897,85,894,0
1898,440,51,1
1899,60,885,0
1900,215,389,0
1901,547,673,0
1902,159,971,0
1903,757,45,1
1904,132,780,0
1905,89,758,0
1906,453,369,0
1907,50,200,0
1908,244,831,0
1909,402,803,0
1910,292,342,0
1911,791,160,1
1912,658,645,0
1913,703,990,0
1914,931,127,1
1915,888,603,0
1916,925,366,1
1917,856,377,1
1918,763,922,0
1919,395,400,0
1920,848,806,0
1921,259,17,1
1922,237,712,0
1923,138,694,0
1924,821,299,1
1925,627,92,1
1926,829,187,1
1927,766,850,0
1928,273,692,0
1929,658,353,1
1930,850,47,1
1931,828,311,1
1932,179,41,1
1933,318,673,0
1934,67,578,0
1935,411,253,0
1936,37,895,0
1937,855,265,1
1938,106,293,0
1939,828,44,1
1940,937,171,1
1941,431,31,1
1942,493,298,0
1943,552,280,1
1944,724,980,0
1945,136,827,0
1946,167,838,0
1947,437,572,0
1948,285,899,0
1949,377,741,0
1950,3,286,0
1951,721,784,0
1952,406,35,1
1953,881,139,1
1954,681,419,0
1955,109,726,0
1956,2,83,0
1957,114,417,0
1958,406,184,1
1959,386,118,1
1960,589,288,1
1961,838,608,0
1962,952,544,0
1963,431,519,0
1964,439,862,0
1965,101,433,0
1966,991,522,1
1967,328,607,0
1968,928,302,1
1969,533,761,0
1970,861,175,1
1971,872,527,0
1972,549,134,1
1973,968,85,1
1974,526,160,1
1975,936,729,0
1976,849,318,1
1977,9,77,0
1978,1000,234,1
1979,597,907,0
1980,556,55,1
1981,246,458,0
1982,180,987,0
1983,453,164,1
1984,111,380,0
1985,535,345,0
1986,899,155,1
1987,393,740,0
1988,638,250,1
1989,605,863,0
1990,361,742,0
1991,861,5,1
1992,644,153,1
1993,235,500,0
1994,228,559,0
1995,835,150,1
1996,473,282,0
1997,304,418,0
1998,917,236,1
1999,147,260,0
2000,575,784,0
