n 1000
c 29409
z 145271
time 0.00
1,652,486,0
2,773,586,0
3,790,280,1
4,682,337,0
5,488,354,0
6,111,936,0
7,928,539,0
8,242,954,0
9,245,675,0
10,225,696,0
11,813,354,0
12,393,17,1
13,353,938,0
14,264,58,1
15,477,851,0
16,234,355,0
17,364,139,1
18,848,454,0
19,753,519,0
20,752,4,1
21,112,139,0
22,605,134,1
23,50,498,0
24,374,13,1
25,647,883,0
26,373,110,1
27,710,872,0
28,70,246,0
29,792,68,1
30,575,685,0
31,979,192,1
32,814,834,0
33,786,810,0
34,229,211,0
35,714,698,0
36,355,415,0
37,559,50,1
38,861,131,1
39,789,762,0
40,386,893,0
41,106,29,1
42,748,144,1
43,560,764,0
44,217,532,0
45,585,101,1
46,313,593,0
47,155,432,0
48,915,880,0
49,363,773,0
50,568,646,0
51,965,77,1
52,921,694,0
53,49,227,0
54,83,194,0
55,26,359,0
56,320,374,0
57,545,431,0
58,314,313,0
59,526,794,0
60,537,24,1
61,542,387,0
62,516,425,0
63,376,758,0
64,180,81,0
65,425,290,0
66,363,546,0
67,623,691,0
68,300,421,0
69,787,714,0
70,292,800,0
71,839,116,1
72,205,460,0
73,111,852,0
74,156,677,0
75,941,694,0
76,904,567,0
77,868,753,0
78,827,561,0
79,358,743,0
80,374,257,0
81,249,540,0
82,788,308,1
83,100,345,0
84,472,40,1
85,463,732,0
86,939,768,0
87,544,22,1
88,565,170,1
89,850,384,0
90,829,185,1
91,656,427,0
92,556,251,0
93,536,355,0
94,499,110,1
95,10,30,0
96,509,795,0
97,207,671,0
98,782,943,0
99,735,74,1
100,427,482,0
101,315,803,0
102,676,910,0
103,969,760,0
104,788,886,0
105,197,959,0
106,529,624,0
107,836,485,0
108,935,97,1
109,884,269,1
110,15,659,0
111,696,873,0
112,740,229,1
113,896,815,0
114,526,959,0
115,204,147,0
116,319,425,0
117,609,781,0
118,419,295,0
119,404,935,0
120,133,195,0
121,252,134,0
122,861,247,1
123,716,634,0
124,749,757,0
125,510,803,0
126,883,109,1
127,459,970,0
128,632,634,0
129,470,809,0
130,535,417,0
131,793,888,0
132,457,943,0
133,502,853,0
134,85,614,0
135,672,695,0
136,174,532,0
137,875,503,0
138,68,409,0
139,509,980,0
140,748,218,1
141,24,721,0
142,883,375,0
143,608,453,0
144,486,85,1
145,958,47,1
146,669,616,0
147,735,388,0
148,341,617,0
149,919,319,1
150,397,408,0
151,567,523,0
152,761,87,1
153,614,40,1
154,330,122,1
155,571,368,0
156,350,70,1
157,328,316,0
158,539,413,0
159,722,768,0
160,495,51,1
161,613,527,0
162,172,17,1
163,260,44,1
164,919,924,0
165,335,183,0
166,943,616,0
167,885,785,0
168,778,438,0
169,160,820,0
170,299,679,0
171,769,337,0
172,296,116,1
173,768,391,0
174,752,820,0
175,445,565,0
176,810,209,1
177,109,540,0
178,384,679,0
179,388,980,0
180,323,74,1
181,865,33,1
182,432,171,1
183,255,898,0
184,479,462,0
185,471,559,0
186,332,243,0
187,651,996,0
188,558,15,1
189,630,910,0
190,61,455,0
191,167,328,0
192,882,713,0
193,28,442,0
194,318,46,1
195,794,943,0
196,116,848,0
197,979,218,1
198,602,212,1
199,305,749,0
200,434,27,1
201,934,597,0
202,440,403,0
203,982,165,1
204,508,701,0
205,972,909,0
206,439,883,0
207,241,366,0
208,770,952,0
209,420,21,1
210,609,491,0
211,899,146,1
212,191,930,0
213,679,421,0
214,747,103,1
215,454,836,0
216,57,545,0
217,145,42,1
218,531,338,0
219,22,487,0
220,813,392,0
221,224,88,0
222,401,243,0
223,346,939,0
224,519,586,0
225,883,754,0
226,798,906,0
227,962,409,0
228,304,475,0
229,315,125,1
230,423,425,0
231,282,307,0
232,45,724,0
233,564,603,0
234,594,764,0
235,710,871,0
236,423,870,0
237,589,651,0
238,831,235,1
239,316,995,0
240,301,475,0
241,899,251,1
242,871,757,0
243,404,527,0
244,834,129,1
245,690,888,0
246,528,5,1
247,650,440,0
248,869,768,0
249,411,394,0
250,944,494,0
251,818,321,1
252,388,457,0
253,206,475,0
254,309,296,0
255,467,745,0
256,687,303,0
257,282,894,0
258,434,490,0
259,245,73,1
260,371,199,0
261,727,849,0
262,172,927,0
263,674,293,0
264,44,537,0
265,923,973,0
266,289,492,0
267,192,264,0
268,129,910,0
269,425,59,1
270,487,13,1
271,572,554,0
272,227,33,1
273,402,710,0
274,251,981,0
275,656,11,1
276,461,296,0
277,568,941,0
278,663,44,1
279,101,703,0
280,813,338,0
281,142,399,0
282,41,176,0
283,953,33,1
284,777,313,1
285,529,158,1
286,690,959,0
287,794,17,1
288,851,951,0
289,817,791,0
290,356,153,0
291,225,80,1
292,301,658,0
293,864,38,1
294,227,352,0
295,320,25,1
296,333,849,0
297,889,172,1
298,445,168,1
299,211,728,0
300,17,582,0
301,578,498,0
302,561,297,0
303,930,188,1
304,644,347,0
305,810,493,0
306,139,946,0
307,205,309,0
308,591,279,0
309,435,866,0
310,862,813,0
311,990,48,1
312,536,608,0
313,800,200,1
314,768,520,0
315,674,64,1
316,62,920,0
317,591,795,0
318,217,511,0
319,128,212,0
320,737,147,1
321,608,692,0
322,507,981,0
323,415,462,0
324,326,916,0
325,141,843,0
326,851,273,1
327,900,952,0
328,513,829,0
329,951,48,1
330,142,443,0
331,409,294,0
332,954,701,0
333,422,115,1
334,460,262,0
335,447,8,1
336,512,65,1
337,1,713,0
338,561,741,0
339,908,614,0
340,592,310,0
341,985,631,0
342,934,592,0
343,389,604,0
344,342,114,1
345,851,750,0
346,523,821,0
347,629,182,1
348,881,72,1
349,690,71,1
350,616,305,0
351,843,882,0
352,739,354,0
353,384,254,0
354,295,638,0
355,920,258,1
356,511,735,0
357,677,969,0
358,924,221,1
359,54,793,0
360,241,748,0
361,70,672,0
362,4,923,0
363,209,755,0
364,353,452,0
365,575,756,0
366,889,245,1
367,161,527,0
368,863,250,1
369,505,217,0
370,923,413,0
371,822,350,0
372,496,260,0
373,772,510,0
374,80,820,0
375,74,386,0
376,247,175,0
377,837,521,0
378,596,600,0
379,474,634,0
380,324,815,0
381,729,749,0
382,409,701,0
383,789,682,0
384,280,541,0
385,584,893,0
386,872,357,1
387,899,661,0
388,838,32,1
389,34,408,0
390,638,610,0
391,358,5,1
392,796,103,1
393,917,221,1
394,552,336,0
395,124,150,0
396,119,739,0
397,764,814,0
398,446,310,0
399,562,872,0
400,866,135,1
401,1000,278,1
402,51,411,0
403,586,652,0
404,359,33,1
405,155,92,0
406,986,946,0
407,718,340,0
408,651,464,0
409,264,424,0
410,322,320,0
411,298,621,0
412,318,957,0
413,548,483,0
414,667,731,0
415,853,221,1
416,984,212,1
417,727,345,0
418,143,306,0
419,888,422,0
420,157,394,0
421,971,551,0
422,457,41,1
423,564,155,1
424,153,926,0
425,155,286,0
426,352,475,0
427,96,56,0
428,957,970,0
429,501,920,0
430,436,192,0
431,145,341,0
432,911,968,0
433,848,728,0
434,464,471,0
435,848,649,0
436,309,647,0
437,758,92,1
438,950,370,1
439,231,288,0
440,218,317,0
441,147,996,0
442,101,982,0
443,51,214,0
444,695,964,0
445,459,209,0
446,222,154,0
447,739,595,0
448,571,943,0
449,583,841,0
450,794,221,1
451,846,711,0
452,907,835,0
453,952,215,1
454,637,409,0
455,161,860,0
456,82,24,1
457,506,989,0
458,254,476,0
459,223,545,0
460,833,992,0
461,482,907,0
462,52,692,0
463,702,83,1
464,152,940,0
465,768,822,0
466,290,528,0
467,64,468,0
468,618,444,0
469,838,532,0
470,795,763,0
471,726,262,1
472,77,829,0
473,774,492,0
474,622,554,0
475,615,542,0
476,815,689,0
477,342,329,0
478,10,2,1
479,951,3,1
480,794,237,1
481,63,197,0
482,259,429,0
483,8,805,0
484,480,652,0
485,490,167,1
486,659,619,0
487,28,984,0
488,38,358,0
489,553,351,0
490,713,771,0
491,439,761,0
492,61,293,0
493,844,679,0
494,541,89,1
495,465,837,0
496,764,676,0
497,376,553,0
498,961,487,0
499,858,230,1
500,39,704,0
501,673,21,1
502,817,598,0
503,444,223,0
504,283,513,0
505,377,657,0
506,755,259,1
507,588,53,1
508,398,103,1
509,470,209,0
510,455,165,1
511,745,814,0
512,859,646,0
513,327,518,0
514,680,714,0
515,339,75,1
516,716,956,0
517,471,272,0
518,273,631,0
519,228,47,1
520,86,272,0
521,688,647,0
522,793,415,0
523,658,238,1
524,232,170,0
525,329,403,0
526,975,120,1
527,458,489,0
528,307,168,0
529,209,633,0
530,765,899,0
531,590,991,0
532,642,628,0
533,112,174,0
534,640,883,0
535,776,211,1
536,27,288,0
537,772,883,0
538,662,610,0
539,884,114,1
540,29,732,0
541,665,713,0
542,822,288,1
543,49,707,0
544,952,988,0
545,688,700,0
546,403,574,0
547,976,735,0
548,311,996,0
549,865,306,1
550,113,588,0
551,195,656,0
552,376,933,0
553,688,299,0
554,670,105,1
555,223,11,1
556,530,751,0
557,19,560,0
558,946,105,1
559,874,632,0
560,109,847,0
561,81,389,0
562,550,909,0
563,893,262,1
564,981,880,0
565,732,304,1
566,520,161,1
567,426,945,0
568,391,835,0
569,151,449,0
570,45,39,0
571,398,398,0
572,458,377,0
573,601,826,0
574,293,358,0
575,480,211,0
576,71,397,0
577,944,15,1
578,299,143,0
579,160,521,0
580,969,924,0
581,742,516,0
582,858,395,0
583,176,35,1
584,781,742,0
585,127,699,0
586,216,328,0
587,334,214,0
588,547,636,0
589,728,493,0
590,806,507,0
591,303,897,0
592,562,345,0
593,121,222,0
594,157,869,0
595,765,668,0
596,455,283,0
597,852,723,0
598,434,536,0
599,314,394,0
600,318,706,0
601,603,28,1
602,546,697,0
603,722,768,0
604,583,973,0
605,653,540,0
606,38,717,0
607,732,966,0
608,378,665,0
609,169,494,0
610,600,685,0
611,489,810,0
612,283,531,0
613,752,319,0
614,20,668,0
615,115,986,0
616,254,946,0
617,895,233,1
618,327,557,0
619,567,552,0
620,955,96,1
621,914,395,0
622,483,535,0
623,475,389,0
624,626,392,0
625,474,619,0
626,352,643,0
627,232,696,0
628,352,599,0
629,279,902,0
630,556,794,0
631,152,662,0
632,896,388,0
633,23,932,0
634,876,561,0
635,344,26,1
636,979,481,0
637,797,767,0
638,816,414,0
639,591,195,1
640,560,121,1
641,809,930,0
642,586,641,0
643,981,114,1
644,875,306,1
645,558,331,0
646,47,894,0
647,276,883,0
648,42,578,0
649,22,970,0
650,164,576,0
651,826,729,0
652,610,188,1
653,136,442,0
654,601,877,0
655,125,195,0
656,950,394,1
657,43,493,0
658,737,398,0
659,317,236,0
660,928,97,1
661,151,306,0
662,176,485,0
663,820,324,1
664,214,170,0
665,514,88,1
666,867,166,1
667,889,81,1
668,53,925,0
669,49,402,0
670,923,104,1
671,976,739,0
672,705,901,0
673,354,786,0
674,1,995,0
675,259,137,0
676,347,176,0
677,896,183,1
678,115,394,0
679,724,814,0
680,408,246,0
681,726,873,0
682,173,552,0
683,95,848,0
684,697,831,0
685,898,81,1
686,825,828,0
687,149,645,0
688,493,159,1
689,779,668,0
690,799,902,0
691,819,797,0
692,383,108,1
693,796,430,0
694,644,337,0
695,527,381,0
696,350,155,0
697,774,633,0
698,247,73,1
699,379,824,0
700,295,808,0
701,945,5,1
702,215,572,0
703,535,701,0
704,437,188,0
705,907,727,0
706,214,795,0
707,731,686,0
708,946,503,0
709,190,196,0
710,112,767,0
711,345,756,0
712,434,485,0
713,118,956,0
714,508,430,0
715,511,374,0
716,894,154,1
717,584,809,0
718,393,445,0
719,299,640,0
720,230,361,0
721,252,39,1
722,698,325,0
723,172,470,0
724,766,413,0
725,748,700,0
726,818,519,0
727,711,640,0
728,817,304,1
729,610,542,0
730,512,538,0
731,64,413,0
732,713,923,0
733,397,745,0
734,636,514,0
735,924,954,0
736,20,16,0
737,676,1,1
738,103,696,0
739,549,257,0
740,983,52,1
741,376,201,0
742,71,382,0
743,453,533,0
744,559,784,0
745,958,668,0
746,352,937,0
747,233,186,0
748,163,877,0
749,419,930,0
750,403,607,0
751,271,799,0
752,603,373,0
753,645,351,0
754,442,704,0
755,392,77,1
756,11,327,0
757,144,33,1
758,537,111,1
759,270,30,1
760,376,89,1
761,966,513,0
762,415,96,1
763,854,377,0
764,905,293,1
765,349,550,0
766,10,473,0
767,55,314,0
768,263,86,1
769,77,495,0
770,454,659,0
771,73,124,0
772,981,298,1
773,399,151,1
774,454,479,0
775,519,872,0
776,504,759,0
777,302,584,0
778,33,394,0
779,396,477,0
780,383,295,0
781,985,99,1
782,758,235,1
783,465,144,1
784,339,622,0
785,671,12,1
786,255,338,0
787,349,954,0
788,192,912,0
789,913,624,0
790,481,601,0
791,339,807,0
792,354,598,0
793,802,359,0
794,826,412,0
795,623,731,0
796,568,567,0
797,402,932,0
798,394,746,0
799,16,628,0
800,852,696,0
801,694,594,0
802,610,963,0
803,247,741,0
804,369,735,0
805,857,766,0
806,175,1,1
807,118,727,0
808,747,353,0
809,431,905,0
810,119,601,0
811,162,39,1
812,610,897,0
813,604,373,0
814,626,585,0
815,601,588,0
816,726,538,0
817,336,749,0
818,170,369,0
819,956,231,1
820,563,233,1
821,933,975,0
822,939,828,0
823,638,451,0
824,527,14,1
825,295,371,0
826,347,94,1
827,114,196,0
828,207,265,0
829,810,554,0
830,154,308,0
831,848,314,1
832,85,382,0
833,264,409,0
834,43,433,0
835,240,308,0
836,52,299,0
837,328,557,0
838,761,173,1
839,676,23,1
840,513,487,0
841,559,975,0
842,298,469,0
843,138,223,0
844,836,299,1
845,730,519,0
846,271,344,0
847,304,394,0
848,668,730,0
849,921,715,0
850,217,998,0
851,262,74,1
852,694,809,0
853,406,854,0
854,21,361,0
855,895,936,0
856,671,953,0
857,355,994,0
858,584,901,0
859,119,195,0
860,348,218,0
861,471,289,0
862,684,137,1
863,821,265,1
864,617,312,0
865,105,109,0
866,889,572,0
867,994,59,1
868,582,752,0
869,891,413,0
870,436,747,0
871,992,698,0
872,779,136,1
873,408,361,0
874,58,439,0
875,956,110,1
876,125,556,0
877,861,186,1
878,685,641,0
879,300,427,0
880,430,821,0
881,387,149,1
882,14,600,0
883,161,611,0
884,96,522,0
885,299,807,0
886,16,615,0
887,550,921,0
888,914,64,1
889,192,903,0
890,347,498,0
891,510,602,0
892,841,531,0
893,392,312,0
894,6,606,0
895,801,91,1
896,480,461,0
897,227,30,1
898,988,374,1
899,47,287,0
900,952,731,0
901,218,742,0
902,224,458,0
903,867,568,0
904,431,397,0
905,920,144,1
906,40,879,0
907,873,643,0
908,605,221,1
909,700,94,1
910,484,372,0
911,367,551,0
912,162,148,0
913,821,772,0
914,551,408,0
915,615,891,0
916,713,353,0
917,428,279,0
918,133,591,0
919,355,724,0
920,464,187,1
921,653,208,1
922,747,836,0
923,295,798,0
924,893,844,0
925,669,224,1
926,778,694,0
927,51,976,0
928,250,590,0
929,989,883,0
930,596,220,1
931,254,819,0
932,889,967,0
933,573,583,0
934,797,451,0
935,635,353,0
936,159,502,0
937,473,820,0
938,594,380,0
939,815,567,0
940,317,13,1
941,887,731,0
942,125,736,0
943,112,941,0
944,178,663,0
945,910,568,0
946,774,806,0
947,183,922,0
948,138,232,0
949,25,369,0
950,267,985,0
951,14,746,0
952,193,186,0
953,369,758,0
954,512,676,0
955,179,362,0
956,784,228,1
957,966,729,0
958,847,847,0
959,715,848,0
960,591,74,1
961,30,525,0
962,898,873,0
963,727,213,1
964,176,690,0
965,540,521,0
966,107,613,0
967,785,260,1
968,26,650,0
969,714,116,1
970,202,335,0
971,399,442,0
972,787,277,1
973,102,663,0
974,974,686,0
975,447,718,0
976,652,861,0
977,680,240,1
978,842,185,1
979,121,327,0
980,625,23,1
981,514,363,0
982,978,748,0
983,848,979,0
984,78,876,0
985,630,769,0
986,27,498,0
987,680,540,0
988,194,812,0
989,371,226,0
990,245,9,1
991,97,770,0
992,247,522,0
993,112,804,0
994,540,899,0
995,146,702,0
996,423,837,0
997,87,675,0
998,706,417,0
999,262,834,0
1000,888,498,0
