n 2000
c 439470
z 765879
time 0.00
1,175,405,0
2,984,721,1
3,777,727,1
4,125,840,0
5,683,641,1
6,50,823,0
7,763,642,1
8,461,945,0
9,936,106,1
10,28,855,0
11,792,409,1
12,644,736,1
13,548,321,1
14,363,913,0
15,800,866,1
16,141,794,0
17,263,354,0
18,971,357,1
19,388,886,0
20,787,979,0
21,971,746,1
22,48,325,0
23,725,729,1
24,177,260,0
25,786,418,1
26,792,845,1
27,545,463,1
28,81,477,0
29,755,723,1
30,474,652,0
31,598,791,0
32,689,297,1
33,885,929,1
34,784,650,1
35,533,49,1
36,214,822,0
37,978,121,1
38,792,650,1
39,360,9,1
40,437,316,1
41,37,900,0
42,823,887,1
43,219,291,0
44,44,147,0
45,220,468,0
46,196,752,0
47,78,951,0
48,718,31,1
49,30,820,0
50,355,733,0
51,344,492,0
52,956,861,1
53,444,74,1
54,830,545,1
55,485,398,1
56,291,573,0
57,108,974,0
58,901,112,1
59,769,769,1
60,596,887,0
61,281,466,0
62,855,608,1
63,963,165,1
64,119,832,0
65,884,193,1
66,590,873,0
67,90,162,0
68,55,884,0
69,462,897,0
70,7,455,0
71,594,915,0
72,256,499,0
73,66,459,0
74,647,684,1
75,744,637,1
76,987,22,1
77,391,296,1
78,342,544,0
79,689,294,1
80,625,16,1
81,300,27,1
82,975,899,1
83,407,672,0
84,403,87,1
85,330,715,0
86,206,63,1
87,675,469,1
88,712,529,1
89,245,991,0
90,224,608,0
91,227,762,0
92,199,370,0
93,139,706,0
94,934,805,1
95,901,53,1
96,288,954,0
97,946,814,1
98,945,446,1
99,874,353,1
100,918,49,1
101,558,738,0
102,991,645,1
103,708,319,1
104,159,5,1
105,384,998,0
106,748,159,1
107,983,380,1
108,138,816,0
109,847,260,1
110,154,306,0
111,67,16,1
112,967,708,1
113,435,870,0
114,785,486,1
115,183,666,0
116,402,288,1
117,812,756,1
118,150,166,1
119,391,486,0
120,856,314,1
121,607,613,1
122,168,382,0
123,919,545,1
124,992,180,1
125,817,354,1
126,622,228,1
127,758,393,1
128,651,129,1
129,953,816,1
130,538,792,0
131,244,23,1
132,828,614,1
133,257,436,0
134,192,517,0
135,139,78,1
136,929,587,1
137,814,14,1
138,439,912,0
139,936,251,1
140,415,697,0
141,435,272,1
142,894,846,1
143,827,372,1
144,137,260,0
145,633,670,1
146,960,215,1
147,338,443,0
148,488,536,1
149,898,398,1
150,208,927,0
151,594,730,0
152,908,254,1
153,369,543,0
154,117,289,0
155,150,15,1
156,393,565,0
157,339,779,0
158,990,484,1
159,61,703,0
160,722,26,1
161,848,598,1
162,559,312,1
163,815,499,1
164,378,651,0
165,418,918,0
166,114,919,0
167,176,208,1
168,21,973,0
169,739,891,0
170,6,526,0
171,148,1000,0
172,955,275,1
173,387,342,1
174,731,891,0
175,736,124,1
176,845,512,1
177,760,251,1
178,659,838,0
179,831,331,1
180,806,833,1
181,44,992,0
182,19,554,0
183,450,169,1
184,290,949,0
185,786,934,0
186,631,698,1
187,30,75,0
188,81,478,0
189,745,485,1
190,536,678,0
191,594,863,0
192,205,472,0
193,511,945,0
194,921,69,1
195,565,950,0
196,823,127,1
197,190,273,0
198,429,939,0
199,460,932,0
200,69,218,0
201,761,364,1
202,187,498,0
203,369,124,1
204,519,588,1
205,719,588,1
206,386,298,1
207,708,109,1
208,477,735,0
209,79,564,0
210,404,458,1
211,958,969,1
212,234,265,1
213,410,940,0
214,830,358,1
215,649,675,1
216,572,960,0
217,196,833,0
218,486,809,0
219,713,990,0
220,680,495,1
221,651,703,1
222,764,82,1
223,789,194,1
224,394,593,0
225,6,929,0
226,89,169,0
227,213,912,0
228,427,402,1
229,382,572,0
230,282,96,1
231,693,770,1
232,368,139,1
233,559,194,1
234,493,595,0
235,249,974,0
236,978,253,1
237,432,818,0
238,594,410,1
239,831,738,1
240,536,194,1
241,86,538,0
242,66,836,0
243,63,62,1
244,725,376,1
245,253,959,0
246,555,284,1
247,621,559,1
248,520,111,1
249,742,193,1
250,515,349,1
251,69,72,1
252,647,944,0
253,553,898,0
254,920,239,1
255,974,464,1
256,194,590,0
257,573,205,1
258,821,209,1
259,208,80,1
260,86,174,0
261,10,424,0
262,407,854,0
263,29,708,0
264,799,80,1
265,726,916,0
266,620,371,1
267,59,895,0
268,604,333,1
269,788,962,0
270,170,628,0
271,535,145,1
272,414,712,0
273,237,229,1
274,310,476,0
275,811,562,1
276,440,391,1
277,523,516,1
278,106,995,0
279,920,262,1
280,776,593,1
281,313,494,0
282,300,255,1
283,748,504,1
284,604,704,1
285,860,885,1
286,813,110,1
287,237,272,1
288,286,6,1
289,52,870,0
290,535,304,1
291,636,719,1
292,792,681,1
293,299,29,1
294,262,287,1
295,955,272,1
296,304,760,0
297,804,691,1
298,248,695,0
299,22,215,0
300,620,365,1
301,989,113,1
302,764,704,1
303,509,99,1
304,479,818,0
305,197,900,0
306,166,977,0
307,16,948,0
308,962,406,1
309,622,801,0
310,569,524,1
311,433,415,1
312,83,95,1
313,387,575,0
314,251,303,0
315,381,263,1
316,169,159,1
317,426,162,1
318,20,942,0
319,851,107,1
320,668,674,1
321,51,747,0
322,166,596,0
323,274,925,0
324,433,531,0
325,944,554,1
326,486,520,1
327,151,359,0
328,284,36,1
329,650,63,1
330,625,746,0
331,460,853,0
332,373,588,0
333,865,202,1
334,687,429,1
335,986,743,1
336,907,376,1
337,388,536,0
338,4,724,0
339,39,477,0
340,907,253,1
341,172,446,0
342,833,647,1
343,176,947,0
344,489,193,1
345,798,85,1
346,230,908,0
347,56,5,1
348,812,527,1
349,949,142,1
350,763,704,1
351,662,441,1
352,302,217,1
353,843,661,1
354,410,749,0
355,139,449,0
356,434,790,0
357,344,608,0
358,335,116,1
359,553,192,1
360,788,163,1
361,945,799,1
362,135,658,0
363,588,842,0
364,460,611,0
365,490,915,0
366,844,108,1
367,828,566,1
368,354,961,0
369,532,208,1
370,758,876,1
371,553,637,1
372,723,403,1
373,7,629,0
374,123,243,0
375,925,377,1
376,458,542,0
377,752,896,0
378,991,583,1
379,405,273,1
380,455,630,0
381,140,428,0
382,820,780,1
383,344,665,0
384,235,468,0
385,59,900,0
386,355,756,0
387,598,252,1
388,81,623,0
389,989,143,1
390,729,41,1
391,385,380,1
392,191,30,1
393,24,124,0
394,763,447,1
395,599,813,0
396,970,114,1
397,991,725,1
398,385,125,1
399,645,671,1
400,909,614,1
401,851,357,1
402,302,586,0
403,405,331,1
404,770,360,1
405,766,603,1
406,501,257,1
407,649,451,1
408,430,799,0
409,475,559,1
410,981,615,1
411,661,156,1
412,857,348,1
413,943,106,1
414,758,114,1
415,960,660,1
416,307,739,0
417,354,720,0
418,898,193,1
419,747,149,1
420,288,217,1
421,918,214,1
422,804,336,1
423,399,346,1
424,564,653,1
425,214,973,0
426,891,730,1
427,523,231,1
428,88,929,0
429,984,47,1
430,167,183,1
431,756,36,1
432,882,447,1
433,547,39,1
434,739,646,1
435,803,752,1
436,832,742,1
437,649,339,1
438,289,233,1
439,258,847,0
440,869,692,1
441,998,363,1
442,416,237,1
443,158,613,0
444,682,627,1
445,774,192,1
446,665,489,1
447,982,202,1
448,158,174,1
449,98,928,0
450,661,796,0
451,457,78,1
452,742,186,1
453,579,190,1
454,896,392,1
455,28,507,0
456,717,527,1
457,957,868,1
458,481,227,1
459,194,112,1
460,316,975,0
461,973,498,1
462,231,51,1
463,777,786,1
464,995,515,1
465,827,29,1
466,189,695,0
467,115,739,0
468,893,139,1
469,897,171,1
470,38,634,0
471,161,397,0
472,296,4,1
473,625,259,1
474,449,1,1
475,514,69,1
476,474,40,1
477,617,224,1
478,325,201,1
479,90,466,0
480,813,84,1
481,690,508,1
482,70,652,0
483,523,676,0
484,547,75,1
485,5,150,0
486,510,202,1
487,503,879,0
488,905,301,1
489,556,822,0
490,452,602,0
491,930,784,1
492,744,868,1
493,199,766,0
494,728,328,1
495,412,340,1
496,991,603,1
497,907,840,1
498,20,46,0
499,525,885,0
500,658,431,1
501,364,964,0
502,772,725,1
503,247,566,0
504,158,176,1
505,956,336,1
506,710,954,0
507,7,804,0
508,785,982,0
509,849,56,1
510,714,460,1
511,716,501,1
512,46,885,0
513,130,85,1
514,851,601,1
515,822,82,1
516,255,947,0
517,418,919,0
518,124,926,0
519,535,486,1
520,289,655,0
521,363,510,0
522,980,438,1
523,381,77,1
524,851,681,1
525,804,154,1
526,930,15,1
527,509,560,1
528,54,567,0
529,460,760,0
530,808,306,1
531,953,606,1
532,557,771,0
533,531,293,1
534,139,658,0
535,259,898,0
536,798,575,1
537,823,682,1
538,177,897,0
539,343,481,0
540,32,107,0
541,396,984,0
542,649,231,1
543,204,962,0
544,667,907,0
545,627,483,1
546,342,845,0
547,51,278,0
548,162,299,0
549,716,529,1
550,396,443,1
551,502,87,1
552,707,444,1
553,875,402,1
554,57,664,0
555,978,266,1
556,653,262,1
557,678,575,1
558,333,104,1
559,85,367,0
560,80,998,0
561,492,284,1
562,41,676,0
563,944,829,1
564,800,719,1
565,199,79,1
566,123,472,0
567,197,912,0
568,338,162,1
569,434,328,1
570,16,790,0
571,449,13,1
572,445,288,1
573,388,73,1
574,512,469,1
575,347,58,1
576,538,92,1
577,115,438,0
578,702,926,0
579,659,712,1
580,332,883,0
581,897,891,1
582,733,858,1
583,355,762,0
584,184,53,1
585,34,882,0
586,19,647,0
587,601,21,1
588,222,339,0
589,91,156,0
590,433,26,1
591,850,720,1
592,733,392,1
593,676,37,1
594,200,212,1
595,56,243,0
596,146,50,1
597,23,242,0
598,373,63,1
599,277,433,0
600,169,529,0
601,246,587,0
602,333,664,0
603,5,151,0
604,810,236,1
605,952,803,1
606,25,132,0
607,367,405,1
608,445,152,1
609,916,557,1
610,451,460,1
611,156,177,1
612,366,90,1
613,891,974,1
614,23,579,0
615,982,761,1
616,65,769,0
617,394,384,1
618,522,444,1
619,266,639,0
620,414,255,1
621,549,226,1
622,118,958,0
623,710,52,1
624,189,639,0
625,645,674,1
626,339,186,1
627,875,455,1
628,539,774,0
629,34,917,0
630,495,9,1
631,859,365,1
632,419,851,0
633,522,171,1
634,951,728,1
635,883,289,1
636,182,984,0
637,520,518,1
638,499,237,1
639,114,554,0
640,643,872,0
641,316,153,1
642,861,648,1
643,824,249,1
644,894,657,1
645,993,410,1
646,738,181,1
647,943,962,1
648,341,665,0
649,705,673,1
650,895,367,1
651,613,416,1
652,917,843,1
653,123,393,0
654,508,556,1
655,520,426,1
656,369,9,1
657,550,332,1
658,996,469,1
659,984,715,1
660,243,112,1
661,354,825,0
662,99,4,1
663,823,435,1
664,977,753,1
665,29,703,0
666,518,749,0
667,444,224,1
668,96,36,1
669,212,249,1
670,430,759,0
671,387,674,0
672,140,252,0
673,645,209,1
674,908,826,1
675,142,400,0
676,526,463,1
677,163,734,0
678,782,185,1
679,359,957,0
680,371,629,0
681,201,112,1
682,48,463,0
683,362,47,1
684,748,798,1
685,365,888,0
686,820,435,1
687,352,852,0
688,504,470,1
689,478,355,1
690,650,885,0
691,94,300,0
692,114,643,0
693,887,69,1
694,967,920,1
695,378,852,0
696,313,322,1
697,833,664,1
698,522,816,0
699,94,791,0
700,282,615,0
701,668,340,1
702,874,803,1
703,306,492,0
704,832,635,1
705,198,614,0
706,657,154,1
707,430,149,1
708,813,118,1
709,457,227,1
710,771,982,0
711,356,227,1
712,333,588,0
713,657,707,1
714,543,613,1
715,330,829,0
716,417,321,1
717,115,992,0
718,844,268,1
719,430,559,0
720,137,912,0
721,543,862,0
722,397,660,0
723,551,717,0
724,209,396,0
725,447,683,0
726,629,70,1
727,906,519,1
728,36,911,0
729,109,781,0
730,275,417,0
731,171,684,0
732,524,642,0
733,256,40,1
734,679,33,1
735,647,265,1
736,551,271,1
737,375,488,0
738,570,287,1
739,400,760,0
740,74,987,0
741,91,32,1
742,410,381,1
743,600,396,1
744,58,367,0
745,553,955,0
746,435,368,1
747,468,289,1
748,422,908,0
749,406,793,0
750,878,902,1
751,274,790,0
752,278,516,0
753,472,766,0
754,589,239,1
755,227,852,0
756,822,638,1
757,451,896,0
758,652,974,0
759,953,573,1
760,3,976,0
761,465,392,1
762,346,319,1
763,321,24,1
764,956,212,1
765,968,117,1
766,517,904,0
767,498,785,0
768,26,21,1
769,784,886,1
770,721,242,1
771,676,923,0
772,544,145,1
773,938,358,1
774,241,118,1
775,858,695,1
776,715,270,1
777,609,479,1
778,756,985,0
779,591,508,1
780,770,630,1
781,868,82,1
782,25,930,0
783,404,599,0
784,926,573,1
785,466,699,0
786,330,625,0
787,904,457,1
788,979,31,1
789,756,511,1
790,444,616,0
791,654,718,1
792,933,293,1
793,581,62,1
794,365,419,1
795,450,66,1
796,107,46,1
797,269,163,1
798,349,441,0
799,771,875,1
800,863,47,1
801,553,769,0
802,445,58,1
803,58,452,0
804,956,686,1
805,876,885,1
806,202,280,0
807,705,582,1
808,526,224,1
809,826,824,1
810,946,792,1
811,949,518,1
812,701,696,1
813,631,348,1
814,709,872,0
815,716,875,0
816,641,25,1
817,75,260,0
818,349,664,0
819,407,374,1
820,646,240,1
821,520,638,0
822,966,979,1
823,729,642,1
824,50,733,0
825,650,426,1
826,398,501,0
827,389,123,1
828,962,496,1
829,109,625,0
830,389,531,0
831,275,929,0
832,632,341,1
833,259,64,1
834,150,912,0
835,275,19,1
836,871,442,1
837,763,732,1
838,844,532,1
839,215,430,0
840,460,542,1
841,434,382,1
842,749,932,0
843,237,262,1
844,39,202,0
845,605,142,1
846,690,87,1
847,659,209,1
848,191,993,0
849,772,122,1
850,612,669,1
851,697,889,0
852,401,328,1
853,225,5,1
854,56,776,0
855,850,119,1
856,522,248,1
857,246,625,0
858,867,260,1
859,314,858,0
860,583,761,0
861,194,512,0
862,287,824,0
863,808,224,1
864,204,991,0
865,60,868,0
866,964,715,1
867,533,866,0
868,553,831,0
869,606,748,0
870,823,122,1
871,483,385,1
872,238,831,0
873,819,768,1
874,525,726,0
875,471,357,1
876,32,275,0
877,40,897,0
878,864,320,1
879,727,794,1
880,169,612,0
881,358,396,1
882,25,15,1
883,876,842,1
884,707,833,1
885,766,766,1
886,731,510,1
887,457,608,0
888,925,823,1
889,299,678,0
890,694,537,1
891,833,33,1
892,300,74,1
893,635,431,1
894,913,957,1
895,356,290,1
896,235,780,0
897,510,333,1
898,663,517,1
899,282,758,0
900,947,34,1
901,357,301,1
902,835,929,1
903,958,63,1
904,546,580,1
905,643,407,1
906,323,774,0
907,292,338,1
908,288,892,0
909,391,765,0
910,47,787,0
911,578,118,1
912,237,731,0
913,112,675,0
914,218,991,0
915,466,346,1
916,572,336,1
917,239,678,0
918,224,382,0
919,950,635,1
920,859,690,1
921,320,799,0
922,102,219,0
923,394,621,0
924,152,147,1
925,632,767,0
926,125,581,0
927,358,47,1
928,517,981,0
929,808,394,1
930,143,403,0
931,233,882,0
932,492,734,0
933,560,334,1
934,280,242,1
935,326,688,0
936,762,653,1
937,948,843,1
938,309,547,0
939,10,894,0
940,384,900,0
941,458,74,1
942,248,655,0
943,235,740,0
944,685,814,0
945,265,111,1
946,73,741,0
947,938,881,1
948,541,959,0
949,156,96,1
950,806,528,1
951,681,401,1
952,644,993,0
953,12,477,0
954,339,243,1
955,30,89,0
956,603,179,1
957,953,360,1
958,322,758,0
959,726,343,1
960,986,833,1
961,489,428,1
962,525,544,1
963,762,564,1
964,275,761,0
965,375,448,0
966,134,388,0
967,20,267,0
968,749,641,1
969,101,147,0
970,77,22,1
971,682,121,1
972,326,12,1
973,969,118,1
974,385,493,0
975,786,757,1
976,903,220,1
977,683,983,0
978,93,8,1
979,108,726,0
980,580,574,1
981,869,266,1
982,765,43,1
983,971,50,1
984,649,939,0
985,625,976,0
986,846,25,1
987,51,275,0
988,165,723,0
989,494,41,1
990,792,752,1
991,644,273,1
992,658,457,1
993,451,507,1
994,447,210,1
995,757,453,1
996,618,300,1
997,754,666,1
998,677,984,0
999,337,553,0
1000,755,185,1
1001,662,760,1
1002,490,983,0
1003,741,506,1
1004,284,60,1
1005,949,260,1
1006,628,36,1
1007,471,400,1
1008,949,878,1
1009,566,364,1
1010,582,721,0
1011,200,642,0
1012,194,413,0
1013,498,493,1
1014,237,400,0
1015,219,853,0
1016,864,289,1
1017,679,399,1
1018,853,988,1
1019,267,956,0
1020,526,570,1
1021,880,251,1
1022,336,77,1
1023,56,894,0
1024,645,509,1
1025,462,990,0
1026,703,938,0
1027,378,900,0
1028,104,774,0
1029,474,749,0
1030,598,38,1
1031,708,393,1
1032,332,909,0
1033,271,961,0
1034,276,645,0
1035,778,546,1
1036,985,995,1
1037,124,242,0
1038,344,757,0
1039,386,734,0
1040,310,443,0
1041,840,101,1
1042,364,912,0
1043,359,421,1
1044,840,643,1
1045,884,376,1
1046,470,702,0
1047,152,194,0
1048,171,218,0
1049,900,906,1
1050,786,469,1
1051,797,387,1
1052,111,849,0
1053,901,990,1
1054,784,986,0
1055,642,309,1
1056,732,916,0
1057,176,382,0
1058,3,135,0
1059,193,130,1
1060,342,816,0
1061,301,785,0
1062,488,781,0
1063,53,516,0
1064,57,452,0
1065,280,999,0
1066,531,728,0
1067,761,201,1
1068,861,82,1
1069,64,649,0
1070,205,752,0
1071,860,79,1
1072,290,852,0
1073,802,660,1
1074,728,420,1
1075,591,38,1
1076,213,377,0
1077,393,332,1
1078,776,222,1
1079,820,987,0
1080,921,503,1
1081,721,899,0
1082,627,419,1
1083,873,857,1
1084,30,328,0
1085,295,665,0
1086,562,354,1
1087,835,319,1
1088,214,767,0
1089,306,322,1
1090,437,10,1
1091,59,95,0
1092,466,34,1
1093,501,677,0
1094,826,782,1
1095,524,706,0
1096,328,639,0
1097,818,330,1
1098,7,498,0
1099,346,94,1
1100,272,424,0
1101,871,865,1
1102,371,892,0
1103,275,178,1
1104,546,193,1
1105,332,278,1
1106,560,398,1
1107,161,846,0
1108,785,254,1
1109,995,9,1
1110,619,72,1
1111,198,182,1
1112,786,448,1
1113,95,168,0
1114,498,432,1
1115,71,997,0
1116,709,334,1
1117,893,869,1
1118,620,451,1
1119,561,924,0
1120,186,110,1
1121,165,508,0
1122,764,59,1
1123,134,58,1
1124,725,99,1
1125,712,210,1
1126,358,416,1
1127,329,762,0
1128,971,741,1
1129,651,217,1
1130,680,121,1
1131,213,90,1
1132,882,222,1
1133,91,297,0
1134,66,834,0
1135,977,744,1
1136,348,193,1
1137,951,694,1
1138,638,373,1
1139,894,29,1
1140,28,979,0
1141,241,150,1
1142,448,83,1
1143,415,251,1
1144,814,132,1
1145,108,905,0
1146,494,377,1
1147,343,456,0
1148,475,292,1
1149,39,993,0
1150,176,238,0
1151,494,147,1
1152,26,72,0
1153,63,153,0
1154,49,817,0
1155,884,684,1
1156,864,396,1
1157,96,8,1
1158,435,156,1
1159,4,557,0
1160,40,712,0
1161,613,613,1
1162,807,533,1
1163,850,373,1
1164,299,884,0
1165,523,809,0
1166,290,290,1
1167,621,561,1
1168,649,861,0
1169,618,362,1
1170,769,690,1
1171,853,434,1
1172,958,784,1
1173,811,612,1
1174,197,840,0
1175,941,988,1
1176,157,36,1
1177,330,271,1
1178,495,201,1
1179,369,202,1
1180,248,466,0
1181,565,590,1
1182,117,618,0
1183,265,125,1
1184,445,838,0
1185,386,500,0
1186,74,117,0
1187,860,92,1
1188,825,284,1
1189,36,590,0
1190,34,754,0
1191,357,763,0
1192,361,917,0
1193,751,5,1
1194,834,864,1
1195,65,734,0
1196,388,106,1
1197,711,827,1
1198,164,675,0
1199,495,148,1
1200,114,149,0
1201,261,763,0
1202,664,45,1
1203,470,798,0
1204,647,84,1
1205,729,162,1
1206,708,143,1
1207,177,398,0
1208,248,351,0
1209,248,282,1
1210,533,326,1
1211,470,499,1
1212,308,967,0
1213,623,460,1
1214,971,960,1
1215,834,993,0
1216,91,183,0
1217,997,691,1
1218,208,126,1
1219,398,531,0
1220,314,220,1
1221,701,285,1
1222,513,762,0
1223,381,83,1
1224,917,15,1
1225,929,754,1
1226,763,880,1
1227,59,293,0
1228,27,455,0
1229,879,997,1
1230,518,94,1
1231,47,986,0
1232,710,528,1
1233,104,152,0
1234,205,749,0
1235,641,456,1
1236,591,120,1
1237,83,378,0
1238,700,455,1
1239,524,36,1
1240,701,783,1
1241,790,962,0
1242,608,737,0
1243,372,794,0
1244,919,324,1
1245,837,186,1
1246,138,824,0
1247,993,152,1
1248,597,388,1
1249,304,158,1
1250,884,21,1
1251,706,145,1
1252,674,788,1
1253,625,220,1
1254,161,595,0
1255,202,158,1
1256,692,99,1
1257,339,244,1
1258,49,237,0
1259,942,908,1
1260,546,979,0
1261,596,303,1
1262,418,458,1
1263,141,114,1
1264,268,367,0
1265,963,578,1
1266,191,499,0
1267,734,689,1
1268,695,436,1
1269,954,561,1
1270,365,897,0
1271,252,68,1
1272,22,33,0
1273,292,590,0
1274,345,209,1
1275,413,927,0
1276,105,665,0
1277,719,641,1
1278,330,657,0
1279,150,386,0
1280,481,597,0
1281,787,326,1
1282,396,794,0
1283,848,525,1
1284,329,756,0
1285,801,116,1
1286,835,525,1
1287,174,675,0
1288,702,348,1
1289,93,747,0
1290,84,104,0
1291,340,361,1
1292,656,264,1
1293,532,963,0
1294,871,112,1
1295,353,421,0
1296,550,626,1
1297,158,216,0
1298,727,702,1
1299,917,961,1
1300,109,399,0
1301,716,466,1
1302,759,628,1
1303,531,79,1
1304,626,24,1
1305,82,734,0
1306,334,103,1
1307,368,436,0
1308,562,461,1
1309,294,808,0
1310,924,644,1
1311,953,599,1
1312,137,497,0
1313,478,523,1
1314,858,620,1
1315,601,712,1
1316,727,283,1
1317,30,693,0
1318,566,162,1
1319,816,987,0
1320,660,512,1
1321,855,862,1
1322,164,529,0
1323,140,652,0
1324,117,508,0
1325,657,470,1
1326,933,368,1
1327,291,123,1
1328,924,224,1
1329,577,915,0
1330,499,479,1
1331,583,439,1
1332,99,802,0
1333,203,35,1
1334,682,849,0
1335,288,372,0
1336,721,370,1
1337,384,84,1
1338,209,882,0
1339,181,583,0
1340,907,240,1
1341,576,761,0
1342,686,984,0
1343,11,758,0
1344,963,153,1
1345,130,805,0
1346,469,28,1
1347,907,106,1
1348,365,41,1
1349,886,694,1
1350,433,728,0
1351,208,862,0
1352,772,568,1
1353,498,685,0
1354,961,239,1
1355,918,959,1
1356,201,167,1
1357,817,507,1
1358,484,601,0
1359,940,579,1
1360,12,857,0
1361,709,299,1
1362,341,814,0
1363,850,708,1
1364,56,260,0
1365,365,652,0
1366,895,120,1
1367,707,836,0
1368,211,367,0
1369,431,190,1
1370,512,27,1
1371,676,896,0
1372,355,452,0
1373,135,545,0
1374,898,863,1
1375,634,455,1
1376,361,677,0
1377,461,339,1
1378,349,34,1
1379,80,754,0
1380,849,303,1
1381,251,64,1
1382,702,311,1
1383,870,571,1
1384,288,740,0
1385,372,241,1
1386,555,595,1
1387,810,95,1
1388,716,858,0
1389,54,272,0
1390,564,316,1
1391,635,542,1
1392,551,783,0
1393,696,784,1
1394,979,675,1
1395,872,111,1
1396,132,878,0
1397,668,711,1
1398,60,184,0
1399,860,127,1
1400,48,241,0
1401,374,532,0
1402,597,378,1
1403,405,24,1
1404,257,703,0
1405,154,803,0
1406,143,494,0
1407,32,675,0
1408,802,420,1
1409,801,166,1
1410,578,357,1
1411,502,89,1
1412,453,293,1
1413,396,147,1
1414,108,320,0
1415,386,707,0
1416,118,379,0
1417,87,122,0
1418,787,453,1
1419,464,415,1
1420,54,413,0
1421,767,806,1
1422,974,121,1
1423,639,204,1
1424,454,568,0
1425,140,617,0
1426,479,749,0
1427,752,346,1
1428,839,936,1
1429,983,385,1
1430,491,706,0
1431,788,764,1
1432,960,302,1
1433,684,87,1
1434,79,927,0
1435,184,391,0
1436,495,745,0
1437,241,421,0
1438,125,88,1
1439,284,530,0
1440,646,471,1
1441,157,701,0
1442,557,214,1
1443,823,334,1
1444,351,43,1
1445,41,446,0
1446,875,555,1
1447,941,502,1
1448,912,757,1
1449,250,688,0
1450,55,940,0
1451,89,37,1
1452,40,959,0
1453,796,204,1
1454,432,911,0
1455,354,860,0
1456,839,940,1
1457,160,718,0
1458,352,332,1
1459,785,626,1
1460,449,673,0
1461,46,677,0
1462,378,30,1
1463,545,84,1
1464,923,486,1
1465,947,567,1
1466,94,929,0
1467,118,173,0
1468,244,947,0
1469,540,623,1
1470,876,603,1
1471,358,964,0
1472,685,189,1
1473,793,617,1
1474,572,708,0
1475,834,714,1
1476,593,216,1
1477,322,594,0
1478,236,191,1
1479,877,171,1
1480,445,828,0
1481,773,234,1
1482,609,609,1
1483,523,810,0
1484,152,969,0
1485,61,467,0
1486,4,319,0
1487,195,895,0
1488,332,773,0
1489,596,81,1
1490,398,594,0
1491,853,50,1
1492,419,98,1
1493,233,305,0
1494,899,739,1
1495,221,806,0
1496,826,578,1
1497,618,812,0
1498,691,576,1
1499,365,649,0
1500,896,101,1
1501,307,507,0
1502,988,183,1
1503,446,848,0
1504,839,951,1
1505,717,874,0
1506,337,912,0
1507,727,797,1
1508,330,493,0
1509,560,582,1
1510,157,29,1
1511,468,762,0
1512,925,838,1
1513,736,73,1
1514,464,275,1
1515,168,181,1
1516,904,291,1
1517,931,427,1
1518,784,776,1
1519,202,564,0
1520,916,808,1
1521,488,600,0
1522,825,988,0
1523,428,344,1
1524,723,707,1
1525,137,982,0
1526,677,538,1
1527,398,867,0
1528,763,218,1
1529,49,149,0
1530,556,934,0
1531,879,483,1
1532,540,311,1
1533,143,951,0
1534,109,854,0
1535,28,159,0
1536,821,381,1
1537,377,479,0
1538,322,322,1
1539,910,118,1
1540,794,977,0
1541,161,259,0
1542,744,597,1
1543,184,213,1
1544,504,859,0
1545,923,468,1
1546,460,52,1
1547,231,335,0
1548,831,780,1
1549,628,939,0
1550,446,139,1
1551,280,452,0
1552,647,360,1
1553,340,243,1
1554,209,589,0
1555,844,700,1
1556,347,355,1
1557,276,835,0
1558,712,283,1
1559,702,811,1
1560,64,765,0
1561,128,19,1
1562,531,81,1
1563,755,309,1
1564,870,88,1
1565,854,331,1
1566,295,125,1
1567,272,712,0
1568,5,158,0
1569,789,993,0
1570,473,113,1
1571,32,54,0
1572,409,293,1
1573,918,793,1
1574,195,222,1
1575,347,778,0
1576,759,988,0
1577,510,596,1
1578,117,953,0
1579,423,128,1
1580,693,621,1
1581,666,820,0
1582,805,872,1
1583,979,783,1
1584,445,971,0
1585,240,707,0
1586,606,83,1
1587,134,352,0
1588,793,859,1
1589,444,745,0
1590,317,445,0
1591,436,501,1
1592,576,964,0
1593,72,213,0
1594,270,929,0
1595,849,885,1
1596,87,657,0
1597,698,552,1
1598,275,55,1
1599,219,164,1
1600,273,779,0
1601,649,703,1
1602,477,126,1
1603,971,621,1
1604,703,169,1
1605,920,879,1
1606,568,369,1
1607,572,562,1
1608,432,697,0
1609,426,657,0
1610,107,165,0
1611,442,47,1
1612,50,910,0
1613,243,621,0
1614,245,550,0
1615,324,52,1
1616,926,586,1
1617,893,464,1
1618,929,631,1
1619,179,522,0
1620,455,394,1
1621,536,352,1
1622,922,320,1
1623,248,226,1
1624,459,743,0
1625,591,508,1
1626,175,191,1
1627,137,99,1
1628,576,929,0
1629,882,286,1
1630,440,434,1
1631,411,811,0
1632,408,243,1
1633,582,122,1
1634,542,593,1
1635,745,114,1
1636,781,172,1
1637,486,438,1
1638,726,534,1
1639,947,180,1
1640,629,802,0
1641,453,602,0
1642,342,174,1
1643,840,437,1
1644,934,966,1
1645,801,39,1
1646,294,166,1
1647,660,812,0
1648,314,980,0
1649,617,834,0
1650,176,632,0
1651,305,290,1
1652,596,513,1
1653,479,215,1
1654,785,502,1
1655,2,346,0
1656,297,53,1
1657,511,191,1
1658,581,667,1
1659,619,8,1
1660,440,281,1
1661,517,884,0
1662,525,431,1
1663,906,412,1
1664,706,232,1
1665,187,226,0
1666,788,1,1
1667,617,902,0
1668,761,599,1
1669,608,702,1
1670,165,996,0
1671,249,353,0
1672,492,398,1
1673,881,776,1
1674,271,100,1
1675,271,929,0
1676,545,686,0
1677,539,866,0
1678,337,512,0
1679,2,479,0
1680,562,514,1
1681,446,264,1
1682,749,759,1
1683,322,609,0
1684,544,128,1
1685,539,591,1
1686,80,781,0
1687,266,220,1
1688,770,143,1
1689,759,520,1
1690,512,685,0
1691,207,364,0
1692,599,352,1
1693,709,683,1
1694,724,789,1
1695,79,928,0
1696,255,375,0
1697,351,422,0
1698,15,943,0
1699,474,368,1
1700,485,849,0
1701,894,326,1
1702,493,4,1
1703,292,448,0
1704,519,949,0
1705,429,522,0
1706,436,416,1
1707,544,85,1
1708,804,325,1
1709,497,925,0
1710,364,955,0
1711,118,996,0
1712,676,740,1
1713,59,578,0
1714,447,548,0
1715,885,343,1
1716,556,998,0
1717,67,175,0
1718,969,37,1
1719,305,329,1
1720,183,221,0
1721,214,660,0
1722,696,620,1
1723,342,127,1
1724,853,1000,1
1725,386,499,0
1726,948,53,1
1727,50,518,0
1728,15,499,0
1729,588,23,1
1730,512,802,0
1731,526,345,1
1732,424,83,1
1733,296,7,1
1734,783,589,1
1735,733,658,1
1736,413,697,0
1737,608,650,1
1738,895,42,1
1739,748,646,1
1740,813,140,1
1741,899,441,1
1742,457,296,1
1743,296,412,0
1744,962,921,1
1745,56,730,0
1746,254,662,0
1747,114,163,0
1748,774,540,1
1749,280,1,1
1750,275,560,0
1751,741,377,1
1752,718,550,1
1753,118,790,0
1754,845,216,1
1755,110,760,0
1756,746,974,0
1757,746,811,1
1758,765,295,1
1759,131,344,0
1760,626,826,0
1761,113,389,0
1762,589,539,1
1763,796,473,1
1764,210,421,0
1765,878,768,1
1766,465,928,0
1767,133,199,0
1768,926,328,1
1769,645,101,1
1770,415,650,0
1771,473,823,0
1772,702,531,1
1773,761,262,1
1774,414,478,1
1775,952,718,1
1776,283,466,0
1777,605,518,1
1778,922,606,1
1779,433,63,1
1780,975,490,1
1781,888,354,1
1782,318,275,1
1783,784,531,1
1784,441,698,0
1785,743,452,1
1786,200,819,0
1787,745,327,1
1788,566,997,0
1789,974,564,1
1790,136,810,0
1791,666,91,1
1792,16,988,0
1793,246,223,1
1794,680,386,1
1795,997,160,1
1796,667,238,1
1797,17,754,0
1798,269,445,0
1799,691,775,1
1800,778,450,1
1801,545,710,0
1802,604,879,0
1803,361,310,1
1804,798,913,1
1805,60,939,0
1806,357,158,1
1807,278,955,0
1808,423,382,1
1809,650,278,1
1810,227,460,0
1811,602,424,1
1812,352,535,0
1813,404,205,1
1814,530,137,1
1815,657,815,0
1816,375,995,0
1817,383,775,0
1818,871,515,1
1819,510,670,0
1820,682,907,0
1821,271,46,1
1822,115,615,0
1823,951,306,1
1824,978,115,1
1825,836,782,1
1826,640,918,0
1827,143,876,0
1828,923,319,1
1829,343,989,0
1830,937,883,1
1831,431,305,1
1832,842,200,1
1833,605,987,0
1834,934,114,1
1835,555,283,1
1836,997,743,1
1837,810,537,1
1838,237,648,0
1839,266,875,0
1840,878,422,1
1841,383,963,0
1842,970,823,1
1843,198,360,0
1844,376,452,0
1845,189,184,1
1846,55,120,0
1847,296,415,0
1848,31,711,0
1849,855,414,1
1850,620,656,1
1851,21,507,0
1852,604,321,1
1853,331,808,0
1854,936,373,1
1855,307,91,1
1856,951,661,1
1857,425,810,0
1858,317,872,0
1859,659,424,1
1860,562,440,1
1861,418,696,0
1862,287,883,0
1863,56,453,0
1864,716,482,1
1865,601,52,1
1866,213,578,0
1867,423,415,1
1868,875,748,1
1869,117,479,0
1870,318,307,1
1871,589,869,0
1872,984,770,1
1873,925,709,1
1874,869,967,1
1875,763,903,0
1876,167,320,0
1877,930,651,1
1878,133,897,0
1879,69,889,0
1880,907,695,1
1881,904,890,1
1882,429,827,0
1883,366,550,0
1884,966,846,1
1885,852,611,1
1886,421,774,0
1887,468,966,0
1888,422,914,0
1889,447,866,0
1890,735,688,1
1891,466,162,1
1892,913,992,1
1893,201,532,0
1894,454,989,0
1895,73,885,0
1896,146,48,1
1897,62,251,0
1898,857,232,1
1899,485,42,1
1900,768,890,1
1901,372,590,0
1902,696,312,1
1903,94,162,0
1904,885,65,1
1905,322,907,0
1906,630,366,1
1907,707,629,1
1908,181,780,0
1909,275,152,1
1910,341,307,1
1911,184,709,0
1912,947,322,1
1913,928,411,1
1914,644,724,1
1915,897,192,1
1916,702,27,1
1917,241,630,0
1918,484,223,1
1919,836,933,1
1920,649,467,1
1921,28,734,0
1922,542,965,0
1923,611,507,1
1924,726,800,1
1925,604,433,1
1926,830,48,1
1927,759,79,1
1928,882,25,1
1929,155,550,0
1930,3,748,0
1931,605,836,0
1932,356,174,1
1933,775,118,1
1934,68,223,0
1935,860,210,1
1936,302,804,0
1937,1000,670,1
1938,11,666,0
1939,37,617,0
1940,642,16,1
1941,432,836,0
1942,38,151,0
1943,289,301,1
1944,157,657,0
1945,217,680,0
1946,128,411,0
1947,118,865,0
1948,150,272,0
1949,538,226,1
1950,236,995,0
1951,986,613,1
1952,767,136,1
1953,490,280,1
1954,906,960,1
1955,126,875,0
1956,531,808,0
1957,731,22,1
1958,375,989,0
1959,763,891,1
1960,350,709,0
1961,263,741,0
1962,361,229,1
1963,152,316,0
1964,736,275,1
1965,174,486,0
1966,776,927,0
1967,873,364,1
1968,449,595,0
1969,694,894,0
1970,830,636,1
1971,81,140,0
1972,814,651,1
1973,921,914,1
1974,487,189,1
1975,57,342,0
1976,898,579,1
1977,146,490,0
1978,577,671,1
1979,62,480,0
1980,757,676,1
1981,415,567,0
1982,901,912,1
1983,502,201,1
1984,392,905,0
1985,144,974,0
1986,196,328,0
1987,186,57,1
1988,951,127,1
1989,550,876,0
1990,786,395,1
1991,902,10,1
1992,557,974,0
1993,108,553,0
1994,933,364,1
1995,660,291,1
1996,66,871,0
1997,945,959,1
1998,590,33,1
1999,196,505,0
2000,800,437,1
