n 2000
c 325159
z 665817
time 0.00
1,206,981,0
2,786,430,1
3,672,256,1
4,640,213,1
5,897,322,1
6,245,691,0
7,857,539,1
8,863,317,1
9,638,203,1
10,910,500,1
11,591,721,0
12,239,869,0
13,379,466,0
14,886,166,1
15,399,466,0
16,952,358,1
17,974,91,1
18,742,698,1
19,978,599,1
20,61,112,0
21,177,275,0
22,275,161,1
23,708,474,1
24,468,824,0
25,201,458,0
26,602,258,1
27,48,272,0
28,627,433,1
29,218,411,0
30,300,49,1
31,837,255,1
32,964,661,1
33,812,361,1
34,595,767,0
35,811,634,1
36,73,555,0
37,729,290,1
38,27,398,0
39,622,266,1
40,719,272,1
41,172,621,0
42,777,147,1
43,825,948,0
44,311,487,0
45,850,525,1
46,455,764,0
47,548,543,1
48,792,515,1
49,236,53,1
50,253,794,0
51,615,748,0
52,654,186,1
53,315,379,0
54,161,478,0
55,492,934,0
56,910,897,1
57,314,423,0
58,104,924,0
59,128,250,0
60,519,396,1
61,48,754,0
62,810,692,1
63,913,765,1
64,65,308,0
65,482,681,0
66,73,622,0
67,81,378,0
68,161,440,0
69,868,266,1
70,33,835,0
71,585,979,0
72,731,495,1
73,97,372,0
74,729,281,1
75,862,269,1
76,366,962,0
77,510,152,1
78,33,45,0
79,24,478,0
80,835,460,1
81,619,659,0
82,146,151,0
83,845,648,1
84,494,475,1
85,641,235,1
86,272,347,0
87,890,573,1
88,379,86,1
89,828,520,1
90,690,893,0
91,938,954,0
92,337,686,0
93,537,962,0
94,520,561,0
95,108,174,0
96,466,351,1
97,641,527,1
98,44,50,0
99,192,186,1
100,272,326,0
101,612,387,1
102,529,978,0
103,498,264,1
104,865,90,1
105,983,87,1
106,263,372,0
107,110,349,0
108,780,740,1
109,982,732,1
110,204,799,0
111,329,576,0
112,474,601,0
113,601,839,0
114,883,875,1
115,38,123,0
116,533,220,1
117,683,773,0
118,321,395,0
119,38,383,0
120,195,934,0
121,533,837,0
122,546,650,0
123,446,41,1
124,371,80,1
125,487,403,1
126,48,888,0
127,420,777,0
128,438,877,0
129,703,776,0
130,828,181,1
131,34,271,0
132,879,587,1
133,824,756,1
134,874,930,0
135,665,838,0
136,283,344,0
137,452,791,0
138,585,396,1
139,119,939,0
140,833,686,1
141,898,401,1
142,648,906,0
143,209,221,0
144,739,241,1
145,152,647,0
146,98,564,0
147,969,780,1
148,171,749,0
149,256,382,0
150,290,324,0
151,288,387,0
152,94,538,0
153,287,375,0
154,719,846,0
155,980,607,1
156,572,698,0
157,177,548,0
158,761,233,1
159,979,695,1
160,957,887,1
161,262,39,1
162,601,172,1
163,862,724,1
164,21,727,0
165,992,23,1
166,485,404,1
167,295,992,0
168,576,225,1
169,802,987,0
170,529,851,0
171,874,520,1
172,22,807,0
173,626,150,1
174,822,519,1
175,911,356,1
176,40,724,0
177,903,996,0
178,54,907,0
179,654,884,0
180,880,373,1
181,459,905,0
182,909,734,1
183,145,594,0
184,757,210,1
185,673,286,1
186,193,639,0
187,621,404,1
188,508,363,1
189,663,301,1
190,859,243,1
191,872,520,1
192,247,532,0
193,437,658,0
194,556,442,1
195,180,527,0
196,401,555,0
197,84,585,0
198,352,943,0
199,186,516,0
200,48,383,0
201,432,180,1
202,669,198,1
203,680,612,1
204,818,784,1
205,318,676,0
206,860,270,1
207,123,950,0
208,399,771,0
209,534,517,1
210,783,183,1
211,149,10,1
212,165,437,0
213,905,932,0
214,865,274,1
215,39,971,0
216,654,277,1
217,59,914,0
218,465,373,1
219,895,247,1
220,987,820,1
221,521,351,1
222,846,846,1
223,131,227,0
224,420,917,0
225,236,969,0
226,435,797,0
227,348,625,0
228,733,159,1
229,540,237,1
230,124,932,0
231,964,499,1
232,427,168,1
233,230,306,0
234,471,176,1
235,975,239,1
236,100,281,0
237,166,67,1
238,380,871,0
239,61,594,0
240,314,502,0
241,661,875,0
242,261,681,0
243,558,855,0
244,896,93,1
245,899,728,1
246,806,520,1
247,740,927,0
248,755,923,0
249,269,858,0
250,29,218,0
251,644,648,0
252,649,268,1
253,264,914,0
254,674,779,0
255,740,537,1
256,845,218,1
257,843,134,1
258,688,246,1
259,342,881,0
260,360,18,1
261,897,897,1
262,858,995,0
263,939,196,1
264,673,164,1
265,996,725,1
266,470,655,0
267,233,824,0
268,854,409,1
269,219,474,0
270,21,201,0
271,285,257,1
272,816,189,1
273,156,861,0
274,312,840,0
275,601,307,1
276,507,172,1
277,442,892,0
278,84,824,0
279,895,646,1
280,658,758,0
281,223,542,0
282,247,604,0
283,187,641,0
284,655,756,0
285,906,558,1
286,448,250,1
287,388,761,0
288,720,954,0
289,43,158,0
290,10,252,0
291,538,672,0
292,723,805,0
293,601,134,1
294,921,67,1
295,817,352,1
296,810,332,1
297,778,12,1
298,594,772,0
299,469,15,1
300,959,345,1
301,811,626,1
302,311,380,0
303,260,539,0
304,265,863,0
305,507,773,0
306,73,733,0
307,502,133,1
308,204,379,0
309,332,161,1
310,227,905,0
311,376,799,0
312,661,532,1
313,434,808,0
314,541,395,1
315,476,103,1
316,155,892,0
317,617,234,1
318,94,459,0
319,649,692,0
320,511,286,1
321,682,428,1
322,969,16,1
323,945,501,1
324,156,560,0
325,926,779,1
326,216,85,1
327,845,783,1
328,263,768,0
329,937,239,1
330,931,670,1
331,203,813,0
332,527,729,0
333,264,730,0
334,34,330,0
335,696,711,0
336,533,189,1
337,851,328,1
338,366,32,1
339,734,174,1
340,229,153,1
341,243,655,0
342,508,172,1
343,591,411,1
344,715,886,0
345,708,950,0
346,497,856,0
347,623,893,0
348,159,59,1
349,108,815,0
350,894,973,0
351,325,810,0
352,697,166,1
353,329,974,0
354,541,906,0
355,810,290,1
356,180,834,0
357,495,809,0
358,913,121,1
359,471,632,0
360,214,616,0
361,7,943,0
362,466,454,1
363,147,274,0
364,814,160,1
365,137,347,0
366,974,425,1
367,883,446,1
368,861,246,1
369,378,633,0
370,993,72,1
371,376,261,1
372,301,927,0
373,110,445,0
374,941,896,1
375,356,98,1
376,836,891,0
377,991,784,1
378,938,587,1
379,580,401,1
380,418,954,0
381,699,244,1
382,567,721,0
383,390,458,0
384,438,49,1
385,209,645,0
386,798,969,0
387,436,405,1
388,884,876,1
389,372,191,1
390,843,6,1
391,136,76,1
392,65,651,0
393,182,172,1
394,373,756,0
395,637,702,0
396,269,719,0
397,342,933,0
398,755,121,1
399,908,680,1
400,383,875,0
401,378,566,0
402,224,183,1
403,683,531,1
404,404,757,0
405,269,924,0
406,328,302,1
407,31,643,0
408,73,916,0
409,833,864,0
410,32,668,0
411,899,564,1
412,579,977,0
413,646,122,1
414,737,950,0
415,158,877,0
416,446,280,1
417,273,608,0
418,620,486,1
419,857,478,1
420,274,949,0
421,469,295,1
422,110,236,0
423,806,107,1
424,967,481,1
425,349,686,0
426,582,511,1
427,202,288,0
428,786,877,0
429,335,480,0
430,762,899,0
431,218,868,0
432,349,339,1
433,522,215,1
434,677,90,1
435,625,520,1
436,242,274,0
437,320,251,1
438,779,621,1
439,216,175,1
440,736,752,0
441,948,419,1
442,11,826,0
443,589,597,0
444,196,591,0
445,677,217,1
446,140,989,0
447,460,498,0
448,473,570,0
449,425,528,0
450,912,248,1
451,824,558,1
452,840,159,1
453,106,206,0
454,611,717,0
455,778,60,1
456,160,492,0
457,748,420,1
458,947,704,1
459,872,425,1
460,527,955,0
461,404,531,0
462,858,951,0
463,207,619,0
464,174,200,0
465,786,742,1
466,223,963,0
467,977,300,1
468,424,623,0
469,199,604,0
470,936,359,1
471,712,566,1
472,658,600,1
473,671,404,1
474,747,701,1
475,936,69,1
476,293,893,0
477,440,464,0
478,264,86,1
479,520,154,1
480,711,968,0
481,65,301,0
482,728,48,1
483,65,749,0
484,781,127,1
485,299,671,0
486,464,7,1
487,501,520,0
488,924,570,1
489,539,271,1
490,934,318,1
491,761,464,1
492,346,265,1
493,277,406,0
494,74,597,0
495,707,884,0
496,593,688,0
497,802,41,1
498,94,642,0
499,331,750,0
500,276,996,0
501,218,36,1
502,558,410,1
503,94,727,0
504,488,316,1
505,282,849,0
506,649,839,0
507,894,516,1
508,308,498,0
509,271,824,0
510,733,992,0
511,778,901,0
512,104,810,0
513,785,110,1
514,782,430,1
515,692,946,0
516,97,704,0
517,737,528,1
518,711,19,1
519,550,430,1
520,851,283,1
521,634,326,1
522,262,906,0
523,67,262,0
524,29,518,0
525,587,634,0
526,156,964,0
527,692,304,1
528,80,163,0
529,362,136,1
530,970,967,1
531,368,926,0
532,856,448,1
533,554,318,1
534,381,614,0
535,145,242,0
536,473,627,0
537,646,843,0
538,3,182,0
539,486,97,1
540,842,879,0
541,411,697,0
542,67,980,0
543,531,50,1
544,573,103,1
545,33,636,0
546,40,1,1
547,634,598,1
548,884,816,1
549,242,826,0
550,622,200,1
551,517,471,1
552,213,377,0
553,681,530,1
554,523,12,1
555,312,467,0
556,303,963,0
557,708,55,1
558,775,116,1
559,307,335,0
560,874,18,1
561,890,908,0
562,148,665,0
563,38,46,0
564,291,500,0
565,405,208,1
566,830,996,0
567,907,729,1
568,637,558,1
569,297,713,0
570,403,74,1
571,960,277,1
572,16,132,0
573,650,250,1
574,299,545,0
575,521,114,1
576,205,768,0
577,394,878,0
578,944,306,1
579,329,913,0
580,951,351,1
581,744,492,1
582,871,759,1
583,866,939,0
584,59,825,0
585,481,443,1
586,541,620,0
587,279,478,0
588,952,23,1
589,346,429,0
590,307,559,0
591,41,416,0
592,280,605,0
593,179,13,1
594,210,25,1
595,311,731,0
596,964,535,1
597,125,466,0
598,991,140,1
599,987,106,1
600,276,821,0
601,76,68,1
602,671,100,1
603,372,8,1
604,444,137,1
605,726,68,1
606,500,601,0
607,574,717,0
608,543,493,1
609,74,301,0
610,997,721,1
611,115,850,0
612,400,783,0
613,690,511,1
614,257,671,0
615,405,1,1
616,163,158,1
617,440,968,0
618,221,753,0
619,128,264,0
620,192,36,1
621,548,659,0
622,112,243,0
623,276,460,0
624,816,259,1
625,979,547,1
626,374,846,0
627,529,880,0
628,93,522,0
629,201,70,1
630,210,605,0
631,434,317,1
632,774,951,0
633,576,267,1
634,649,204,1
635,210,881,0
636,72,797,0
637,86,246,0
638,981,409,1
639,545,66,1
640,717,389,1
641,659,777,0
642,104,797,0
643,558,746,0
644,905,629,1
645,599,178,1
646,516,673,0
647,558,810,0
648,599,630,0
649,520,642,0
650,433,43,1
651,644,144,1
652,720,879,0
653,466,929,0
654,839,896,0
655,294,363,0
656,43,405,0
657,508,325,1
658,983,233,1
659,38,379,0
660,566,941,0
661,745,281,1
662,533,480,1
663,518,188,1
664,571,285,1
665,244,584,0
666,408,650,0
667,506,249,1
668,971,136,1
669,810,921,0
670,944,548,1
671,481,338,1
672,846,785,1
673,67,553,0
674,223,279,0
675,724,184,1
676,576,204,1
677,361,751,0
678,816,93,1
679,605,822,0
680,102,778,0
681,104,648,0
682,283,155,1
683,41,543,0
684,262,947,0
685,492,809,0
686,878,559,1
687,998,316,1
688,186,515,0
689,973,427,1
690,972,890,1
691,957,93,1
692,861,975,0
693,117,694,0
694,834,917,0
695,136,316,0
696,43,31,1
697,528,792,0
698,804,965,0
699,44,439,0
700,701,899,0
701,202,837,0
702,444,664,0
703,808,917,0
704,995,296,1
705,892,22,1
706,347,974,0
707,868,149,1
708,63,250,0
709,256,467,0
710,686,835,0
711,595,788,0
712,928,9,1
713,824,820,1
714,929,233,1
715,688,133,1
716,692,430,1
717,954,745,1
718,847,328,1
719,684,680,1
720,428,924,0
721,254,711,0
722,895,568,1
723,334,165,1
724,955,265,1
725,829,531,1
726,728,563,1
727,65,56,1
728,55,900,0
729,932,918,1
730,870,781,1
731,777,52,1
732,934,526,1
733,886,401,1
734,977,373,1
735,253,714,0
736,810,203,1
737,773,864,0
738,277,651,0
739,582,17,1
740,133,864,0
741,18,545,0
742,444,218,1
743,54,253,0
744,341,92,1
745,720,123,1
746,621,501,1
747,626,113,1
748,864,224,1
749,668,513,1
750,568,475,1
751,704,526,1
752,473,673,0
753,199,471,0
754,911,244,1
755,209,772,0
756,769,683,1
757,698,865,0
758,223,331,0
759,535,582,0
760,14,765,0
761,96,296,0
762,188,308,0
763,24,56,0
764,990,985,1
765,223,430,0
766,568,733,0
767,209,178,1
768,540,994,0
769,614,750,0
770,363,678,0
771,74,587,0
772,762,605,1
773,800,151,1
774,196,490,0
775,968,312,1
776,885,218,1
777,664,600,1
778,286,830,0
779,574,940,0
780,852,747,1
781,107,427,0
782,323,663,0
783,354,95,1
784,257,497,0
785,424,371,1
786,933,149,1
787,718,250,1
788,949,500,1
789,626,687,0
790,463,484,0
791,76,47,1
792,895,817,1
793,28,87,0
794,168,935,0
795,712,258,1
796,582,515,1
797,635,619,1
798,231,309,0
799,186,436,0
800,258,804,0
801,432,441,0
802,575,798,0
803,81,140,0
804,190,650,0
805,355,334,1
806,140,901,0
807,424,46,1
808,512,909,0
809,160,673,0
810,556,165,1
811,572,374,1
812,199,549,0
813,533,308,1
814,7,188,0
815,307,403,0
816,36,845,0
817,249,748,0
818,495,717,0
819,798,430,1
820,737,989,0
821,527,950,0
822,848,695,1
823,95,826,0
824,828,289,1
825,304,274,1
826,240,889,0
827,995,171,1
828,932,340,1
829,388,874,0
830,128,944,0
831,649,945,0
832,994,658,1
833,449,833,0
834,656,244,1
835,913,108,1
836,73,615,0
837,409,581,0
838,798,625,1
839,710,399,1
840,623,10,1
841,649,502,1
842,423,969,0
843,164,678,0
844,145,774,0
845,996,583,1
846,964,484,1
847,489,225,1
848,218,637,0
849,915,10,1
850,23,81,0
851,111,889,0
852,980,821,1
853,927,222,1
854,658,364,1
855,304,144,1
856,532,549,0
857,533,298,1
858,846,656,1
859,720,307,1
860,938,478,1
861,145,600,0
862,609,532,1
863,647,233,1
864,846,563,1
865,419,525,0
866,662,984,0
867,12,898,0
868,420,347,1
869,900,405,1
870,385,70,1
871,490,730,0
872,664,372,1
873,369,177,1
874,440,179,1
875,510,901,0
876,594,543,1
877,879,314,1
878,858,717,1
879,526,234,1
880,35,865,0
881,340,652,0
882,227,852,0
883,227,51,1
884,766,493,1
885,124,198,0
886,294,978,0
887,535,201,1
888,487,348,1
889,617,175,1
890,977,573,1
891,816,977,0
892,463,735,0
893,34,512,0
894,900,314,1
895,171,539,0
896,877,985,0
897,836,933,0
898,705,417,1
899,57,687,0
900,677,519,1
901,651,837,0
902,509,277,1
903,724,928,0
904,405,721,0
905,194,944,0
906,901,363,1
907,98,899,0
908,219,880,0
909,478,582,0
910,386,527,0
911,145,102,1
912,496,824,0
913,574,300,1
914,197,548,0
915,73,667,0
916,375,493,0
917,261,775,0
918,779,74,1
919,229,268,0
920,253,927,0
921,102,360,0
922,929,263,1
923,49,6,1
924,731,991,0
925,863,448,1
926,504,833,0
927,908,736,1
928,103,169,0
929,494,499,0
930,258,392,0
931,47,122,0
932,678,834,0
933,782,543,1
934,186,398,0
935,317,784,0
936,949,162,1
937,963,115,1
938,816,256,1
939,88,735,0
940,602,976,0
941,377,290,1
942,378,155,1
943,906,516,1
944,527,130,1
945,264,543,0
946,620,137,1
947,177,154,1
948,975,252,1
949,602,848,0
950,824,828,0
951,776,938,0
952,647,197,1
953,723,990,0
954,318,863,0
955,828,761,1
956,94,968,0
957,64,648,0
958,877,754,1
959,428,383,1
960,572,686,0
961,168,861,0
962,479,76,1
963,592,996,0
964,662,318,1
965,29,432,0
966,305,920,0
967,915,228,1
968,240,822,0
969,603,643,0
970,23,155,0
971,681,233,1
972,113,944,0
973,144,367,0
974,636,945,0
975,321,405,0
976,866,944,0
977,746,343,1
978,456,301,1
979,467,783,0
980,806,899,0
981,195,507,0
982,751,615,1
983,834,450,1
984,643,431,1
985,760,32,1
986,952,525,1
987,82,283,0
988,896,87,1
989,493,754,0
990,603,941,0
991,162,529,0
992,116,278,0
993,402,651,0
994,586,446,1
995,163,717,0
996,45,528,0
997,865,251,1
998,760,620,1
999,328,225,1
1000,606,934,0
1001,180,680,0
1002,284,163,1
1003,804,203,1
1004,630,256,1
1005,587,397,1
1006,798,57,1
1007,54,184,0
1008,856,50,1
1009,284,508,0
1010,169,142,1
1011,223,547,0
1012,997,921,1
1013,265,597,0
1014,191,300,0
1015,897,469,1
1016,491,101,1
1017,709,183,1
1018,136,168,0
1019,642,844,0
1020,65,311,0
1021,790,900,0
1022,834,449,1
1023,63,238,0
1024,368,282,1
1025,908,87,1
1026,705,446,1
1027,153,452,0
1028,859,379,1
1029,344,718,0
1030,800,370,1
1031,554,898,0
1032,623,9,1
1033,838,385,1
1034,166,409,0
1035,544,219,1
1036,243,911,0
1037,571,403,1
1038,58,682,0
1039,33,399,0
1040,329,904,0
1041,926,270,1
1042,687,924,0
1043,701,230,1
1044,923,800,1
1045,346,505,0
1046,776,267,1
1047,31,475,0
1048,270,151,1
1049,34,899,0
1050,660,569,1
1051,299,603,0
1052,857,990,0
1053,4,246,0
1054,107,839,0
1055,57,270,0
1056,926,601,1
1057,230,582,0
1058,830,187,1
1059,64,538,0
1060,160,581,0
1061,404,994,0
1062,634,857,0
1063,379,189,1
1064,651,281,1
1065,487,775,0
1066,365,933,0
1067,719,265,1
1068,743,518,1
1069,854,250,1
1070,319,692,0
1071,10,199,0
1072,229,593,0
1073,737,476,1
1074,458,720,0
1075,965,95,1
1076,255,901,0
1077,208,541,0
1078,258,179,1
1079,675,123,1
1080,940,68,1
1081,496,931,0
1082,582,824,0
1083,255,697,0
1084,569,709,0
1085,885,601,1
1086,492,878,0
1087,233,80,1
1088,552,300,1
1089,377,987,0
1090,32,934,0
1091,689,687,1
1092,884,526,1
1093,235,942,0
1094,653,218,1
1095,170,154,1
1096,171,108,1
1097,760,130,1
1098,473,318,1
1099,832,991,0
1100,850,877,0
1101,974,249,1
1102,213,385,0
1103,850,459,1
1104,556,6,1
1105,363,455,0
1106,827,506,1
1107,688,727,0
1108,739,827,0
1109,866,545,1
1110,190,780,0
1111,493,406,1
1112,373,868,0
1113,725,664,1
1114,36,316,0
1115,461,310,1
1116,863,19,1
1117,579,661,0
1118,295,88,1
1119,472,676,0
1120,861,402,1
1121,603,260,1
1122,351,887,0
1123,365,626,0
1124,24,319,0
1125,703,67,1
1126,865,285,1
1127,647,163,1
1128,29,354,0
1129,578,185,1
1130,715,997,0
1131,3,987,0
1132,940,235,1
1133,962,385,1
1134,845,487,1
1135,23,424,0
1136,574,22,1
1137,94,270,0
1138,24,393,0
1139,157,653,0
1140,766,184,1
1141,271,399,0
1142,106,944,0
1143,357,596,0
1144,873,753,1
1145,843,290,1
1146,544,710,0
1147,838,937,0
1148,549,865,0
1149,389,569,0
1150,731,26,1
1151,45,739,0
1152,341,364,0
1153,166,770,0
1154,187,285,0
1155,195,132,1
1156,770,480,1
1157,191,8,1
1158,886,393,1
1159,914,6,1
1160,67,156,0
1161,332,661,0
1162,889,874,1
1163,272,405,0
1164,630,993,0
1165,457,802,0
1166,333,838,0
1167,963,361,1
1168,524,154,1
1169,656,170,1
1170,19,254,0
1171,139,306,0
1172,328,517,0
1173,209,500,0
1174,384,237,1
1175,75,172,0
1176,848,560,1
1177,744,264,1
1178,353,741,0
1179,736,99,1
1180,786,383,1
1181,811,687,1
1182,687,199,1
1183,535,61,1
1184,224,994,0
1185,337,372,0
1186,252,369,0
1187,315,141,1
1188,868,801,1
1189,659,599,1
1190,604,751,0
1191,996,219,1
1192,836,178,1
1193,573,926,0
1194,637,692,0
1195,944,822,1
1196,846,894,0
1197,438,203,1
1198,678,223,1
1199,85,916,0
1200,60,857,0
1201,99,667,0
1202,627,17,1
1203,476,62,1
1204,121,145,0
1205,47,107,0
1206,951,443,1
1207,440,591,0
1208,282,900,0
1209,654,251,1
1210,863,978,0
1211,796,259,1
1212,38,500,0
1213,605,860,0
1214,749,869,0
1215,912,434,1
1216,326,452,0
1217,628,67,1
1218,899,307,1
1219,940,660,1
1220,821,817,1
1221,499,885,0
1222,995,478,1
1223,395,483,0
1224,344,259,1
1225,23,403,0
1226,909,892,1
1227,9,30,0
1228,126,203,0
1229,318,461,0
1230,537,170,1
1231,317,458,0
1232,848,349,1
1233,414,48,1
1234,240,521,0
1235,175,841,0
1236,562,621,0
1237,274,690,0
1238,614,716,0
1239,890,796,1
1240,696,539,1
1241,476,218,1
1242,499,549,0
1243,771,66,1
1244,753,969,0
1245,763,778,0
1246,613,196,1
1247,863,265,1
1248,391,937,0
1249,39,551,0
1250,190,330,0
1251,921,297,1
1252,717,249,1
1253,119,661,0
1254,260,799,0
1255,457,950,0
1256,63,88,0
1257,729,5,1
1258,299,393,0
1259,781,908,0
1260,156,960,0
1261,98,192,0
1262,501,719,0
1263,595,803,0
1264,7,852,0
1265,833,450,1
1266,58,695,0
1267,12,266,0
1268,177,744,0
1269,720,690,1
1270,303,861,0
1271,387,53,1
1272,848,894,0
1273,226,446,0
1274,547,965,0
1275,964,208,1
1276,491,85,1
1277,406,769,0
1278,693,526,1
1279,805,995,0
1280,812,921,0
1281,642,751,0
1282,407,190,1
1283,495,406,1
1284,428,296,1
1285,88,309,0
1286,517,146,1
1287,749,580,1
1288,681,81,1
1289,307,771,0
1290,798,981,0
1291,27,617,0
1292,714,796,0
1293,290,187,1
1294,401,285,1
1295,975,374,1
1296,937,830,1
1297,796,81,1
1298,49,475,0
1299,916,681,1
1300,744,492,1
1301,162,50,1
1302,218,25,1
1303,490,335,1
1304,708,300,1
1305,969,151,1
1306,25,435,0
1307,526,124,1
1308,485,545,0
1309,164,569,0
1310,366,344,1
1311,632,831,0
1312,443,70,1
1313,413,260,1
1314,941,65,1
1315,727,841,0
1316,202,551,0
1317,780,270,1
1318,712,990,0
1319,302,996,0
1320,342,877,0
1321,630,126,1
1322,246,21,1
1323,835,181,1
1324,271,608,0
1325,999,223,1
1326,823,252,1
1327,546,163,1
1328,702,652,1
1329,256,524,0
1330,6,860,0
1331,981,952,1
1332,446,614,0
1333,777,907,0
1334,541,94,1
1335,167,693,0
1336,387,790,0
1337,255,964,0
1338,931,863,1
1339,19,927,0
1340,533,45,1
1341,775,1,1
1342,401,397,1
1343,961,102,1
1344,502,478,1
1345,48,637,0
1346,976,185,1
1347,498,762,0
1348,631,470,1
1349,645,599,1
1350,188,364,0
1351,118,182,0
1352,983,341,1
1353,72,638,0
1354,859,212,1
1355,573,151,1
1356,403,196,1
1357,560,907,0
1358,470,422,1
1359,66,68,0
1360,566,518,1
1361,523,436,1
1362,919,715,1
1363,793,188,1
1364,298,633,0
1365,620,485,1
1366,473,613,0
1367,642,757,0
1368,45,372,0
1369,293,438,0
1370,883,872,1
1371,642,697,0
1372,389,904,0
1373,766,922,0
1374,724,115,1
1375,1,352,0
1376,204,177,1
1377,860,667,1
1378,912,326,1
1379,646,682,0
1380,124,108,1
1381,786,257,1
1382,473,868,0
1383,581,332,1
1384,282,288,0
1385,843,154,1
1386,262,176,1
1387,577,720,0
1388,983,871,1
1389,149,16,1
1390,911,73,1
1391,1,319,0
1392,906,187,1
1393,511,672,0
1394,270,887,0
1395,558,784,0
1396,78,963,0
1397,555,15,1
1398,767,309,1
1399,27,279,0
1400,538,333,1
1401,324,997,0
1402,248,95,1
1403,915,929,0
1404,940,899,1
1405,928,667,1
1406,329,19,1
1407,967,276,1
1408,836,200,1
1409,119,246,0
1410,461,857,0
1411,845,497,1
1412,695,122,1
1413,403,307,1
1414,215,421,0
1415,433,899,0
1416,529,607,0
1417,405,35,1
1418,837,89,1
1419,639,615,1
1420,761,161,1
1421,301,574,0
1422,768,533,1
1423,390,236,1
1424,624,972,0
1425,178,161,1
1426,281,945,0
1427,142,314,0
1428,570,789,0
1429,150,218,0
1430,173,239,0
1431,50,172,0
1432,794,402,1
1433,147,616,0
1434,714,963,0
1435,327,896,0
1436,602,6,1
1437,535,285,1
1438,567,860,0
1439,538,291,1
1440,632,963,0
1441,427,350,1
1442,359,106,1
1443,974,191,1
1444,674,975,0
1445,88,567,0
1446,606,984,0
1447,779,446,1
1448,451,162,1
1449,224,464,0
1450,234,49,1
1451,463,630,0
1452,922,892,1
1453,995,548,1
1454,938,476,1
1455,409,4,1
1456,186,809,0
1457,526,207,1
1458,626,65,1
1459,600,987,0
1460,316,662,0
1461,893,229,1
1462,621,379,1
1463,512,516,0
1464,750,227,1
1465,674,304,1
1466,489,877,0
1467,652,381,1
1468,383,760,0
1469,43,400,0
1470,470,199,1
1471,284,644,0
1472,144,449,0
1473,991,209,1
1474,823,177,1
1475,761,803,0
1476,204,116,1
1477,849,682,1
1478,438,596,0
1479,828,699,1
1480,552,144,1
1481,715,210,1
1482,891,869,1
1483,738,986,0
1484,659,526,1
1485,340,571,0
1486,14,603,0
1487,306,783,0
1488,854,721,1
1489,754,889,0
1490,856,646,1
1491,516,482,1
1492,749,199,1
1493,856,314,1
1494,78,352,0
1495,835,775,1
1496,844,359,1
1497,745,196,1
1498,285,173,1
1499,372,457,0
1500,563,474,1
1501,370,211,1
1502,982,428,1
1503,756,217,1
1504,162,715,0
1505,411,346,1
1506,899,549,1
1507,630,661,0
1508,532,361,1
1509,286,663,0
1510,592,866,0
1511,714,627,1
1512,120,986,0
1513,166,705,0
1514,74,40,1
1515,6,214,0
1516,843,312,1
1517,137,403,0
1518,563,125,1
1519,545,365,1
1520,254,901,0
1521,670,488,1
1522,691,969,0
1523,826,520,1
1524,766,799,0
1525,87,374,0
1526,552,143,1
1527,349,628,0
1528,726,150,1
1529,40,269,0
1530,863,354,1
1531,461,44,1
1532,118,475,0
1533,725,703,1
1534,752,522,1
1535,331,991,0
1536,511,657,0
1537,431,975,0
1538,989,70,1
1539,573,767,0
1540,44,542,0
1541,679,724,0
1542,786,834,0
1543,127,437,0
1544,387,704,0
1545,217,741,0
1546,462,584,0
1547,973,816,1
1548,665,801,0
1549,98,475,0
1550,489,968,0
1551,862,461,1
1552,785,516,1
1553,250,4,1
1554,811,41,1
1555,922,229,1
1556,973,632,1
1557,99,676,0
1558,835,647,1
1559,13,716,0
1560,979,674,1
1561,479,611,0
1562,133,645,0
1563,337,269,1
1564,872,92,1
1565,581,652,0
1566,482,186,1
1567,479,793,0
1568,88,986,0
1569,308,217,1
1570,723,326,1
1571,822,255,1
1572,260,66,1
1573,341,346,0
1574,134,339,0
1575,250,250,1
1576,9,281,0
1577,549,909,0
1578,823,190,1
1579,902,672,1
1580,303,818,0
1581,576,236,1
1582,80,21,1
1583,233,127,1
1584,7,559,0
1585,351,220,1
1586,81,728,0
1587,597,776,0
1588,796,415,1
1589,786,994,0
1590,975,25,1
1591,522,590,0
1592,2,89,0
1593,662,957,0
1594,473,750,0
1595,823,445,1
1596,618,125,1
1597,504,769,0
1598,661,779,0
1599,193,229,0
1600,235,471,0
1601,32,624,0
1602,367,155,1
1603,842,957,0
1604,154,149,1
1605,639,592,1
1606,307,358,0
1607,267,146,1
1608,755,430,1
1609,240,585,0
1610,373,305,1
1611,929,352,1
1612,324,858,0
1613,202,462,0
1614,896,931,0
1615,459,341,1
1616,528,478,1
1617,91,641,0
1618,219,419,0
1619,137,26,1
1620,954,639,1
1621,94,456,0
1622,845,853,0
1623,918,691,1
1624,565,739,0
1625,926,436,1
1626,297,172,1
1627,623,660,0
1628,571,949,0
1629,664,127,1
1630,274,343,0
1631,674,603,1
1632,258,792,0
1633,468,859,0
1634,112,549,0
1635,231,283,0
1636,575,736,0
1637,116,751,0
1638,729,194,1
1639,426,900,0
1640,863,854,1
1641,988,491,1
1642,569,90,1
1643,806,221,1
1644,121,586,0
1645,608,480,1
1646,993,819,1
1647,363,189,1
1648,917,201,1
1649,560,618,0
1650,387,397,0
1651,632,643,0
1652,279,110,1
1653,702,816,0
1654,139,466,0
1655,401,66,1
1656,452,642,0
1657,477,928,0
1658,15,152,0
1659,1,521,0
1660,722,517,1
1661,836,181,1
1662,112,939,0
1663,577,333,1
1664,564,956,0
1665,161,163,0
1666,415,350,1
1667,135,358,0
1668,148,611,0
1669,638,718,0
1670,512,993,0
1671,71,209,0
1672,151,890,0
1673,583,144,1
1674,105,577,0
1675,981,938,1
1676,252,242,1
1677,425,658,0
1678,227,844,0
1679,440,215,1
1680,412,887,0
1681,908,392,1
1682,384,860,0
1683,945,570,1
1684,75,701,0
1685,218,167,1
1686,419,937,0
1687,281,525,0
1688,597,756,0
1689,629,688,0
1690,18,513,0
1691,246,629,0
1692,825,285,1
1693,788,372,1
1694,15,266,0
1695,877,736,1
1696,409,868,0
1697,646,151,1
1698,2,203,0
1699,81,737,0
1700,456,902,0
1701,388,463,0
1702,528,456,1
1703,234,9,1
1704,250,242,1
1705,899,363,1
1706,15,557,0
1707,463,733,0
1708,350,482,0
1709,184,102,1
1710,471,504,0
1711,180,196,0
1712,367,592,0
1713,585,115,1
1714,521,224,1
1715,196,608,0
1716,518,427,1
1717,746,400,1
1718,987,834,1
1719,159,234,0
1720,561,353,1
1721,237,181,1
1722,458,776,0
1723,764,143,1
1724,215,332,0
1725,56,972,0
1726,599,114,1
1727,704,575,1
1728,273,679,0
1729,971,48,1
1730,146,551,0
1731,157,306,0
1732,770,256,1
1733,191,751,0
1734,409,186,1
1735,436,707,0
1736,888,685,1
1737,359,722,0
1738,305,919,0
1739,834,783,1
1740,880,201,1
1741,946,962,0
1742,979,20,1
1743,406,12,1
1744,725,29,1
1745,958,826,1
1746,592,739,0
1747,857,716,1
1748,728,313,1
1749,254,385,0
1750,701,132,1
1751,404,697,0
1752,729,466,1
1753,221,582,0
1754,64,773,0
1755,21,728,0
1756,676,579,1
1757,152,156,0
1758,80,451,0
1759,617,720,0
1760,261,294,0
1761,648,421,1
1762,792,704,1
1763,323,226,1
1764,820,578,1
1765,389,921,0
1766,204,165,1
1767,451,440,1
1768,249,500,0
1769,987,694,1
1770,233,950,0
1771,184,967,0
1772,977,551,1
1773,512,662,0
1774,25,707,0
1775,606,135,1
1776,341,462,0
1777,611,710,0
1778,805,731,1
1779,816,175,1
1780,754,702,1
1781,150,251,0
1782,376,392,0
1783,559,827,0
1784,123,23,1
1785,589,28,1
1786,442,639,0
1787,215,352,0
1788,977,617,1
1789,925,381,1
1790,770,175,1
1791,265,164,1
1792,467,321,1
1793,293,536,0
1794,2,303,0
1795,171,312,0
1796,229,619,0
1797,527,483,1
1798,903,329,1
1799,993,831,1
1800,133,887,0
1801,351,526,0
1802,358,611,0
1803,647,654,0
1804,32,590,0
1805,346,388,0
1806,608,699,0
1807,453,436,1
1808,345,347,1
1809,608,135,1
1810,38,864,0
1811,889,305,1
1812,706,540,1
1813,347,805,0
1814,828,605,1
1815,591,688,0
1816,617,119,1
1817,613,647,0
1818,482,959,0
1819,932,646,1
1820,20,160,0
1821,885,982,0
1822,430,899,0
1823,246,458,0
1824,148,511,0
1825,642,855,0
1826,266,923,0
1827,5,501,0
1828,869,4,1
1829,166,126,1
1830,812,232,1
1831,301,369,0
1832,436,813,0
1833,899,907,0
1834,992,550,1
1835,865,100,1
1836,951,115,1
1837,305,777,0
1838,856,29,1
1839,713,851,0
1840,168,291,0
1841,910,140,1
1842,956,915,1
1843,764,505,1
1844,386,264,1
1845,956,224,1
1846,938,732,1
1847,126,207,0
1848,978,387,1
1849,142,390,0
1850,606,877,0
1851,163,643,0
1852,207,637,0
1853,690,265,1
1854,586,538,1
1855,833,363,1
1856,913,649,1
1857,888,34,1
1858,63,61,0
1859,482,353,1
1860,477,885,0
1861,384,89,1
1862,714,728,0
1863,647,638,1
1864,191,479,0
1865,264,429,0
1866,487,606,0
1867,701,352,1
1868,21,609,0
1869,572,184,1
1870,505,480,1
1871,187,902,0
1872,843,279,1
1873,403,598,0
1874,680,92,1
1875,690,448,1
1876,833,861,0
1877,360,708,0
1878,88,133,0
1879,571,41,1
1880,606,795,0
1881,950,426,1
1882,872,416,1
1883,612,495,1
1884,1000,235,1
1885,347,795,0
1886,416,26,1
1887,363,351,1
1888,417,351,1
1889,701,842,0
1890,401,212,1
1891,104,395,0
1892,475,845,0
1893,775,397,1
1894,657,169,1
1895,399,221,1
1896,572,172,1
1897,180,555,0
1898,508,412,1
1899,171,715,0
1900,235,374,0
1901,378,63,1
1902,531,5,1
1903,204,995,0
1904,856,750,1
1905,905,228,1
1906,776,690,1
1907,538,645,0
1908,775,577,1
1909,961,288,1
1910,591,632,0
1911,174,406,0
1912,701,78,1
1913,415,259,1
1914,343,417,0
1915,655,497,1
1916,577,312,1
1917,927,151,1
1918,534,668,0
1919,891,485,1
1920,380,184,1
1921,803,271,1
1922,208,626,0
1923,153,452,0
1924,65,85,0
1925,770,649,1
1926,297,916,0
1927,349,463,0
1928,357,261,1
1929,321,726,0
1930,733,256,1
1931,340,292,1
1932,39,59,0
1933,765,535,1
1934,102,235,0
1935,267,66,1
1936,512,353,1
1937,959,583,1
1938,758,590,1
1939,19,113,0
1940,60,205,0
1941,14,661,0
1942,896,363,1
1943,624,469,1
1944,823,365,1
1945,559,592,0
1946,603,383,1
1947,469,634,0
1948,753,148,1
1949,784,147,1
1950,54,391,0
1951,593,342,1
1952,106,941,0
1953,512,96,1
1954,637,316,1
1955,596,403,1
1956,221,36,1
1957,697,135,1
1958,154,57,1
1959,714,196,1
1960,753,930,0
1961,278,206,1
1962,716,209,1
1963,366,276,1
1964,482,735,0
1965,12,7,1
1966,443,132,1
1967,488,300,1
1968,428,199,1
1969,716,943,0
1970,249,792,0
1971,575,116,1
1972,224,328,0
1973,439,226,1
1974,706,129,1
1975,983,7,1
1976,941,304,1
1977,88,810,0
1978,716,595,1
1979,404,665,0
1980,864,712,1
1981,198,351,0
1982,847,860,0
1983,356,121,1
1984,27,581,0
1985,326,350,0
1986,686,997,0
1987,193,857,0
1988,17,187,0
1989,100,148,0
1990,892,687,1
1991,172,267,0
1992,791,642,1
1993,923,898,1
1994,407,224,1
1995,283,203,1
1996,141,131,1
1997,688,968,0
1998,496,725,0
1999,411,57,1
2000,11,442,0
