n 500
c 180591
z 233589
time 0.00
1,82,41,1
2,622,810,1
3,20,164,0
4,700,601,1
5,957,822,1
6,593,223,1
7,621,511,1
8,923,833,1
9,730,911,1
10,386,648,1
11,179,125,1
12,163,857,0
13,519,646,1
14,570,418,1
15,699,774,1
16,476,250,1
17,274,135,1
18,346,630,1
19,46,875,0
20,521,36,1
21,357,407,1
22,719,821,1
23,632,302,1
24,400,236,1
25,741,878,1
26,702,630,1
27,268,940,0
28,887,293,1
29,262,695,0
30,680,949,1
31,697,603,1
32,848,465,1
33,544,765,1
34,415,355,1
35,103,286,0
36,717,967,1
37,557,662,1
38,119,530,0
39,418,638,1
40,907,964,1
41,496,105,1
42,5,511,0
43,5,992,0
44,507,227,1
45,766,577,1
46,483,520,1
47,968,747,1
48,876,167,1
49,288,9,1
50,481,870,1
51,859,448,1
52,530,198,1
53,535,519,1
54,885,18,1
55,24,714,0
56,634,813,1
57,198,403,1
58,676,688,1
59,28,710,0
60,779,744,1
61,284,422,1
62,78,720,0
63,605,137,1
64,645,272,1
65,854,613,1
66,229,626,0
67,405,638,1
68,757,556,1
69,912,446,1
70,925,79,1
71,101,623,0
72,935,75,1
73,693,776,1
74,397,725,1
75,906,937,1
76,466,246,1
77,466,588,1
78,653,33,1
79,700,482,1
80,191,256,1
81,543,807,1
82,494,11,1
83,249,348,1
84,210,655,0
85,805,295,1
86,596,183,1
87,142,65,1
88,903,34,1
89,432,356,1
90,214,993,0
91,38,254,0
92,581,10,1
93,389,502,1
94,244,349,1
95,544,362,1
96,982,27,1
97,757,771,1
98,120,598,0
99,428,694,1
100,244,570,1
101,288,911,0
102,805,6,1
103,918,828,1
104,973,958,1
105,211,859,0
106,939,328,1
107,490,105,1
108,824,104,1
109,562,16,1
110,248,907,0
111,245,708,0
112,518,965,1
113,837,819,1
114,23,727,0
115,434,527,1
116,865,336,1
117,423,617,1
118,797,455,1
119,618,123,1
120,343,538,1
121,849,425,1
122,30,598,0
123,114,5,1
124,695,260,1
125,51,255,0
126,972,284,1
127,304,997,0
128,538,209,1
129,691,68,1
130,992,561,1
131,262,147,1
132,411,423,1
133,220,816,0
134,54,982,0
135,373,746,1
136,295,940,0
137,344,979,0
138,69,104,1
139,395,967,1
140,269,354,1
141,6,597,0
142,180,238,1
143,493,937,1
144,351,581,1
145,460,643,1
146,990,480,1
147,981,720,1
148,359,961,0
149,116,474,0
150,54,808,0
151,948,335,1
152,42,702,0
153,683,267,1
154,755,18,1
155,24,483,0
156,128,950,0
157,517,48,1
158,269,949,0
159,863,643,1
160,697,155,1
161,866,715,1
162,253,888,0
163,306,512,1
164,353,307,1
165,516,59,1
166,321,528,1
167,763,796,1
168,900,677,1
169,358,591,1
170,205,767,0
171,158,484,0
172,354,339,1
173,190,274,1
174,138,43,1
175,539,888,1
176,804,544,1
177,715,496,1
178,242,471,1
179,402,616,1
180,516,473,1
181,711,661,1
182,329,298,1
183,485,190,1
184,793,286,1
185,485,634,1
186,957,571,1
187,401,920,1
188,504,943,1
189,867,145,1
190,863,503,1
191,804,20,1
192,739,56,1
193,425,358,1
194,680,510,1
195,856,195,1
196,533,367,1
197,464,989,1
198,476,107,1
199,438,192,1
200,852,859,1
201,324,152,1
202,505,994,1
203,876,600,1
204,310,780,1
205,234,696,0
206,192,818,0
207,215,658,0
208,307,559,1
209,250,609,1
210,43,195,0
211,601,270,1
212,953,313,1
213,733,72,1
214,541,438,1
215,99,783,0
216,122,249,1
217,295,118,1
218,365,521,1
219,211,907,0
220,39,672,0
221,645,779,1
222,194,738,0
223,655,471,1
224,536,57,1
225,992,933,1
226,599,801,1
227,120,325,0
228,73,787,0
229,824,649,1
230,104,264,1
231,112,151,1
232,231,524,1
233,450,550,1
234,315,36,1
235,131,171,1
236,424,381,1
237,298,199,1
238,192,139,1
239,881,614,1
240,766,786,1
241,705,303,1
242,897,805,1
243,122,155,1
244,596,969,1
245,863,220,1
246,922,724,1
247,760,947,1
248,759,519,1
249,905,622,1
250,57,846,0
251,496,380,1
252,133,728,0
253,332,174,1
254,94,255,0
255,840,253,1
256,217,22,1
257,127,554,0
258,988,578,1
259,570,485,1
260,20,678,0
261,453,965,1
262,846,191,1
263,647,56,1
264,461,296,1
265,504,393,1
266,106,979,0
267,597,340,1
268,738,941,1
269,103,942,0
270,9,749,0
271,593,149,1
272,620,889,1
273,568,265,1
274,916,252,1
275,885,583,1
276,639,960,1
277,422,656,1
278,408,20,1
279,611,290,1
280,6,42,0
281,555,874,1
282,923,544,1
283,367,205,1
284,355,496,1
285,966,146,1
286,252,830,0
287,248,397,1
288,332,158,1
289,879,178,1
290,830,224,1
291,374,180,1
292,575,753,1
293,821,106,1
294,949,335,1
295,893,76,1
296,918,824,1
297,206,264,1
298,686,120,1
299,81,939,0
300,891,677,1
301,655,550,1
302,51,632,0
303,312,343,1
304,637,235,1
305,999,449,1
306,469,177,1
307,610,97,1
308,992,383,1
309,176,421,1
310,407,557,1
311,316,315,1
312,921,608,1
313,430,964,1
314,377,991,0
315,272,979,0
316,559,624,1
317,685,246,1
318,178,823,0
319,949,824,1
320,107,370,0
321,822,440,1
322,573,748,1
323,741,689,1
324,832,148,1
325,818,503,1
326,900,145,1
327,537,803,1
328,139,244,1
329,941,131,1
330,727,522,1
331,599,337,1
332,699,917,1
333,596,534,1
334,390,222,1
335,892,891,1
336,97,529,0
337,159,172,1
338,610,60,1
339,562,370,1
340,9,13,0
341,823,235,1
342,776,608,1
343,131,471,0
344,863,898,1
345,656,138,1
346,829,668,1
347,467,41,1
348,867,535,1
349,520,651,1
350,386,665,1
351,537,142,1
352,781,242,1
353,437,378,1
354,777,790,1
355,62,414,0
356,368,694,1
357,739,733,1
358,101,261,0
359,579,860,1
360,10,740,0
361,507,835,1
362,446,450,1
363,655,774,1
364,530,652,1
365,101,759,0
366,338,461,1
367,119,946,0
368,649,890,1
369,150,493,0
370,373,804,1
371,316,953,0
372,465,323,1
373,562,121,1
374,761,660,1
375,16,798,0
376,256,671,1
377,499,164,1
378,38,687,0
379,752,557,1
380,438,614,1
381,463,256,1
382,827,501,1
383,482,822,1
384,570,325,1
385,973,89,1
386,746,853,1
387,432,497,1
388,328,384,1
389,616,419,1
390,967,26,1
391,604,848,1
392,397,775,1
393,474,24,1
394,601,752,1
395,137,626,0
396,537,947,1
397,458,929,1
398,103,669,0
399,928,868,1
400,131,847,0
401,342,890,0
402,612,955,1
403,623,815,1
404,48,113,1
405,105,72,1
406,452,450,1
407,475,559,1
408,853,336,1
409,829,900,1
410,756,344,1
411,175,944,0
412,623,301,1
413,442,262,1
414,709,90,1
415,298,529,1
416,594,596,1
417,53,692,0
418,944,786,1
419,733,642,1
420,478,521,1
421,385,179,1
422,834,800,1
423,370,887,1
424,803,645,1
425,993,762,1
426,354,875,1
427,14,564,0
428,726,17,1
429,91,988,0
430,6,487,0
431,558,888,1
432,257,351,1
433,670,403,1
434,177,46,1
435,597,564,1
436,278,294,1
437,20,551,0
438,783,777,1
439,604,659,1
440,780,372,1
441,32,471,0
442,95,878,0
443,537,137,1
444,736,395,1
445,801,389,1
446,352,977,0
447,552,822,1
448,13,510,0
449,549,452,1
450,156,244,1
451,860,26,1
452,716,195,1
453,686,50,1
454,831,705,1
455,22,88,0
456,228,776,0
457,680,584,1
458,143,20,1
459,164,53,1
460,667,871,1
461,608,431,1
462,142,323,1
463,899,743,1
464,146,4,1
465,782,146,1
466,875,167,1
467,861,752,1
468,764,107,1
469,267,336,1
470,684,955,1
471,52,98,1
472,518,668,1
473,59,840,0
474,215,497,1
475,620,185,1
476,857,89,1
477,212,876,0
478,772,274,1
479,724,310,1
480,75,804,0
481,533,217,1
482,372,236,1
483,37,233,0
484,649,123,1
485,151,83,1
486,308,107,1
487,505,812,1
488,712,742,1
489,663,987,1
490,666,682,1
491,197,924,0
492,566,805,1
493,57,178,0
494,422,713,1
495,279,160,1
496,941,76,1
497,278,317,1
498,466,670,1
499,151,34,1
500,296,80,1
