n 500
c 191420
z 233882
time 0.00
1,287,253,1
2,264,825,0
3,385,383,1
4,773,632,1
5,579,641,1
6,58,719,0
7,515,490,1
8,509,417,1
9,480,354,1
10,868,103,1
11,592,473,1
12,524,56,1
13,260,665,1
14,299,985,0
15,840,594,1
16,549,578,1
17,903,378,1
18,595,173,1
19,372,766,1
20,955,107,1
21,515,370,1
22,544,53,1
23,5,521,0
24,593,660,1
25,370,354,1
26,872,613,1
27,873,527,1
28,289,413,1
29,531,139,1
30,578,172,1
31,86,199,1
32,185,329,1
33,141,193,1
34,840,50,1
35,637,89,1
36,718,270,1
37,170,289,1
38,888,978,1
39,256,177,1
40,317,340,1
41,85,876,0
42,87,119,1
43,963,267,1
44,412,739,1
45,12,780,0
46,348,768,1
47,862,655,1
48,974,271,1
49,190,844,0
50,819,853,1
51,480,52,1
52,116,141,1
53,420,986,1
54,350,625,1
55,781,622,1
56,59,565,0
57,356,206,1
58,829,664,1
59,689,937,1
60,404,647,1
61,529,130,1
62,999,960,1
63,587,733,1
64,783,592,1
65,900,9,1
66,974,817,1
67,338,970,1
68,991,36,1
69,438,441,1
70,191,639,0
71,66,771,0
72,608,211,1
73,802,971,1
74,311,380,1
75,120,53,1
76,667,342,1
77,615,456,1
78,838,864,1
79,689,838,1
80,969,312,1
81,28,827,0
82,383,387,1
83,71,232,0
84,683,31,1
85,602,763,1
86,6,791,0
87,147,781,0
88,320,769,1
89,69,319,0
90,232,888,0
91,507,202,1
92,335,170,1
93,291,138,1
94,502,517,1
95,509,933,1
96,912,506,1
97,498,598,1
98,665,166,1
99,74,889,0
100,966,585,1
101,910,498,1
102,423,797,1
103,644,511,1
104,375,229,1
105,96,134,1
106,948,783,1
107,487,44,1
108,762,600,1
109,311,428,1
110,930,922,1
111,859,192,1
112,743,588,1
113,883,854,1
114,697,38,1
115,559,530,1
116,738,392,1
117,52,772,0
118,942,766,1
119,655,526,1
120,304,386,1
121,671,765,1
122,944,22,1
123,783,57,1
124,992,924,1
125,409,354,1
126,102,404,0
127,6,721,0
128,483,465,1
129,273,320,1
130,410,96,1
131,956,583,1
132,124,494,0
133,33,884,0
134,136,677,0
135,883,534,1
136,209,75,1
137,598,494,1
138,415,208,1
139,168,603,0
140,423,961,1
141,403,888,1
142,638,382,1
143,795,956,1
144,497,532,1
145,409,526,1
146,744,807,1
147,418,195,1
148,216,224,1
149,938,142,1
150,160,903,0
151,722,418,1
152,596,726,1
153,497,527,1
154,805,497,1
155,926,975,1
156,897,437,1
157,363,779,1
158,326,916,1
159,709,191,1
160,114,770,0
161,272,798,1
162,151,696,0
163,111,659,0
164,514,763,1
165,178,158,1
166,642,759,1
167,880,192,1
168,21,405,0
169,795,715,1
170,158,518,0
171,164,760,0
172,891,371,1
173,579,830,1
174,347,899,1
175,368,820,1
176,397,968,1
177,280,651,1
178,139,430,0
179,359,539,1
180,774,513,1
181,764,208,1
182,755,394,1
183,322,705,1
184,130,669,0
185,258,742,1
186,831,314,1
187,854,899,1
188,185,942,0
189,649,549,1
190,480,734,1
191,210,263,1
192,669,232,1
193,831,505,1
194,961,605,1
195,565,566,1
196,199,47,1
197,894,985,1
198,69,411,0
199,380,932,1
200,253,610,1
201,745,812,1
202,315,194,1
203,385,996,1
204,383,444,1
205,959,4,1
206,474,666,1
207,300,605,1
208,933,95,1
209,511,108,1
210,860,938,1
211,838,777,1
212,394,977,1
213,202,652,0
214,782,830,1
215,249,243,1
216,228,408,1
217,396,737,1
218,606,657,1
219,825,318,1
220,992,647,1
221,339,175,1
222,172,466,1
223,397,130,1
224,898,905,1
225,822,441,1
226,409,561,1
227,901,120,1
228,547,634,1
229,150,772,0
230,666,432,1
231,893,610,1
232,952,83,1
233,935,178,1
234,557,931,1
235,233,590,1
236,578,133,1
237,408,794,1
238,914,954,1
239,487,2,1
240,768,162,1
241,462,810,1
242,234,724,0
243,655,302,1
244,485,736,1
245,965,823,1
246,259,788,0
247,37,623,0
248,112,47,1
249,510,745,1
250,67,181,1
251,221,528,1
252,823,512,1
253,737,106,1
254,456,231,1
255,54,896,0
256,810,974,1
257,589,541,1
258,61,145,1
259,320,352,1
260,614,502,1
261,66,408,0
262,327,270,1
263,677,196,1
264,159,504,0
265,62,332,0
266,388,619,1
267,491,519,1
268,852,429,1
269,236,466,1
270,290,796,1
271,111,777,0
272,398,272,1
273,285,93,1
274,734,276,1
275,931,642,1
276,16,351,0
277,107,468,0
278,906,211,1
279,104,918,0
280,584,409,1
281,649,878,1
282,252,807,0
283,92,344,0
284,812,696,1
285,708,85,1
286,597,974,1
287,725,440,1
288,246,910,0
289,132,886,0
290,791,752,1
291,716,455,1
292,144,521,0
293,675,77,1
294,614,631,1
295,675,440,1
296,920,224,1
297,828,11,1
298,592,703,1
299,430,743,1
300,884,501,1
301,805,41,1
302,356,224,1
303,21,683,0
304,295,586,1
305,861,852,1
306,494,769,1
307,232,260,1
308,322,550,1
309,486,409,1
310,265,116,1
311,385,687,1
312,491,815,1
313,43,959,0
314,379,239,1
315,877,23,1
316,681,215,1
317,210,890,0
318,628,222,1
319,139,883,0
320,604,530,1
321,163,227,1
322,990,452,1
323,322,805,1
324,185,931,0
325,128,522,0
326,974,568,1
327,727,575,1
328,444,676,1
329,194,447,1
330,521,698,1
331,236,813,0
332,181,220,1
333,49,138,0
334,231,13,1
335,202,87,1
336,499,248,1
337,364,352,1
338,988,276,1
339,431,693,1
340,531,741,1
341,884,910,1
342,329,855,1
343,408,195,1
344,689,121,1
345,686,565,1
346,414,228,1
347,472,205,1
348,708,567,1
349,749,622,1
350,227,928,0
351,950,329,1
352,710,737,1
353,59,725,0
354,458,597,1
355,259,489,1
356,914,78,1
357,928,688,1
358,767,628,1
359,521,104,1
360,236,451,1
361,297,631,1
362,719,666,1
363,876,42,1
364,92,475,0
365,202,315,1
366,924,396,1
367,28,166,0
368,714,465,1
369,620,944,1
370,662,532,1
371,305,61,1
372,843,731,1
373,239,781,0
374,131,995,0
375,701,537,1
376,394,966,1
377,888,200,1
378,271,863,0
379,613,361,1
380,919,558,1
381,492,108,1
382,628,404,1
383,288,97,1
384,659,996,1
385,259,244,1
386,443,404,1
387,54,44,1
388,777,111,1
389,77,807,0
390,17,57,0
391,89,268,1
392,127,718,0
393,576,476,1
394,275,903,0
395,999,693,1
396,514,578,1
397,143,381,1
398,745,93,1
399,861,951,1
400,189,910,0
401,11,405,0
402,494,322,1
403,157,547,0
404,426,304,1
405,294,203,1
406,189,57,1
407,393,443,1
408,206,935,0
409,331,47,1
410,501,415,1
411,693,860,1
412,881,996,1
413,191,418,1
414,206,226,1
415,320,52,1
416,155,603,0
417,578,728,1
418,298,433,1
419,907,269,1
420,440,793,1
421,662,510,1
422,372,528,1
423,991,770,1
424,292,773,1
425,870,845,1
426,379,362,1
427,443,511,1
428,792,641,1
429,1000,383,1
430,303,383,1
431,828,52,1
432,338,327,1
433,843,719,1
434,691,422,1
435,651,328,1
436,872,358,1
437,409,131,1
438,281,217,1
439,498,575,1
440,693,388,1
441,854,675,1
442,424,749,1
443,446,645,1
444,714,811,1
445,14,552,0
446,153,809,0
447,678,250,1
448,590,926,1
449,138,856,0
450,397,404,1
451,145,382,1
452,454,426,1
453,291,206,1
454,272,360,1
455,764,659,1
456,53,743,0
457,373,188,1
458,449,339,1
459,498,144,1
460,476,567,1
461,677,866,1
462,447,19,1
463,1,874,0
464,43,699,0
465,483,941,1
466,829,399,1
467,963,171,1
468,565,467,1
469,929,827,1
470,766,570,1
471,233,341,1
472,184,388,1
473,865,667,1
474,1,697,0
475,650,421,1
476,66,504,0
477,105,624,0
478,61,433,0
479,442,850,1
480,445,964,1
481,794,652,1
482,326,332,1
483,371,4,1
484,971,131,1
485,509,198,1
486,326,234,1
487,447,231,1
488,65,909,0
489,844,206,1
490,508,482,1
491,938,552,1
492,520,252,1
493,223,854,0
494,136,880,0
495,188,820,0
496,151,443,0
497,547,920,1
498,788,550,1
499,381,301,1
500,722,439,1
