n 500
c 63404
z 146217
time 0.00
1,90,769,0
2,878,154,1
3,284,4,1
4,228,265,0
5,85,822,0
6,905,55,1
7,845,415,1
8,851,625,1
9,90,391,0
10,626,600,0
11,803,381,1
12,843,553,1
13,951,630,1
14,138,986,0
15,139,534,0
16,188,250,0
17,314,423,0
18,410,230,1
19,246,203,0
20,769,668,0
21,541,767,0
22,327,229,1
23,64,438,0
24,600,460,1
25,893,326,1
26,582,302,1
27,804,668,1
28,575,861,0
29,950,895,0
30,24,669,0
31,465,667,0
32,576,889,0
33,336,869,0
34,831,931,0
35,623,374,1
36,285,943,0
37,93,86,0
38,327,890,0
39,74,62,1
40,411,604,0
41,896,465,1
42,461,15,1
43,389,528,0
44,131,339,0
45,78,785,0
46,579,672,0
47,616,691,0
48,316,455,0
49,696,473,1
50,137,190,0
51,155,960,0
52,938,102,1
53,71,151,0
54,957,370,1
55,256,378,0
56,306,973,0
57,326,27,1
58,108,712,0
59,148,606,0
60,67,456,0
61,412,750,0
62,686,16,1
63,845,961,0
64,149,456,0
65,478,565,0
66,653,210,1
67,357,926,0
68,853,476,1
69,800,630,1
70,325,127,1
71,541,839,0
72,231,979,0
73,589,480,1
74,725,181,1
75,842,665,1
76,946,294,1
77,130,524,0
78,261,377,0
79,348,18,1
80,175,960,0
81,775,959,0
82,558,779,0
83,753,508,1
84,762,887,0
85,397,223,1
86,748,239,1
87,110,745,0
88,815,26,1
89,48,12,1
90,526,721,0
91,118,94,0
92,877,810,0
93,837,854,0
94,716,133,1
95,632,866,0
96,574,875,0
97,77,67,0
98,688,870,0
99,804,214,1
100,996,266,1
101,936,271,1
102,333,454,0
103,662,540,0
104,973,446,1
105,467,803,0
106,139,392,0
107,586,609,0
108,360,456,0
109,866,264,1
110,584,307,1
111,557,620,0
112,854,469,1
113,165,843,0
114,655,223,1
115,370,583,0
116,537,856,0
117,535,945,0
118,285,231,1
119,722,387,1
120,495,754,0
121,929,49,1
122,190,990,0
123,994,589,1
124,47,644,0
125,163,903,0
126,252,668,0
127,432,181,1
128,818,881,0
129,387,988,0
130,536,105,1
131,518,955,0
132,643,279,1
133,204,144,1
134,638,390,1
135,405,386,0
136,551,236,1
137,344,83,1
138,429,984,0
139,723,615,0
140,757,282,1
141,406,173,1
142,212,110,1
143,893,89,1
144,487,173,1
145,620,859,0
146,638,240,1
147,37,592,0
148,415,577,0
149,84,34,1
150,478,168,1
151,756,127,1
152,834,494,1
153,667,467,1
154,723,882,0
155,360,691,0
156,872,318,1
157,157,48,1
158,589,949,0
159,391,235,1
160,609,363,1
161,730,563,1
162,541,840,0
163,714,448,1
164,473,611,0
165,876,227,1
166,529,768,0
167,531,172,1
168,900,205,1
169,950,855,0
170,653,279,1
171,958,668,1
172,626,371,1
173,902,866,0
174,418,355,0
175,267,168,1
176,828,360,1
177,611,896,0
178,346,935,0
179,434,656,0
180,564,953,0
181,279,13,1
182,225,362,0
183,677,534,1
184,209,206,0
185,629,746,0
186,981,971,0
187,665,360,1
188,320,247,1
189,11,873,0
190,799,391,1
191,204,420,0
192,867,768,0
193,769,518,1
194,120,558,0
195,504,123,1
196,645,663,0
197,408,245,1
198,516,251,1
199,206,840,0
200,428,299,1
201,524,656,0
202,313,450,0
203,852,144,1
204,190,644,0
205,346,424,0
206,912,90,1
207,975,738,1
208,947,343,1
209,250,617,0
210,683,299,1
211,929,558,1
212,889,273,1
213,869,504,1
214,789,230,1
215,227,79,1
216,490,753,0
217,671,614,0
218,685,73,1
219,691,915,0
220,247,120,1
221,437,395,0
222,906,338,1
223,567,567,0
224,456,89,1
225,944,165,1
226,943,537,1
227,912,485,1
228,865,115,1
229,672,673,0
230,176,936,0
231,664,39,1
232,207,756,0
233,738,398,1
234,43,4,1
235,803,923,0
236,376,61,1
237,10,559,0
238,888,499,1
239,897,190,1
240,742,834,0
241,993,71,1
242,793,797,0
243,234,795,0
244,956,929,0
245,647,100,1
246,42,820,0
247,136,323,0
248,695,615,0
249,753,294,1
250,905,422,1
251,944,20,1
252,341,376,0
253,380,862,0
254,790,943,0
255,720,605,0
256,441,446,0
257,927,50,1
258,628,850,0
259,226,901,0
260,228,686,0
261,45,813,0
262,790,215,1
263,527,176,1
264,597,808,0
265,824,121,1
266,954,931,0
267,301,580,0
268,866,621,1
269,783,510,1
270,505,821,0
271,553,349,1
272,996,49,1
273,144,969,0
274,780,228,1
275,733,463,1
276,951,344,1
277,46,728,0
278,208,196,0
279,11,658,0
280,118,642,0
281,227,946,0
282,171,216,0
283,351,269,1
284,515,8,1
285,694,522,1
286,76,534,0
287,16,645,0
288,68,302,0
289,935,506,1
290,446,728,0
291,430,900,0
292,871,345,1
293,757,210,1
294,245,143,1
295,813,148,1
296,318,304,0
297,22,432,0
298,846,432,1
299,617,971,0
300,643,797,0
301,783,982,0
302,163,1000,0
303,720,319,1
304,61,259,0
305,679,697,0
306,653,785,0
307,610,129,1
308,776,519,1
309,352,509,0
310,391,845,0
311,388,555,0
312,809,176,1
313,94,388,0
314,185,87,1
315,528,339,1
316,615,216,1
317,685,302,1
318,618,727,0
319,989,984,0
320,203,410,0
321,6,544,0
322,837,788,0
323,845,193,1
324,880,724,1
325,218,375,0
326,668,73,1
327,25,979,0
328,899,932,0
329,477,379,1
330,383,770,0
331,935,897,0
332,163,821,0
333,468,158,1
334,574,670,0
335,716,875,0
336,209,721,0
337,871,948,0
338,106,908,0
339,650,546,0
340,73,781,0
341,79,539,0
342,384,944,0
343,283,951,0
344,415,154,1
345,1000,594,1
346,701,364,1
347,843,593,1
348,347,975,0
349,496,107,1
350,866,505,1
351,753,662,0
352,21,610,0
353,437,282,1
354,353,870,0
355,30,854,0
356,472,262,1
357,835,613,1
358,805,493,1
359,979,316,1
360,514,780,0
361,507,235,1
362,70,114,0
363,575,974,0
364,730,532,1
365,533,335,1
366,690,677,0
367,495,546,0
368,785,106,1
369,342,213,1
370,517,644,0
371,188,993,0
372,609,507,0
373,890,569,1
374,425,532,0
375,824,558,1
376,352,535,0
377,971,708,1
378,118,767,0
379,264,629,0
380,214,222,0
381,935,912,0
382,115,917,0
383,242,174,1
384,82,5,1
385,645,897,0
386,938,733,1
387,248,457,0
388,784,504,1
389,512,275,1
390,359,2,1
391,372,192,1
392,317,567,0
393,794,672,0
394,657,216,1
395,537,306,1
396,545,603,0
397,378,945,0
398,415,893,0
399,104,772,0
400,563,199,1
401,926,642,1
402,676,499,1
403,495,815,0
404,64,697,0
405,961,24,1
406,244,602,0
407,683,719,0
408,717,632,0
409,45,668,0
410,828,792,0
411,655,888,0
412,911,653,1
413,746,294,1
414,213,922,0
415,82,617,0
416,146,476,0
417,717,532,1
418,696,426,1
419,493,786,0
420,222,305,0
421,945,707,1
422,306,512,0
423,482,751,0
424,859,789,0
425,361,130,1
426,298,779,0
427,310,644,0
428,198,449,0
429,243,660,0
430,302,511,0
431,950,864,0
432,897,207,1
433,22,707,0
434,425,558,0
435,501,700,0
436,246,518,0
437,28,39,0
438,119,801,0
439,68,67,0
440,868,828,0
441,72,679,0
442,583,934,0
443,281,89,1
444,688,971,0
445,441,701,0
446,768,321,1
447,360,574,0
448,365,382,0
449,341,884,0
450,52,508,0
451,828,394,1
452,324,11,1
453,590,378,1
454,767,401,1
455,918,184,1
456,76,776,0
457,232,928,0
458,367,852,0
459,532,829,0
460,251,983,0
461,904,703,1
462,142,195,0
463,739,935,0
464,250,228,0
465,798,250,1
466,563,111,1
467,589,928,0
468,756,115,1
469,867,176,1
470,916,699,1
471,444,330,1
472,686,916,0
473,875,376,1
474,535,601,0
475,388,305,1
476,969,865,0
477,156,100,1
478,844,778,0
479,20,734,0
480,627,660,0
481,53,177,0
482,340,540,0
483,941,241,1
484,689,187,1
485,247,659,0
486,84,587,0
487,441,932,0
488,648,6,1
489,55,587,0
490,258,186,1
491,685,772,0
492,902,405,1
493,521,722,0
494,134,385,0
495,263,88,1
496,53,140,0
497,966,197,1
498,490,766,0
499,367,234,1
500,24,568,0
