n 500
c 142517
z 221647
time 0.00
1,908,899,1
2,112,396,0
3,910,286,1
4,758,179,1
5,63,248,0
6,83,593,0
7,103,1,1
8,229,443,0
9,732,193,1
10,108,474,0
11,173,439,0
12,421,355,1
13,553,216,1
14,300,148,1
15,485,552,1
16,478,236,1
17,460,457,1
18,700,104,1
19,96,957,0
20,83,694,0
21,727,497,1
22,121,599,0
23,490,424,1
24,626,542,1
25,279,328,1
26,672,48,1
27,902,534,1
28,985,759,1
29,184,569,0
30,90,703,0
31,139,869,0
32,442,659,1
33,154,703,0
34,769,573,1
35,321,720,0
36,359,697,0
37,455,856,0
38,97,796,0
39,420,832,0
40,621,462,1
41,434,371,1
42,31,137,0
43,175,538,0
44,589,829,1
45,432,467,1
46,669,234,1
47,42,821,0
48,486,401,1
49,978,963,1
50,483,288,1
51,669,738,1
52,132,424,0
53,993,353,1
54,79,180,0
55,346,380,1
56,876,103,1
57,568,485,1
58,710,194,1
59,734,96,1
60,277,834,0
61,654,592,1
62,392,706,0
63,327,755,0
64,447,994,0
65,672,439,1
66,247,860,0
67,319,960,0
68,119,286,0
69,458,168,1
70,511,841,0
71,887,441,1
72,833,125,1
73,255,290,1
74,391,103,1
75,52,883,0
76,12,272,0
77,220,822,0
78,967,707,1
79,686,116,1
80,673,682,1
81,601,433,1
82,584,453,1
83,963,462,1
84,260,801,0
85,967,777,1
86,310,697,0
87,472,147,1
88,881,444,1
89,586,94,1
90,792,763,1
91,808,464,1
92,919,724,1
93,839,16,1
94,862,383,1
95,978,76,1
96,968,165,1
97,87,757,0
98,586,328,1
99,198,912,0
100,6,156,0
101,450,913,0
102,687,544,1
103,368,94,1
104,959,168,1
105,261,109,1
106,901,506,1
107,500,643,1
108,370,530,1
109,564,314,1
110,818,845,1
111,735,774,1
112,264,415,1
113,655,325,1
114,681,425,1
115,580,217,1
116,371,466,1
117,201,699,0
118,919,913,1
119,820,101,1
120,793,92,1
121,619,419,1
122,320,608,0
123,84,151,0
124,209,606,0
125,565,505,1
126,454,806,0
127,498,807,1
128,108,539,0
129,365,710,0
130,378,123,1
131,840,349,1
132,557,137,1
133,966,898,1
134,376,496,1
135,631,244,1
136,697,102,1
137,682,917,1
138,983,986,1
139,301,129,1
140,303,924,0
141,120,79,1
142,702,368,1
143,343,563,0
144,473,479,1
145,662,109,1
146,328,170,1
147,583,762,1
148,873,851,1
149,182,452,0
150,336,722,0
151,150,945,0
152,828,664,1
153,429,229,1
154,909,396,1
155,770,109,1
156,402,704,0
157,191,474,0
158,687,23,1
159,833,453,1
160,675,45,1
161,244,677,0
162,663,714,1
163,732,570,1
164,59,133,0
165,518,13,1
166,35,250,0
167,293,214,1
168,62,471,0
169,256,745,0
170,391,57,1
171,784,30,1
172,260,509,0
173,280,996,0
174,708,621,1
175,221,458,0
176,486,498,1
177,101,170,0
178,356,337,1
179,572,626,1
180,190,19,1
181,441,175,1
182,627,564,1
183,783,776,1
184,147,104,1
185,447,148,1
186,463,597,1
187,643,706,1
188,370,593,0
189,741,827,1
190,97,225,0
191,478,694,1
192,21,410,0
193,747,824,1
194,202,536,0
195,18,765,0
196,575,353,1
197,450,303,1
198,398,893,0
199,968,178,1
200,246,557,0
201,286,514,0
202,619,196,1
203,782,74,1
204,368,70,1
205,924,114,1
206,122,724,0
207,817,164,1
208,805,417,1
209,500,611,1
210,365,221,1
211,595,592,1
212,187,67,1
213,855,106,1
214,279,224,1
215,557,945,0
216,52,963,0
217,889,992,1
218,695,571,1
219,757,909,1
220,929,122,1
221,167,845,0
222,284,476,0
223,633,833,1
224,442,315,1
225,730,903,1
226,9,59,0
227,994,791,1
228,771,693,1
229,874,155,1
230,210,946,0
231,338,961,0
232,401,582,1
233,508,688,1
234,997,454,1
235,725,197,1
236,162,727,0
237,564,465,1
238,954,229,1
239,459,8,1
240,760,636,1
241,27,569,0
242,547,479,1
243,988,565,1
244,686,547,1
245,809,102,1
246,628,174,1
247,354,541,1
248,993,705,1
249,779,128,1
250,19,152,0
251,946,790,1
252,23,890,0
253,6,96,0
254,592,353,1
255,986,327,1
256,435,216,1
257,577,252,1
258,398,660,0
259,572,15,1
260,998,680,1
261,351,839,0
262,920,873,1
263,529,498,1
264,319,410,1
265,570,339,1
266,980,717,1
267,23,326,0
268,932,935,1
269,273,496,0
270,883,855,1
271,171,287,0
272,214,3,1
273,50,603,0
274,294,158,1
275,111,289,0
276,129,394,0
277,328,762,0
278,770,550,1
279,285,132,1
280,696,516,1
281,237,804,0
282,661,786,1
283,113,647,0
284,469,698,1
285,648,740,1
286,222,256,1
287,690,871,1
288,678,208,1
289,569,348,1
290,984,762,1
291,64,22,1
292,649,739,1
293,55,220,0
294,935,449,1
295,359,918,0
296,856,282,1
297,72,218,0
298,64,786,0
299,627,21,1
300,917,31,1
301,113,584,0
302,829,210,1
303,826,337,1
304,655,829,1
305,257,835,0
306,15,403,0
307,772,443,1
308,26,417,0
309,882,767,1
310,977,615,1
311,334,125,1
312,643,426,1
313,920,982,1
314,315,353,1
315,498,157,1
316,73,610,0
317,935,24,1
318,788,225,1
319,783,290,1
320,469,380,1
321,104,642,0
322,551,934,0
323,767,227,1
324,418,366,1
325,580,721,1
326,254,451,0
327,835,773,1
328,565,166,1
329,575,517,1
330,553,172,1
331,345,139,1
332,829,55,1
333,726,528,1
334,24,760,0
335,598,813,1
336,787,3,1
337,337,102,1
338,396,198,1
339,84,76,1
340,275,455,0
341,873,237,1
342,266,266,1
343,669,577,1
344,913,948,1
345,242,428,0
346,135,430,0
347,149,91,1
348,149,57,1
349,602,765,1
350,668,963,1
351,179,448,0
352,767,260,1
353,599,692,1
354,995,560,1
355,216,112,1
356,130,512,0
357,925,967,1
358,439,495,1
359,517,886,0
360,812,486,1
361,757,597,1
362,352,292,1
363,473,648,1
364,580,710,1
365,47,241,0
366,588,15,1
367,889,772,1
368,683,532,1
369,624,335,1
370,159,190,1
371,710,227,1
372,251,45,1
373,908,483,1
374,691,614,1
375,218,488,0
376,354,137,1
377,293,374,1
378,808,281,1
379,306,751,0
380,456,192,1
381,345,258,1
382,325,943,0
383,260,72,1
384,860,231,1
385,479,467,1
386,956,999,1
387,298,899,0
388,530,826,1
389,178,221,1
390,65,844,0
391,958,522,1
392,127,297,0
393,716,274,1
394,851,442,1
395,987,708,1
396,627,773,1
397,12,419,0
398,593,975,1
399,546,830,1
400,901,185,1
401,312,828,0
402,790,77,1
403,841,241,1
404,890,995,1
405,995,898,1
406,150,76,1
407,101,25,1
408,495,586,1
409,471,254,1
410,774,706,1
411,457,930,0
412,945,463,1
413,92,696,0
414,423,548,1
415,156,139,1
416,644,566,1
417,543,902,0
418,882,196,1
419,335,428,1
420,576,379,1
421,275,149,1
422,276,890,0
423,236,353,1
424,141,431,0
425,835,780,1
426,252,925,0
427,1000,422,1
428,520,875,0
429,453,406,1
430,168,905,0
431,480,882,0
432,579,153,1
433,920,141,1
434,827,600,1
435,735,510,1
436,608,688,1
437,110,585,0
438,793,371,1
439,382,349,1
440,126,662,0
441,42,361,0
442,481,392,1
443,547,699,1
444,474,789,0
445,299,143,1
446,794,651,1
447,754,760,1
448,351,904,0
449,247,134,1
450,542,310,1
451,14,956,0
452,118,325,0
453,912,132,1
454,65,379,0
455,408,98,1
456,278,850,0
457,906,170,1
458,625,390,1
459,830,335,1
460,725,385,1
461,682,985,1
462,216,541,0
463,197,217,1
464,260,222,1
465,272,260,1
466,709,241,1
467,455,370,1
468,262,21,1
469,917,722,1
470,654,141,1
471,974,68,1
472,560,494,1
473,189,474,0
474,369,347,1
475,150,539,0
476,723,19,1
477,934,182,1
478,614,988,0
479,798,504,1
480,301,518,0
481,839,883,1
482,614,150,1
483,999,147,1
484,659,389,1
485,425,213,1
486,590,653,1
487,739,430,1
488,946,720,1
489,585,813,1
490,652,484,1
491,231,62,1
492,400,719,0
493,99,476,0
494,512,43,1
495,937,466,1
496,807,254,1
497,200,199,1
498,236,208,1
499,529,908,0
500,890,290,1
