n 2000
c 930113
z 1004334
time 0.00
1,373,536,1
2,369,393,1
3,879,107,1
4,671,208,1
5,176,461,1
6,852,486,1
7,432,366,1
8,118,88,1
9,325,70,1
10,269,359,1
11,582,500,1
12,974,592,1
13,210,357,1
14,525,265,1
15,502,925,1
16,503,473,1
17,853,662,1
18,157,949,1
19,513,450,1
20,972,771,1
21,944,998,1
22,266,148,1
23,19,813,0
24,171,459,1
25,264,797,1
26,81,805,1
27,615,675,1
28,794,28,1
29,337,966,1
30,27,156,1
31,572,322,1
32,299,736,1
33,691,252,1
34,442,770,1
35,546,765,1
36,648,150,1
37,56,325,1
38,354,737,1
39,541,477,1
40,342,51,1
41,875,312,1
42,448,990,1
43,792,31,1
44,326,546,1
45,505,464,1
46,966,847,1
47,323,562,1
48,375,846,1
49,523,544,1
50,388,45,1
51,670,583,1
52,133,549,1
53,442,910,1
54,224,801,1
55,363,993,1
56,45,164,1
57,137,154,1
58,623,711,1
59,311,101,1
60,934,79,1
61,399,845,1
62,169,903,1
63,56,936,0
64,752,967,1
65,953,284,1
66,912,481,1
67,72,205,1
68,544,91,1
69,451,709,1
70,872,966,1
71,120,494,1
72,986,730,1
73,632,951,1
74,232,236,1
75,21,24,1
76,709,69,1
77,525,875,1
78,920,32,1
79,31,113,1
80,770,367,1
81,554,894,1
82,801,858,1
83,724,395,1
84,325,230,1
85,536,254,1
86,815,614,1
87,713,504,1
88,218,625,1
89,267,299,1
90,929,424,1
91,617,869,1
92,656,729,1
93,592,637,1
94,719,188,1
95,131,769,1
96,977,586,1
97,368,994,1
98,571,741,1
99,495,29,1
100,535,369,1
101,531,966,1
102,80,989,0
103,337,291,1
104,912,789,1
105,366,330,1
106,558,199,1
107,885,168,1
108,539,959,1
109,293,423,1
110,499,922,1
111,720,587,1
112,209,828,1
113,800,882,1
114,826,302,1
115,725,614,1
116,604,175,1
117,330,584,1
118,808,702,1
119,325,978,1
120,666,297,1
121,996,680,1
122,273,413,1
123,709,12,1
124,290,459,1
125,414,454,1
126,471,963,1
127,979,932,1
128,317,712,1
129,190,499,1
130,59,784,0
131,681,650,1
132,662,830,1
133,735,175,1
134,41,453,1
135,616,225,1
136,234,427,1
137,67,426,1
138,424,135,1
139,382,886,1
140,432,377,1
141,785,340,1
142,319,117,1
143,728,592,1
144,146,268,1
145,71,338,1
146,65,431,1
147,720,399,1
148,290,184,1
149,103,857,1
150,241,663,1
151,911,374,1
152,669,133,1
153,550,954,1
154,198,257,1
155,363,650,1
156,67,333,1
157,192,511,1
158,728,452,1
159,378,658,1
160,228,82,1
161,37,834,0
162,520,167,1
163,565,63,1
164,68,450,1
165,719,850,1
166,228,911,1
167,526,227,1
168,495,820,1
169,585,750,1
170,512,118,1
171,705,91,1
172,221,626,1
173,65,305,1
174,661,434,1
175,190,775,1
176,415,119,1
177,430,7,1
178,101,334,1
179,757,215,1
180,663,392,1
181,530,188,1
182,548,233,1
183,96,341,1
184,212,413,1
185,416,929,1
186,480,42,1
187,868,615,1
188,947,174,1
189,382,160,1
190,218,22,1
191,599,355,1
192,6,935,0
193,572,581,1
194,763,117,1
195,275,394,1
196,728,510,1
197,323,12,1
198,335,98,1
199,633,23,1
200,895,530,1
201,983,519,1
202,188,241,1
203,255,975,1
204,713,387,1
205,333,167,1
206,947,225,1
207,34,977,0
208,462,134,1
209,341,704,1
210,934,746,1
211,868,189,1
212,92,968,1
213,744,87,1
214,824,957,1
215,670,838,1
216,309,968,1
217,922,957,1
218,760,744,1
219,846,394,1
220,426,375,1
221,552,482,1
222,677,561,1
223,970,758,1
224,835,760,1
225,531,852,1
226,554,192,1
227,203,196,1
228,108,274,1
229,507,672,1
230,419,943,1
231,923,342,1
232,114,467,1
233,757,973,1
234,6,171,0
235,678,642,1
236,179,324,1
237,477,54,1
238,971,866,1
239,68,549,1
240,209,521,1
241,556,630,1
242,156,764,1
243,485,218,1
244,607,536,1
245,922,35,1
246,773,603,1
247,523,506,1
248,938,894,1
249,852,645,1
250,676,109,1
251,347,579,1
252,776,431,1
253,911,141,1
254,937,878,1
255,307,756,1
256,564,117,1
257,586,697,1
258,255,857,1
259,301,532,1
260,471,989,1
261,384,372,1
262,945,558,1
263,178,79,1
264,360,775,1
265,963,480,1
266,53,58,1
267,600,835,1
268,589,140,1
269,242,565,1
270,956,604,1
271,92,572,1
272,815,936,1
273,27,352,0
274,263,875,1
275,8,94,0
276,506,399,1
277,585,255,1
278,451,363,1
279,14,873,0
280,889,713,1
281,734,425,1
282,382,847,1
283,490,580,1
284,902,391,1
285,873,449,1
286,335,549,1
287,947,68,1
288,463,261,1
289,250,601,1
290,881,327,1
291,921,275,1
292,714,856,1
293,216,249,1
294,632,774,1
295,168,563,1
296,257,327,1
297,961,271,1
298,993,967,1
299,836,986,1
300,510,716,1
301,10,173,0
302,958,927,1
303,811,814,1
304,712,498,1
305,378,56,1
306,8,960,0
307,637,432,1
308,507,438,1
309,755,52,1
310,794,796,1
311,783,546,1
312,764,735,1
313,337,147,1
314,796,454,1
315,83,946,0
316,234,159,1
317,952,749,1
318,677,438,1
319,1000,655,1
320,70,793,0
321,209,431,1
322,320,259,1
323,752,536,1
324,739,739,1
325,853,54,1
326,791,16,1
327,852,602,1
328,830,779,1
329,720,778,1
330,762,673,1
331,762,416,1
332,390,988,1
333,447,181,1
334,345,421,1
335,471,954,1
336,196,904,1
337,882,587,1
338,533,443,1
339,173,625,1
340,364,212,1
341,978,818,1
342,779,207,1
343,302,190,1
344,762,161,1
345,483,409,1
346,944,123,1
347,334,616,1
348,174,470,1
349,555,658,1
350,477,128,1
351,860,109,1
352,992,345,1
353,464,753,1
354,516,477,1
355,369,85,1
356,875,605,1
357,438,332,1
358,296,252,1
359,94,627,1
360,509,835,1
361,734,194,1
362,785,857,1
363,890,261,1
364,821,555,1
365,808,894,1
366,77,828,1
367,10,833,0
368,636,321,1
369,809,940,1
370,256,115,1
371,671,704,1
372,956,978,1
373,357,840,1
374,476,707,1
375,803,357,1
376,499,974,1
377,670,35,1
378,793,30,1
379,755,4,1
380,161,965,1
381,50,271,1
382,334,268,1
383,741,589,1
384,813,460,1
385,320,248,1
386,861,780,1
387,51,840,0
388,75,231,1
389,555,674,1
390,386,449,1
391,103,455,1
392,648,182,1
393,453,927,1
394,380,783,1
395,412,849,1
396,940,90,1
397,757,160,1
398,714,324,1
399,51,851,0
400,886,326,1
401,937,769,1
402,119,410,1
403,66,62,1
404,131,968,1
405,100,135,1
406,95,713,1
407,358,174,1
408,272,455,1
409,112,291,1
410,655,887,1
411,50,127,1
412,474,692,1
413,389,877,1
414,752,417,1
415,549,96,1
416,317,867,1
417,568,915,1
418,499,553,1
419,160,633,1
420,505,704,1
421,988,18,1
422,221,999,1
423,557,366,1
424,998,636,1
425,76,689,1
426,325,314,1
427,657,99,1
428,33,120,1
429,742,771,1
430,169,702,1
431,633,223,1
432,324,566,1
433,17,698,0
434,652,157,1
435,304,379,1
436,457,229,1
437,31,430,0
438,450,648,1
439,335,2,1
440,343,251,1
441,779,358,1
442,258,53,1
443,676,520,1
444,707,466,1
445,996,692,1
446,699,976,1
447,299,877,1
448,384,365,1
449,896,899,1
450,655,691,1
451,127,65,1
452,519,602,1
453,281,17,1
454,50,352,1
455,521,983,1
456,47,495,0
457,99,127,1
458,562,715,1
459,807,428,1
460,542,558,1
461,747,662,1
462,537,522,1
463,686,726,1
464,789,987,1
465,513,721,1
466,454,982,1
467,488,983,1
468,703,138,1
469,958,823,1
470,239,506,1
471,951,409,1
472,793,475,1
473,966,551,1
474,914,744,1
475,423,184,1
476,572,680,1
477,919,747,1
478,543,857,1
479,863,581,1
480,278,387,1
481,432,632,1
482,55,443,1
483,304,440,1
484,180,18,1
485,266,690,1
486,751,202,1
487,508,179,1
488,675,205,1
489,346,442,1
490,701,897,1
491,184,915,1
492,361,716,1
493,548,897,1
494,729,824,1
495,986,71,1
496,440,259,1
497,137,564,1
498,317,829,1
499,538,305,1
500,355,303,1
501,361,287,1
502,277,429,1
503,493,890,1
504,871,543,1
505,561,908,1
506,176,786,1
507,453,679,1
508,843,245,1
509,134,395,1
510,140,531,1
511,865,672,1
512,71,5,1
513,256,777,1
514,677,809,1
515,483,557,1
516,296,627,1
517,208,147,1
518,422,6,1
519,157,889,1
520,722,246,1
521,281,433,1
522,957,693,1
523,730,441,1
524,964,953,1
525,826,453,1
526,723,47,1
527,747,67,1
528,823,774,1
529,169,83,1
530,241,290,1
531,815,249,1
532,335,307,1
533,289,513,1
534,356,745,1
535,864,317,1
536,424,446,1
537,37,526,0
538,122,697,1
539,885,540,1
540,457,634,1
541,634,484,1
542,890,583,1
543,546,277,1
544,108,610,1
545,600,199,1
546,807,444,1
547,921,713,1
548,475,827,1
549,153,653,1
550,37,403,0
551,476,378,1
552,412,924,1
553,568,701,1
554,362,575,1
555,879,734,1
556,766,870,1
557,947,562,1
558,422,975,1
559,2,930,0
560,657,13,1
561,465,343,1
562,843,548,1
563,245,233,1
564,986,439,1
565,164,179,1
566,957,23,1
567,466,300,1
568,724,769,1
569,944,36,1
570,194,157,1
571,175,256,1
572,575,591,1
573,553,573,1
574,706,228,1
575,888,373,1
576,196,563,1
577,833,729,1
578,855,405,1
579,32,20,1
580,94,978,1
581,495,55,1
582,974,498,1
583,697,934,1
584,42,772,0
585,912,110,1
586,588,511,1
587,862,513,1
588,183,778,1
589,369,432,1
590,378,130,1
591,184,859,1
592,319,360,1
593,602,832,1
594,673,996,1
595,774,486,1
596,147,610,1
597,212,965,1
598,222,687,1
599,26,341,0
600,19,80,1
601,323,407,1
602,950,975,1
603,475,859,1
604,795,644,1
605,325,343,1
606,243,44,1
607,605,400,1
608,358,232,1
609,945,312,1
610,644,468,1
611,834,285,1
612,359,82,1
613,257,610,1
614,792,50,1
615,340,12,1
616,338,881,1
617,383,571,1
618,628,748,1
619,639,179,1
620,823,423,1
621,779,358,1
622,887,478,1
623,211,639,1
624,103,238,1
625,410,126,1
626,917,537,1
627,776,51,1
628,900,909,1
629,88,769,1
630,201,488,1
631,305,728,1
632,293,178,1
633,431,654,1
634,784,79,1
635,185,964,1
636,751,344,1
637,445,337,1
638,340,12,1
639,144,677,1
640,444,816,1
641,954,708,1
642,343,936,1
643,221,749,1
644,864,72,1
645,830,533,1
646,931,692,1
647,893,53,1
648,270,417,1
649,495,333,1
650,848,198,1
651,203,75,1
652,719,978,1
653,81,620,1
654,774,115,1
655,309,278,1
656,642,808,1
657,299,224,1
658,238,380,1
659,869,718,1
660,349,640,1
661,128,420,1
662,348,355,1
663,989,871,1
664,234,312,1
665,323,411,1
666,855,605,1
667,433,300,1
668,554,363,1
669,689,380,1
670,431,375,1
671,144,141,1
672,701,380,1
673,914,940,1
674,934,362,1
675,883,195,1
676,823,143,1
677,976,650,1
678,263,944,1
679,756,153,1
680,877,125,1
681,295,531,1
682,850,158,1
683,920,2,1
684,581,782,1
685,363,532,1
686,13,98,1
687,917,375,1
688,585,926,1
689,556,742,1
690,187,333,1
691,852,256,1
692,76,106,1
693,860,137,1
694,593,336,1
695,39,711,0
696,466,898,1
697,55,755,0
698,163,416,1
699,155,922,1
700,396,94,1
701,57,368,1
702,451,499,1
703,215,696,1
704,618,275,1
705,203,937,1
706,674,657,1
707,755,808,1
708,454,805,1
709,791,470,1
710,77,902,0
711,690,351,1
712,959,28,1
713,375,359,1
714,232,52,1
715,607,8,1
716,27,377,0
717,297,340,1
718,806,891,1
719,627,459,1
720,243,15,1
721,493,314,1
722,638,603,1
723,805,304,1
724,978,828,1
725,372,358,1
726,255,918,1
727,1000,187,1
728,806,207,1
729,443,73,1
730,533,72,1
731,512,455,1
732,341,625,1
733,221,748,1
734,776,664,1
735,732,661,1
736,265,166,1
737,892,915,1
738,684,694,1
739,109,868,1
740,36,683,0
741,937,780,1
742,691,77,1
743,285,128,1
744,84,399,1
745,679,790,1
746,684,328,1
747,865,20,1
748,191,955,1
749,747,156,1
750,799,782,1
751,975,65,1
752,744,148,1
753,94,770,1
754,366,919,1
755,40,591,0
756,136,94,1
757,1,428,0
758,750,854,1
759,166,113,1
760,613,24,1
761,31,355,0
762,747,711,1
763,975,947,1
764,693,572,1
765,238,785,1
766,367,296,1
767,272,653,1
768,667,277,1
769,21,617,0
770,634,297,1
771,777,22,1
772,705,104,1
773,735,18,1
774,323,557,1
775,295,571,1
776,44,693,0
777,391,875,1
778,685,841,1
779,509,519,1
780,539,230,1
781,882,446,1
782,210,450,1
783,201,546,1
784,96,500,1
785,111,958,1
786,956,320,1
787,373,709,1
788,356,703,1
789,521,258,1
790,926,951,1
791,131,930,1
792,406,100,1
793,491,122,1
794,599,650,1
795,919,525,1
796,205,822,1
797,522,566,1
798,62,328,1
799,641,263,1
800,969,479,1
801,391,748,1
802,110,257,1
803,176,455,1
804,213,69,1
805,810,801,1
806,875,432,1
807,871,49,1
808,391,992,1
809,327,692,1
810,603,464,1
811,787,641,1
812,598,456,1
813,660,423,1
814,814,559,1
815,218,382,1
816,979,200,1
817,944,343,1
818,558,992,1
819,69,985,0
820,392,48,1
821,14,369,0
822,239,426,1
823,70,5,1
824,267,228,1
825,7,661,0
826,367,748,1
827,354,782,1
828,731,247,1
829,443,445,1
830,959,267,1
831,488,356,1
832,329,181,1
833,8,628,0
834,823,319,1
835,592,799,1
836,80,370,1
837,112,888,1
838,573,124,1
839,717,794,1
840,126,53,1
841,480,409,1
842,926,588,1
843,691,377,1
844,296,721,1
845,179,610,1
846,131,207,1
847,192,812,1
848,633,960,1
849,970,869,1
850,566,820,1
851,118,548,1
852,955,976,1
853,582,601,1
854,377,463,1
855,407,499,1
856,515,40,1
857,92,421,1
858,989,419,1
859,927,606,1
860,561,865,1
861,656,219,1
862,936,375,1
863,158,628,1
864,565,126,1
865,58,392,1
866,149,851,1
867,147,13,1
868,475,974,1
869,747,8,1
870,688,177,1
871,561,805,1
872,647,935,1
873,752,772,1
874,351,78,1
875,237,152,1
876,225,794,1
877,166,813,1
878,113,632,1
879,637,973,1
880,306,100,1
881,243,863,1
882,658,871,1
883,66,726,1
884,997,752,1
885,691,217,1
886,445,149,1
887,94,900,1
888,582,143,1
889,312,426,1
890,896,928,1
891,775,684,1
892,542,426,1
893,985,403,1
894,451,909,1
895,178,782,1
896,868,220,1
897,819,288,1
898,816,356,1
899,496,122,1
900,708,26,1
901,410,168,1
902,236,528,1
903,131,259,1
904,916,924,1
905,625,683,1
906,964,486,1
907,417,846,1
908,394,699,1
909,317,561,1
910,633,786,1
911,576,1,1
912,135,707,1
913,541,431,1
914,596,119,1
915,520,470,1
916,254,392,1
917,60,738,0
918,522,509,1
919,580,767,1
920,572,690,1
921,173,139,1
922,176,882,1
923,112,569,1
924,290,162,1
925,638,523,1
926,887,132,1
927,475,803,1
928,678,388,1
929,573,590,1
930,321,139,1
931,966,29,1
932,773,109,1
933,445,250,1
934,289,817,1
935,692,883,1
936,44,37,1
937,546,518,1
938,271,475,1
939,839,250,1
940,721,923,1
941,560,797,1
942,457,630,1
943,401,695,1
944,174,429,1
945,703,346,1
946,683,988,1
947,984,397,1
948,462,447,1
949,769,923,1
950,375,559,1
951,727,685,1
952,254,856,1
953,314,705,1
954,941,290,1
955,203,300,1
956,789,739,1
957,39,619,0
958,932,373,1
959,563,714,1
960,467,937,1
961,175,120,1
962,734,119,1
963,495,23,1
964,773,313,1
965,404,83,1
966,88,75,1
967,10,951,0
968,519,665,1
969,402,830,1
970,902,270,1
971,560,212,1
972,616,227,1
973,159,898,1
974,859,524,1
975,920,800,1
976,177,515,1
977,441,754,1
978,495,208,1
979,714,978,1
980,669,222,1
981,90,486,1
982,382,218,1
983,905,181,1
984,906,418,1
985,975,747,1
986,791,640,1
987,777,646,1
988,71,930,0
989,444,725,1
990,698,512,1
991,761,380,1
992,843,49,1
993,305,990,1
994,945,433,1
995,882,416,1
996,284,75,1
997,688,982,1
998,287,623,1
999,607,12,1
1000,269,897,1
1001,219,483,1
1002,59,902,0
1003,307,974,1
1004,645,83,1
1005,618,192,1
1006,117,292,1
1007,37,491,0
1008,671,133,1
1009,507,943,1
1010,168,689,1
1011,318,110,1
1012,220,324,1
1013,120,840,1
1014,230,895,1
1015,672,856,1
1016,322,464,1
1017,316,970,1
1018,527,427,1
1019,169,255,1
1020,400,346,1
1021,837,423,1
1022,273,324,1
1023,262,273,1
1024,863,741,1
1025,107,602,1
1026,696,73,1
1027,848,927,1
1028,554,430,1
1029,519,641,1
1030,487,821,1
1031,601,181,1
1032,174,156,1
1033,397,644,1
1034,805,132,1
1035,375,430,1
1036,882,138,1
1037,554,798,1
1038,601,845,1
1039,568,482,1
1040,208,475,1
1041,437,329,1
1042,598,151,1
1043,380,777,1
1044,298,411,1
1045,913,644,1
1046,607,814,1
1047,214,830,1
1048,533,146,1
1049,705,838,1
1050,731,60,1
1051,322,14,1
1052,424,281,1
1053,19,265,0
1054,370,682,1
1055,584,673,1
1056,549,356,1
1057,261,553,1
1058,301,958,1
1059,871,93,1
1060,447,560,1
1061,59,85,1
1062,657,548,1
1063,138,336,1
1064,842,884,1
1065,806,634,1
1066,332,928,1
1067,30,940,0
1068,454,297,1
1069,365,325,1
1070,446,423,1
1071,857,330,1
1072,156,12,1
1073,672,591,1
1074,497,67,1
1075,292,442,1
1076,790,968,1
1077,463,128,1
1078,321,478,1
1079,330,46,1
1080,747,511,1
1081,215,406,1
1082,901,859,1
1083,294,84,1
1084,424,320,1
1085,28,156,1
1086,995,425,1
1087,704,147,1
1088,87,991,0
1089,560,822,1
1090,799,105,1
1091,72,826,0
1092,763,681,1
1093,666,449,1
1094,892,133,1
1095,353,173,1
1096,650,55,1
1097,39,741,0
1098,672,801,1
1099,279,586,1
1100,473,360,1
1101,989,476,1
1102,516,636,1
1103,9,782,0
1104,643,73,1
1105,346,890,1
1106,234,573,1
1107,55,594,1
1108,602,422,1
1109,305,348,1
1110,629,175,1
1111,452,489,1
1112,436,839,1
1113,732,123,1
1114,667,543,1
1115,132,377,1
1116,46,14,1
1117,410,536,1
1118,278,91,1
1119,743,463,1
1120,868,109,1
1121,690,551,1
1122,550,818,1
1123,820,757,1
1124,655,74,1
1125,430,158,1
1126,256,952,1
1127,382,350,1
1128,396,389,1
1129,977,60,1
1130,194,816,1
1131,746,278,1
1132,595,518,1
1133,153,36,1
1134,444,930,1
1135,734,139,1
1136,301,217,1
1137,533,121,1
1138,655,828,1
1139,580,960,1
1140,637,203,1
1141,262,458,1
1142,473,619,1
1143,516,15,1
1144,208,188,1
1145,690,781,1
1146,47,1,1
1147,317,764,1
1148,844,956,1
1149,868,996,1
1150,370,901,1
1151,564,470,1
1152,804,847,1
1153,45,645,0
1154,218,144,1
1155,490,863,1
1156,881,27,1
1157,606,123,1
1158,421,180,1
1159,41,945,0
1160,522,935,1
1161,619,968,1
1162,192,805,1
1163,271,600,1
1164,533,876,1
1165,840,893,1
1166,580,161,1
1167,354,836,1
1168,203,397,1
1169,95,717,1
1170,698,513,1
1171,18,821,0
1172,751,680,1
1173,288,127,1
1174,287,920,1
1175,746,447,1
1176,663,307,1
1177,591,547,1
1178,728,248,1
1179,647,790,1
1180,609,226,1
1181,890,290,1
1182,390,730,1
1183,990,72,1
1184,903,453,1
1185,328,439,1
1186,539,724,1
1187,898,280,1
1188,643,508,1
1189,970,394,1
1190,979,218,1
1191,123,838,1
1192,179,917,1
1193,124,489,1
1194,396,791,1
1195,663,801,1
1196,141,121,1
1197,429,142,1
1198,509,482,1
1199,876,983,1
1200,75,748,1
1201,162,670,1
1202,146,308,1
1203,835,809,1
1204,448,292,1
1205,678,182,1
1206,350,702,1
1207,351,826,1
1208,441,71,1
1209,917,94,1
1210,254,485,1
1211,267,294,1
1212,493,455,1
1213,636,359,1
1214,100,856,1
1215,231,173,1
1216,405,119,1
1217,539,414,1
1218,778,182,1
1219,939,567,1
1220,956,876,1
1221,842,936,1
1222,314,729,1
1223,842,590,1
1224,975,86,1
1225,470,54,1
1226,252,143,1
1227,768,697,1
1228,701,518,1
1229,325,104,1
1230,64,437,1
1231,820,709,1
1232,655,280,1
1233,509,451,1
1234,359,860,1
1235,366,692,1
1236,361,416,1
1237,737,13,1
1238,581,663,1
1239,833,735,1
1240,311,102,1
1241,235,45,1
1242,842,416,1
1243,786,5,1
1244,632,988,1
1245,90,637,1
1246,780,807,1
1247,566,996,1
1248,126,132,1
1249,406,450,1
1250,21,205,1
1251,736,532,1
1252,124,972,1
1253,150,168,1
1254,683,426,1
1255,664,49,1
1256,278,691,1
1257,720,584,1
1258,850,60,1
1259,348,599,1
1260,883,755,1
1261,281,787,1
1262,68,82,1
1263,10,294,0
1264,190,247,1
1265,856,29,1
1266,209,498,1
1267,715,645,1
1268,176,675,1
1269,167,333,1
1270,910,96,1
1271,570,728,1
1272,927,81,1
1273,817,689,1
1274,274,536,1
1275,955,635,1
1276,922,472,1
1277,773,548,1
1278,372,297,1
1279,596,446,1
1280,235,700,1
1281,489,10,1
1282,814,297,1
1283,910,785,1
1284,531,171,1
1285,335,392,1
1286,556,285,1
1287,868,759,1
1288,728,708,1
1289,746,478,1
1290,621,256,1
1291,26,692,0
1292,505,759,1
1293,153,782,1
1294,288,200,1
1295,94,977,1
1296,504,849,1
1297,371,148,1
1298,928,966,1
1299,435,916,1
1300,535,223,1
1301,969,301,1
1302,297,44,1
1303,537,770,1
1304,211,551,1
1305,336,546,1
1306,712,278,1
1307,77,999,0
1308,284,900,1
1309,363,572,1
1310,837,827,1
1311,863,194,1
1312,714,873,1
1313,548,463,1
1314,220,740,1
1315,502,972,1
1316,585,538,1
1317,587,913,1
1318,991,617,1
1319,901,335,1
1320,421,336,1
1321,677,465,1
1322,549,728,1
1323,690,24,1
1324,670,427,1
1325,742,554,1
1326,134,839,1
1327,401,566,1
1328,733,191,1
1329,199,167,1
1330,629,15,1
1331,708,867,1
1332,781,225,1
1333,192,326,1
1334,980,881,1
1335,766,496,1
1336,578,457,1
1337,302,959,1
1338,242,178,1
1339,922,586,1
1340,204,968,1
1341,590,628,1
1342,824,808,1
1343,168,977,1
1344,149,481,1
1345,63,608,1
1346,391,572,1
1347,17,213,0
1348,38,1,1
1349,284,410,1
1350,683,999,1
1351,181,697,1
1352,190,352,1
1353,551,121,1
1354,994,103,1
1355,212,874,1
1356,346,207,1
1357,79,510,1
1358,893,873,1
1359,225,367,1
1360,269,209,1
1361,378,631,1
1362,622,966,1
1363,336,863,1
1364,793,732,1
1365,59,552,1
1366,512,696,1
1367,545,528,1
1368,732,367,1
1369,588,785,1
1370,330,139,1
1371,489,852,1
1372,772,643,1
1373,29,965,0
1374,491,390,1
1375,16,211,0
1376,587,940,1
1377,427,6,1
1378,343,969,1
1379,325,221,1
1380,515,439,1
1381,49,116,1
1382,216,223,1
1383,804,327,1
1384,313,131,1
1385,834,949,1
1386,725,931,1
1387,432,163,1
1388,390,706,1
1389,388,171,1
1390,14,892,0
1391,328,426,1
1392,913,694,1
1393,606,171,1
1394,5,418,0
1395,909,147,1
1396,861,630,1
1397,306,482,1
1398,54,408,1
1399,402,906,1
1400,129,128,1
1401,635,808,1
1402,839,370,1
1403,450,668,1
1404,211,646,1
1405,167,70,1
1406,360,110,1
1407,158,647,1
1408,35,723,0
1409,750,737,1
1410,108,756,1
1411,76,388,1
1412,542,333,1
1413,250,958,1
1414,998,48,1
1415,632,22,1
1416,32,122,1
1417,948,22,1
1418,916,668,1
1419,942,290,1
1420,240,452,1
1421,548,953,1
1422,351,944,1
1423,285,879,1
1424,991,751,1
1425,681,956,1
1426,320,396,1
1427,621,493,1
1428,929,928,1
1429,77,53,1
1430,764,914,1
1431,481,831,1
1432,649,381,1
1433,906,659,1
1434,193,286,1
1435,798,387,1
1436,625,657,1
1437,678,328,1
1438,14,735,0
1439,865,574,1
1440,151,278,1
1441,714,961,1
1442,38,365,1
1443,477,602,1
1444,609,618,1
1445,55,378,1
1446,221,979,1
1447,482,577,1
1448,322,101,1
1449,615,475,1
1450,361,692,1
1451,302,777,1
1452,769,919,1
1453,290,271,1
1454,33,367,0
1455,216,671,1
1456,393,996,1
1457,629,418,1
1458,857,180,1
1459,151,366,1
1460,403,297,1
1461,676,672,1
1462,924,86,1
1463,999,23,1
1464,477,334,1
1465,273,355,1
1466,96,216,1
1467,459,112,1
1468,62,155,1
1469,362,163,1
1470,717,842,1
1471,947,295,1
1472,615,972,1
1473,310,740,1
1474,374,4,1
1475,584,454,1
1476,723,215,1
1477,640,941,1
1478,733,895,1
1479,331,414,1
1480,287,115,1
1481,914,789,1
1482,642,744,1
1483,1,925,0
1484,506,217,1
1485,363,502,1
1486,829,582,1
1487,609,130,1
1488,805,540,1
1489,841,820,1
1490,839,273,1
1491,467,293,1
1492,228,530,1
1493,751,525,1
1494,909,331,1
1495,442,882,1
1496,299,746,1
1497,832,687,1
1498,756,720,1
1499,67,644,1
1500,434,101,1
1501,481,518,1
1502,941,543,1
1503,843,860,1
1504,937,302,1
1505,274,429,1
1506,722,608,1
1507,149,472,1
1508,291,764,1
1509,829,578,1
1510,527,597,1
1511,673,734,1
1512,815,213,1
1513,37,52,1
1514,465,947,1
1515,85,233,1
1516,10,243,0
1517,968,502,1
1518,242,464,1
1519,464,456,1
1520,629,960,1
1521,909,571,1
1522,250,60,1
1523,777,547,1
1524,461,498,1
1525,166,433,1
1526,783,234,1
1527,556,79,1
1528,69,233,1
1529,927,992,1
1530,78,637,1
1531,100,983,1
1532,757,822,1
1533,996,474,1
1534,919,477,1
1535,522,362,1
1536,422,196,1
1537,134,74,1
1538,860,129,1
1539,140,210,1
1540,563,569,1
1541,70,71,1
1542,673,317,1
1543,318,736,1
1544,34,971,0
1545,936,712,1
1546,357,899,1
1547,764,635,1
1548,808,844,1
1549,513,94,1
1550,704,955,1
1551,109,528,1
1552,688,511,1
1553,537,263,1
1554,442,652,1
1555,801,104,1
1556,572,843,1
1557,362,583,1
1558,394,530,1
1559,364,191,1
1560,266,429,1
1561,30,366,0
1562,412,768,1
1563,128,928,1
1564,895,295,1
1565,372,551,1
1566,585,717,1
1567,398,92,1
1568,39,101,1
1569,579,628,1
1570,682,553,1
1571,117,2,1
1572,219,213,1
1573,604,173,1
1574,637,734,1
1575,513,477,1
1576,904,580,1
1577,900,368,1
1578,526,273,1
1579,749,739,1
1580,766,845,1
1581,695,175,1
1582,87,16,1
1583,112,866,1
1584,318,570,1
1585,70,751,1
1586,248,723,1
1587,12,387,0
1588,851,810,1
1589,49,317,1
1590,494,516,1
1591,977,409,1
1592,593,404,1
1593,53,848,0
1594,928,97,1
1595,478,520,1
1596,921,616,1
1597,223,204,1
1598,604,990,1
1599,648,768,1
1600,906,874,1
1601,383,827,1
1602,774,878,1
1603,225,584,1
1604,97,32,1
1605,614,515,1
1606,202,369,1
1607,858,29,1
1608,794,665,1
1609,319,404,1
1610,684,740,1
1611,384,435,1
1612,787,741,1
1613,897,913,1
1614,127,606,1
1615,866,208,1
1616,199,969,1
1617,762,76,1
1618,2,62,0
1619,24,109,1
1620,825,306,1
1621,397,35,1
1622,364,368,1
1623,501,462,1
1624,364,6,1
1625,293,575,1
1626,888,407,1
1627,654,223,1
1628,442,160,1
1629,415,602,1
1630,897,650,1
1631,417,510,1
1632,49,931,0
1633,547,166,1
1634,647,848,1
1635,38,214,1
1636,558,147,1
1637,515,306,1
1638,496,717,1
1639,665,103,1
1640,838,489,1
1641,795,198,1
1642,432,93,1
1643,221,520,1
1644,304,141,1
1645,391,435,1
1646,112,214,1
1647,378,456,1
1648,676,724,1
1649,431,477,1
1650,186,56,1
1651,903,838,1
1652,542,313,1
1653,957,59,1
1654,402,205,1
1655,256,685,1
1656,667,221,1
1657,916,435,1
1658,494,867,1
1659,128,20,1
1660,433,176,1
1661,771,944,1
1662,431,182,1
1663,896,552,1
1664,355,959,1
1665,400,718,1
1666,22,409,0
1667,382,921,1
1668,739,462,1
1669,45,713,0
1670,687,116,1
1671,694,388,1
1672,806,949,1
1673,430,979,1
1674,200,292,1
1675,212,325,1
1676,211,285,1
1677,560,797,1
1678,834,367,1
1679,87,618,1
1680,763,730,1
1681,67,619,1
1682,567,711,1
1683,192,365,1
1684,466,528,1
1685,857,106,1
1686,930,348,1
1687,560,880,1
1688,332,863,1
1689,492,691,1
1690,929,580,1
1691,637,536,1
1692,40,472,0
1693,403,767,1
1694,630,245,1
1695,356,619,1
1696,504,303,1
1697,557,930,1
1698,297,662,1
1699,408,108,1
1700,735,929,1
1701,611,626,1
1702,999,459,1
1703,41,404,1
1704,929,661,1
1705,706,166,1
1706,574,408,1
1707,870,808,1
1708,773,477,1
1709,279,257,1
1710,342,227,1
1711,75,935,0
1712,886,427,1
1713,552,542,1
1714,776,195,1
1715,635,395,1
1716,285,438,1
1717,425,931,1
1718,898,853,1
1719,486,149,1
1720,520,468,1
1721,484,816,1
1722,137,995,1
1723,91,10,1
1724,582,71,1
1725,247,87,1
1726,990,349,1
1727,815,642,1
1728,696,850,1
1729,906,211,1
1730,361,802,1
1731,884,565,1
1732,329,19,1
1733,558,26,1
1734,528,837,1
1735,643,902,1
1736,183,312,1
1737,6,397,0
1738,1000,610,1
1739,225,522,1
1740,199,612,1
1741,305,5,1
1742,770,383,1
1743,701,47,1
1744,764,264,1
1745,333,765,1
1746,871,862,1
1747,384,735,1
1748,631,892,1
1749,445,28,1
1750,628,239,1
1751,763,636,1
1752,920,925,1
1753,828,641,1
1754,343,576,1
1755,108,483,1
1756,179,894,1
1757,807,175,1
1758,959,830,1
1759,72,603,1
1760,516,537,1
1761,39,608,0
1762,831,243,1
1763,98,301,1
1764,411,109,1
1765,396,876,1
1766,971,128,1
1767,338,603,1
1768,1000,39,1
1769,962,97,1
1770,880,113,1
1771,223,722,1
1772,608,434,1
1773,487,561,1
1774,976,870,1
1775,397,594,1
1776,28,241,1
1777,834,657,1
1778,732,494,1
1779,655,570,1
1780,65,705,1
1781,253,94,1
1782,287,259,1
1783,54,838,0
1784,98,426,1
1785,732,311,1
1786,297,386,1
1787,38,595,0
1788,288,180,1
1789,684,232,1
1790,377,250,1
1791,16,607,0
1792,778,60,1
1793,4,219,0
1794,33,82,1
1795,618,35,1
1796,468,774,1
1797,894,902,1
1798,726,460,1
1799,960,122,1
1800,484,954,1
1801,750,225,1
1802,565,158,1
1803,150,153,1
1804,79,57,1
1805,985,207,1
1806,839,486,1
1807,724,911,1
1808,880,198,1
1809,199,418,1
1810,557,507,1
1811,944,420,1
1812,561,999,1
1813,930,208,1
1814,395,392,1
1815,334,163,1
1816,232,626,1
1817,484,962,1
1818,329,290,1
1819,675,409,1
1820,851,291,1
1821,28,337,0
1822,237,590,1
1823,485,21,1
1824,867,906,1
1825,377,394,1
1826,777,998,1
1827,428,904,1
1828,236,111,1
1829,837,769,1
1830,859,875,1
1831,108,884,1
1832,427,288,1
1833,130,478,1
1834,511,673,1
1835,152,799,1
1836,854,222,1
1837,1000,972,1
1838,719,280,1
1839,40,342,1
1840,527,478,1
1841,525,567,1
1842,275,134,1
1843,211,236,1
1844,729,979,1
1845,107,467,1
1846,945,847,1
1847,53,826,0
1848,985,70,1
1849,837,201,1
1850,709,8,1
1851,754,278,1
1852,902,952,1
1853,249,596,1
1854,649,133,1
1855,640,70,1
1856,816,244,1
1857,431,565,1
1858,510,944,1
1859,809,20,1
1860,964,96,1
1861,823,580,1
1862,153,771,1
1863,470,113,1
1864,166,98,1
1865,991,48,1
1866,214,425,1
1867,596,27,1
1868,908,708,1
1869,115,11,1
1870,528,403,1
1871,34,929,0
1872,778,450,1
1873,482,513,1
1874,327,335,1
1875,89,891,1
1876,176,456,1
1877,743,639,1
1878,967,120,1
1879,626,772,1
1880,61,582,1
1881,877,909,1
1882,935,195,1
1883,243,786,1
1884,647,702,1
1885,698,262,1
1886,319,477,1
1887,114,690,1
1888,704,778,1
1889,324,389,1
1890,912,815,1
1891,295,110,1
1892,882,136,1
1893,966,632,1
1894,416,692,1
1895,830,680,1
1896,771,583,1
1897,379,814,1
1898,131,327,1
1899,946,278,1
1900,570,817,1
1901,905,466,1
1902,530,824,1
1903,627,190,1
1904,839,993,1
1905,320,103,1
1906,247,213,1
1907,721,448,1
1908,438,204,1
1909,760,675,1
1910,886,579,1
1911,773,505,1
1912,204,161,1
1913,942,190,1
1914,214,972,1
1915,910,548,1
1916,192,491,1
1917,790,362,1
1918,741,647,1
1919,498,704,1
1920,675,107,1
1921,506,986,1
1922,823,317,1
1923,144,199,1
1924,56,200,1
1925,217,444,1
1926,656,191,1
1927,748,570,1
1928,268,376,1
1929,872,521,1
1930,436,947,1
1931,123,975,1
1932,974,550,1
1933,460,962,1
1934,69,542,1
1935,562,821,1
1936,495,140,1
1937,70,778,0
1938,869,401,1
1939,498,124,1
1940,875,136,1
1941,581,544,1
1942,855,902,1
1943,543,832,1
1944,278,848,1
1945,310,107,1
1946,922,770,1
1947,140,981,1
1948,96,655,1
1949,631,454,1
1950,261,234,1
1951,560,857,1
1952,161,112,1
1953,79,315,1
1954,68,271,1
1955,651,774,1
1956,324,247,1
1957,480,578,1
1958,153,548,1
1959,801,903,1
1960,168,517,1
1961,725,89,1
1962,475,932,1
1963,437,687,1
1964,209,570,1
1965,107,242,1
1966,250,535,1
1967,839,175,1
1968,435,738,1
1969,611,946,1
1970,784,3,1
1971,542,87,1
1972,887,603,1
1973,350,861,1
1974,633,380,1
1975,414,114,1
1976,500,147,1
1977,647,109,1
1978,619,150,1
1979,435,516,1
1980,31,755,0
1981,845,554,1
1982,982,623,1
1983,427,108,1
1984,962,840,1
1985,733,241,1
1986,965,440,1
1987,904,236,1
1988,272,590,1
1989,819,543,1
1990,275,698,1
1991,787,166,1
1992,398,381,1
1993,770,781,1
1994,638,219,1
1995,426,326,1
1996,484,254,1
1997,407,947,1
1998,599,200,1
1999,946,724,1
2000,138,621,1
