n 2000
c 573012
z 867894
time 0.00
1,702,688,1
2,471,28,1
3,896,66,1
4,684,499,1
5,90,428,0
6,969,98,1
7,210,21,1
8,644,508,1
9,983,101,1
10,627,666,1
11,407,444,1
12,59,155,0
13,811,196,1
14,570,580,1
15,343,85,1
16,404,909,0
17,830,861,1
18,450,560,1
19,771,65,1
20,298,270,1
21,922,181,1
22,647,368,1
23,116,204,0
24,432,119,1
25,1,853,0
26,503,64,1
27,648,594,1
28,584,640,1
29,914,126,1
30,193,479,0
31,749,922,1
32,752,796,1
33,556,276,1
34,695,877,1
35,788,916,1
36,357,393,1
37,841,228,1
38,327,349,1
39,583,292,1
40,212,87,1
41,492,599,1
42,950,882,1
43,570,262,1
44,683,318,1
45,835,263,1
46,803,987,1
47,149,914,0
48,389,298,1
49,725,775,1
50,146,304,0
51,47,487,0
52,195,480,0
53,459,885,0
54,613,220,1
55,588,121,1
56,450,1000,0
57,411,329,1
58,204,571,0
59,72,868,0
60,299,282,1
61,408,885,0
62,822,467,1
63,346,160,1
64,310,323,1
65,979,396,1
66,501,668,1
67,33,629,0
68,534,807,1
69,933,172,1
70,246,282,1
71,569,294,1
72,807,638,1
73,145,742,0
74,478,95,1
75,191,768,0
76,810,177,1
77,70,307,0
78,133,875,0
79,696,113,1
80,896,627,1
81,115,414,0
82,694,726,1
83,142,579,0
84,434,426,1
85,169,662,0
86,901,738,1
87,466,80,1
88,463,60,1
89,300,130,1
90,423,867,0
91,986,517,1
92,166,565,0
93,290,381,1
94,253,216,1
95,12,504,0
96,39,685,0
97,993,929,1
98,40,761,0
99,553,716,1
100,285,140,1
101,477,677,1
102,70,752,0
103,643,410,1
104,558,544,1
105,375,833,0
106,891,50,1
107,854,703,1
108,433,387,1
109,462,903,0
110,137,829,0
111,770,291,1
112,38,791,0
113,962,289,1
114,8,113,0
115,454,213,1
116,497,411,1
117,219,895,0
118,125,601,0
119,782,345,1
120,831,893,1
121,150,80,1
122,55,537,0
123,62,100,0
124,911,943,1
125,208,53,1
126,325,687,0
127,797,84,1
128,162,284,0
129,784,459,1
130,313,587,0
131,147,562,0
132,843,65,1
133,152,831,0
134,943,800,1
135,770,105,1
136,136,966,0
137,429,753,0
138,638,883,1
139,879,494,1
140,150,316,0
141,722,435,1
142,245,577,0
143,394,543,1
144,328,879,0
145,712,225,1
146,575,842,1
147,145,286,0
148,663,587,1
149,713,433,1
150,231,626,0
151,25,509,0
152,275,641,0
153,616,970,1
154,212,916,0
155,221,266,1
156,632,568,1
157,346,742,0
158,277,55,1
159,988,258,1
160,257,429,0
161,839,241,1
162,766,259,1
163,926,422,1
164,897,678,1
165,857,913,1
166,713,18,1
167,175,171,1
168,940,96,1
169,466,270,1
170,437,305,1
171,427,755,0
172,74,126,0
173,890,441,1
174,850,766,1
175,391,527,1
176,892,75,1
177,535,14,1
178,810,729,1
179,966,54,1
180,285,980,0
181,35,627,0
182,202,117,1
183,945,260,1
184,161,720,0
185,25,41,1
186,590,853,1
187,189,726,0
188,336,593,0
189,960,72,1
190,831,993,1
191,73,450,0
192,92,235,0
193,342,676,0
194,920,440,1
195,308,745,0
196,910,26,1
197,373,956,0
198,804,590,1
199,675,439,1
200,844,805,1
201,864,207,1
202,162,997,0
203,920,679,1
204,294,407,1
205,846,807,1
206,193,525,0
207,379,216,1
208,180,882,0
209,886,111,1
210,195,477,0
211,5,84,0
212,745,404,1
213,385,527,1
214,37,833,0
215,408,486,1
216,947,803,1
217,787,372,1
218,101,84,1
219,144,145,1
220,975,146,1
221,474,450,1
222,307,397,1
223,540,173,1
224,81,468,0
225,253,396,1
226,200,300,1
227,212,643,0
228,946,845,1
229,549,31,1
230,649,779,1
231,556,149,1
232,679,22,1
233,374,709,0
234,756,558,1
235,272,777,0
236,9,976,0
237,455,517,1
238,881,413,1
239,206,269,1
240,759,261,1
241,269,61,1
242,209,559,0
243,454,417,1
244,796,427,1
245,708,146,1
246,290,111,1
247,428,514,1
248,639,178,1
249,173,4,1
250,10,816,0
251,220,643,0
252,334,755,0
253,600,813,1
254,231,26,1
255,773,683,1
256,489,265,1
257,764,264,1
258,676,92,1
259,823,795,1
260,405,505,1
261,737,395,1
262,438,441,1
263,500,359,1
264,622,203,1
265,13,399,0
266,699,726,1
267,130,146,1
268,819,448,1
269,491,973,0
270,601,455,1
271,302,308,1
272,437,619,1
273,332,776,0
274,477,135,1
275,66,229,0
276,751,2,1
277,642,951,1
278,625,358,1
279,791,505,1
280,119,148,1
281,144,449,0
282,331,522,1
283,387,155,1
284,11,851,0
285,907,800,1
286,876,113,1
287,212,827,0
288,765,457,1
289,315,641,0
290,22,235,0
291,723,394,1
292,431,324,1
293,202,248,1
294,269,154,1
295,578,555,1
296,503,235,1
297,803,118,1
298,159,202,1
299,925,218,1
300,923,208,1
301,964,740,1
302,523,619,1
303,468,998,0
304,998,477,1
305,396,783,0
306,637,460,1
307,151,279,0
308,697,249,1
309,221,780,0
310,120,55,1
311,912,402,1
312,74,866,0
313,306,986,0
314,314,106,1
315,892,114,1
316,952,18,1
317,409,381,1
318,691,473,1
319,242,230,1
320,971,869,1
321,762,854,1
322,133,231,0
323,185,464,0
324,64,934,0
325,271,349,1
326,181,27,1
327,646,354,1
328,259,735,0
329,969,202,1
330,760,997,1
331,707,16,1
332,348,103,1
333,272,277,1
334,182,968,0
335,937,618,1
336,386,283,1
337,131,923,0
338,19,631,0
339,214,752,0
340,106,728,0
341,811,561,1
342,712,18,1
343,391,206,1
344,440,724,0
345,213,648,0
346,549,871,0
347,143,280,0
348,307,26,1
349,372,793,0
350,826,699,1
351,413,612,1
352,837,764,1
353,978,344,1
354,313,752,0
355,666,36,1
356,585,129,1
357,383,11,1
358,774,127,1
359,576,643,1
360,587,774,1
361,320,450,1
362,78,77,1
363,251,381,1
364,667,886,1
365,945,686,1
366,651,727,1
367,331,553,0
368,265,604,0
369,155,883,0
370,517,111,1
371,720,120,1
372,522,638,1
373,230,824,0
374,322,278,1
375,180,396,0
376,217,489,0
377,903,691,1
378,926,106,1
379,444,300,1
380,974,249,1
381,963,759,1
382,523,391,1
383,455,148,1
384,770,559,1
385,194,959,0
386,610,447,1
387,29,999,0
388,80,98,1
389,68,834,0
390,664,812,1
391,472,103,1
392,398,353,1
393,615,175,1
394,178,290,0
395,774,992,1
396,649,493,1
397,326,968,0
398,304,552,0
399,964,746,1
400,844,769,1
401,642,312,1
402,261,709,0
403,308,510,0
404,513,803,1
405,453,766,0
406,60,820,0
407,184,142,1
408,141,634,0
409,618,754,1
410,28,634,0
411,940,15,1
412,688,767,1
413,342,541,1
414,925,413,1
415,783,615,1
416,82,558,0
417,665,867,1
418,529,548,1
419,810,448,1
420,263,756,0
421,997,465,1
422,387,163,1
423,614,469,1
424,651,952,1
425,957,696,1
426,226,437,0
427,922,122,1
428,455,252,1
429,895,10,1
430,870,10,1
431,563,719,1
432,497,178,1
433,746,826,1
434,314,225,1
435,34,747,0
436,15,273,0
437,720,358,1
438,944,932,1
439,841,434,1
440,212,647,0
441,869,158,1
442,151,520,0
443,637,840,1
444,145,726,0
445,85,331,0
446,640,820,1
447,981,333,1
448,421,489,1
449,9,731,0
450,652,503,1
451,728,601,1
452,381,93,1
453,306,329,1
454,623,371,1
455,19,526,0
456,452,882,0
457,212,567,0
458,320,70,1
459,849,891,1
460,915,690,1
461,612,549,1
462,910,846,1
463,96,733,0
464,362,878,0
465,570,112,1
466,756,10,1
467,354,950,0
468,812,14,1
469,904,230,1
470,573,525,1
471,792,472,1
472,247,775,0
473,384,294,1
474,584,148,1
475,121,304,0
476,865,603,1
477,40,83,0
478,676,828,1
479,729,965,1
480,932,359,1
481,577,799,1
482,13,703,0
483,666,375,1
484,986,30,1
485,420,97,1
486,573,525,1
487,798,658,1
488,592,552,1
489,403,593,1
490,811,333,1
491,489,83,1
492,447,271,1
493,934,801,1
494,447,875,0
495,27,807,0
496,598,886,1
497,930,595,1
498,915,329,1
499,300,640,0
500,465,578,1
501,603,247,1
502,963,608,1
503,158,441,0
504,229,627,0
505,835,283,1
506,93,749,0
507,638,495,1
508,376,993,0
509,744,179,1
510,825,215,1
511,867,104,1
512,805,168,1
513,617,256,1
514,298,996,0
515,997,189,1
516,782,6,1
517,841,594,1
518,763,825,1
519,190,905,0
520,120,106,1
521,714,481,1
522,659,345,1
523,164,280,0
524,506,916,0
525,515,189,1
526,625,370,1
527,556,939,0
528,453,402,1
529,451,67,1
530,975,149,1
531,232,161,1
532,204,198,1
533,578,984,0
534,162,429,0
535,858,845,1
536,741,978,1
537,830,301,1
538,88,956,0
539,862,476,1
540,423,750,0
541,987,35,1
542,480,866,0
543,147,245,0
544,210,534,0
545,586,134,1
546,805,592,1
547,562,601,1
548,569,894,1
549,859,852,1
550,547,302,1
551,157,394,0
552,522,215,1
553,362,437,1
554,992,867,1
555,569,509,1
556,788,81,1
557,109,98,1
558,460,595,1
559,460,594,1
560,887,305,1
561,387,991,0
562,32,327,0
563,839,720,1
564,743,106,1
565,374,306,1
566,850,419,1
567,828,627,1
568,145,957,0
569,705,763,1
570,167,857,0
571,40,264,0
572,916,299,1
573,411,892,0
574,543,656,1
575,418,141,1
576,481,391,1
577,722,433,1
578,949,689,1
579,954,987,1
580,915,822,1
581,808,726,1
582,28,397,0
583,530,869,0
584,655,728,1
585,65,581,0
586,578,746,1
587,256,600,0
588,341,638,0
589,442,183,1
590,320,493,1
591,801,219,1
592,332,379,1
593,11,848,0
594,823,279,1
595,823,638,1
596,697,157,1
597,278,485,0
598,372,570,1
599,812,924,1
600,424,916,0
601,637,718,1
602,924,723,1
603,468,66,1
604,265,903,0
605,951,702,1
606,608,815,1
607,902,248,1
608,764,35,1
609,243,320,1
610,210,263,1
611,123,124,1
612,573,909,1
613,954,537,1
614,142,318,0
615,781,948,1
616,160,44,1
617,801,731,1
618,209,223,1
619,857,250,1
620,53,834,0
621,940,541,1
622,965,569,1
623,893,495,1
624,28,154,0
625,556,205,1
626,418,229,1
627,914,450,1
628,754,89,1
629,361,248,1
630,30,556,0
631,754,8,1
632,946,198,1
633,665,262,1
634,614,891,1
635,338,380,1
636,205,147,1
637,607,633,1
638,154,928,0
639,913,309,1
640,82,947,0
641,683,316,1
642,820,171,1
643,847,868,1
644,325,916,0
645,928,861,1
646,705,88,1
647,646,229,1
648,916,348,1
649,96,740,0
650,294,442,1
651,980,563,1
652,884,406,1
653,778,604,1
654,387,47,1
655,647,325,1
656,312,836,0
657,69,759,0
658,611,464,1
659,487,334,1
660,90,795,0
661,729,20,1
662,482,815,0
663,62,974,0
664,840,188,1
665,980,106,1
666,669,608,1
667,627,459,1
668,951,383,1
669,659,836,1
670,605,242,1
671,250,685,0
672,507,7,1
673,28,668,0
674,715,757,1
675,749,915,1
676,933,98,1
677,82,937,0
678,21,916,0
679,126,616,0
680,874,696,1
681,608,355,1
682,231,634,0
683,665,282,1
684,179,897,0
685,76,427,0
686,323,758,0
687,191,559,0
688,127,33,1
689,293,766,0
690,489,408,1
691,749,847,1
692,9,230,0
693,326,200,1
694,854,667,1
695,825,695,1
696,464,789,0
697,424,115,1
698,713,851,1
699,413,538,1
700,209,386,0
701,259,479,0
702,185,430,0
703,441,647,1
704,999,254,1
705,117,473,0
706,864,485,1
707,589,768,1
708,452,793,0
709,456,990,0
710,698,993,1
711,283,310,1
712,748,127,1
713,184,966,0
714,14,808,0
715,697,216,1
716,832,708,1
717,186,115,1
718,435,351,1
719,453,266,1
720,784,923,1
721,238,905,0
722,756,647,1
723,134,424,0
724,72,151,0
725,302,822,0
726,76,113,1
727,9,794,0
728,371,466,1
729,596,104,1
730,138,236,0
731,650,471,1
732,739,981,1
733,583,987,0
734,262,76,1
735,966,940,1
736,806,170,1
737,654,411,1
738,393,722,0
739,927,267,1
740,705,390,1
741,602,811,1
742,841,520,1
743,311,599,0
744,313,226,1
745,432,862,0
746,482,403,1
747,995,292,1
748,261,591,0
749,597,876,1
750,245,537,0
751,9,585,0
752,709,327,1
753,879,649,1
754,724,634,1
755,362,583,0
756,725,201,1
757,762,59,1
758,59,177,0
759,40,424,0
760,306,139,1
761,528,443,1
762,649,714,1
763,952,779,1
764,3,111,0
765,895,248,1
766,732,907,1
767,673,252,1
768,425,960,0
769,143,153,1
770,336,493,1
771,827,382,1
772,727,692,1
773,81,257,0
774,336,329,1
775,561,82,1
776,978,465,1
777,496,642,1
778,155,804,0
779,694,343,1
780,209,113,1
781,859,677,1
782,24,533,0
783,139,410,0
784,613,824,1
785,369,190,1
786,457,28,1
787,359,652,0
788,498,418,1
789,899,714,1
790,907,179,1
791,581,657,1
792,580,48,1
793,676,785,1
794,660,366,1
795,897,173,1
796,210,49,1
797,60,326,0
798,428,812,0
799,474,542,1
800,526,722,1
801,312,812,0
802,580,437,1
803,881,559,1
804,755,817,1
805,459,304,1
806,169,603,0
807,432,585,1
808,501,235,1
809,801,995,1
810,849,875,1
811,660,561,1
812,484,739,1
813,910,831,1
814,68,779,0
815,739,470,1
816,824,644,1
817,858,39,1
818,644,35,1
819,390,105,1
820,509,491,1
821,207,897,0
822,629,254,1
823,936,493,1
824,305,528,0
825,657,797,1
826,373,456,1
827,580,718,1
828,321,699,0
829,300,196,1
830,732,6,1
831,290,452,1
832,391,440,1
833,338,283,1
834,901,147,1
835,18,46,0
836,206,677,0
837,282,775,0
838,939,751,1
839,934,849,1
840,147,961,0
841,1,993,0
842,500,239,1
843,556,289,1
844,646,61,1
845,172,657,0
846,361,850,0
847,666,252,1
848,878,196,1
849,67,77,1
850,507,920,0
851,560,508,1
852,136,915,0
853,560,280,1
854,759,155,1
855,657,778,1
856,241,995,0
857,469,412,1
858,290,511,0
859,145,533,0
860,726,460,1
861,129,635,0
862,518,3,1
863,271,395,1
864,11,786,0
865,979,167,1
866,979,486,1
867,180,717,0
868,440,362,1
869,541,463,1
870,646,765,1
871,42,332,0
872,525,362,1
873,906,339,1
874,196,401,0
875,70,952,0
876,567,462,1
877,407,116,1
878,967,115,1
879,822,437,1
880,24,959,0
881,397,679,0
882,912,122,1
883,115,277,0
884,402,548,1
885,133,369,0
886,10,833,0
887,416,635,1
888,852,898,1
889,818,681,1
890,117,260,0
891,224,836,0
892,83,469,0
893,170,426,0
894,176,712,0
895,811,149,1
896,402,535,1
897,389,584,1
898,902,864,1
899,313,913,0
900,610,133,1
901,876,384,1
902,682,620,1
903,437,722,0
904,561,743,1
905,306,194,1
906,826,441,1
907,107,485,0
908,183,415,0
909,286,832,0
910,926,358,1
911,217,57,1
912,100,14,1
913,727,646,1
914,449,586,1
915,721,157,1
916,59,699,0
917,414,865,0
918,663,881,1
919,141,958,0
920,682,229,1
921,287,202,1
922,917,14,1
923,177,352,0
924,111,286,0
925,135,778,0
926,436,704,0
927,701,770,1
928,476,896,0
929,719,973,1
930,822,374,1
931,272,453,0
932,603,345,1
933,871,833,1
934,495,701,1
935,333,555,0
936,873,80,1
937,315,486,1
938,932,366,1
939,1,681,0
940,399,23,1
941,65,253,0
942,767,666,1
943,986,511,1
944,404,169,1
945,888,42,1
946,960,408,1
947,993,204,1
948,212,570,0
949,251,475,0
950,333,883,0
951,768,612,1
952,235,652,0
953,707,848,1
954,666,950,1
955,61,4,1
956,898,662,1
957,304,299,1
958,273,961,0
959,965,2,1
960,233,100,1
961,696,327,1
962,524,491,1
963,577,591,1
964,714,260,1
965,670,3,1
966,757,727,1
967,747,910,1
968,916,780,1
969,724,22,1
970,300,281,1
971,721,148,1
972,197,199,1
973,688,849,1
974,280,880,0
975,217,440,0
976,94,15,1
977,346,706,0
978,852,395,1
979,539,681,1
980,923,353,1
981,684,389,1
982,356,678,0
983,794,813,1
984,528,782,1
985,400,675,0
986,941,260,1
987,98,734,0
988,932,350,1
989,85,700,0
990,87,19,1
991,787,780,1
992,401,204,1
993,874,574,1
994,902,197,1
995,908,256,1
996,65,383,0
997,561,269,1
998,796,763,1
999,152,852,0
1000,474,596,1
1001,221,627,0
1002,873,506,1
1003,20,69,0
1004,779,975,1
1005,692,807,1
1006,859,303,1
1007,558,563,1
1008,292,825,0
1009,197,623,0
1010,445,780,0
1011,23,925,0
1012,257,360,1
1013,169,616,0
1014,916,483,1
1015,554,144,1
1016,735,844,1
1017,310,818,0
1018,108,255,0
1019,122,719,0
1020,285,397,1
1021,319,838,0
1022,959,256,1
1023,871,353,1
1024,212,504,0
1025,621,985,0
1026,710,981,1
1027,569,79,1
1028,743,865,1
1029,65,688,0
1030,645,561,1
1031,267,948,0
1032,43,616,0
1033,166,372,0
1034,811,736,1
1035,161,749,0
1036,496,854,0
1037,963,637,1
1038,687,976,1
1039,161,193,1
1040,901,542,1
1041,23,496,0
1042,467,603,1
1043,790,8,1
1044,767,134,1
1045,883,347,1
1046,605,497,1
1047,655,61,1
1048,682,181,1
1049,291,173,1
1050,673,400,1
1051,516,726,1
1052,6,76,0
1053,604,241,1
1054,887,549,1
1055,249,16,1
1056,163,215,1
1057,487,977,0
1058,914,962,1
1059,920,213,1
1060,509,67,1
1061,228,348,1
1062,943,744,1
1063,188,591,0
1064,440,943,0
1065,39,482,0
1066,698,875,1
1067,376,900,0
1068,460,301,1
1069,935,804,1
1070,12,619,0
1071,59,786,0
1072,289,391,1
1073,313,407,1
1074,815,63,1
1075,638,537,1
1076,356,812,0
1077,232,351,1
1078,783,385,1
1079,27,438,0
1080,608,682,1
1081,200,526,0
1082,754,182,1
1083,184,740,0
1084,533,411,1
1085,838,436,1
1086,169,45,1
1087,114,410,0
1088,965,714,1
1089,137,397,0
1090,916,5,1
1091,314,538,0
1092,649,621,1
1093,4,448,0
1094,217,681,0
1095,299,933,0
1096,303,866,0
1097,393,557,1
1098,718,21,1
1099,993,953,1
1100,7,619,0
1101,222,460,0
1102,514,319,1
1103,42,629,0
1104,881,100,1
1105,603,801,1
1106,39,265,0
1107,920,89,1
1108,944,113,1
1109,170,924,0
1110,610,59,1
1111,525,297,1
1112,777,59,1
1113,62,755,0
1114,905,675,1
1115,318,904,0
1116,972,929,1
1117,420,192,1
1118,627,230,1
1119,96,79,1
1120,481,689,1
1121,132,207,0
1122,435,262,1
1123,349,949,0
1124,564,574,1
1125,719,421,1
1126,205,787,0
1127,336,493,1
1128,346,120,1
1129,66,892,0
1130,983,524,1
1131,956,525,1
1132,129,265,0
1133,882,484,1
1134,641,5,1
1135,864,979,1
1136,11,332,0
1137,310,625,0
1138,821,448,1
1139,661,832,1
1140,859,414,1
1141,936,401,1
1142,231,742,0
1143,510,774,1
1144,125,263,0
1145,739,84,1
1146,709,932,1
1147,542,267,1
1148,274,607,0
1149,502,20,1
1150,647,337,1
1151,573,238,1
1152,449,907,0
1153,734,476,1
1154,792,628,1
1155,987,39,1
1156,855,743,1
1157,575,243,1
1158,658,335,1
1159,771,808,1
1160,215,419,0
1161,372,472,1
1162,830,800,1
1163,425,552,1
1164,114,143,1
1165,226,268,1
1166,209,13,1
1167,180,108,1
1168,696,736,1
1169,993,949,1
1170,632,261,1
1171,364,837,0
1172,621,27,1
1173,250,695,0
1174,276,115,1
1175,332,31,1
1176,396,535,1
1177,873,762,1
1178,830,380,1
1179,800,901,1
1180,687,261,1
1181,780,1,1
1182,692,837,1
1183,584,864,1
1184,348,785,0
1185,225,711,0
1186,729,944,1
1187,923,207,1
1188,264,807,0
1189,939,377,1
1190,897,765,1
1191,292,214,1
1192,328,296,1
1193,78,576,0
1194,841,811,1
1195,176,633,0
1196,803,205,1
1197,310,710,0
1198,915,270,1
1199,38,727,0
1200,17,904,0
1201,532,462,1
1202,87,760,0
1203,253,177,1
1204,102,687,0
1205,120,517,0
1206,635,18,1
1207,624,441,1
1208,263,530,0
1209,431,893,0
1210,28,625,0
1211,381,526,1
1212,523,850,0
1213,566,703,1
1214,162,371,0
1215,145,636,0
1216,242,146,1
1217,772,614,1
1218,223,329,1
1219,933,630,1
1220,1,247,0
1221,668,800,1
1222,680,781,1
1223,68,486,0
1224,204,170,1
1225,472,245,1
1226,506,859,0
1227,378,992,0
1228,50,218,0
1229,518,224,1
1230,757,153,1
1231,942,213,1
1232,357,595,0
1233,399,979,0
1234,380,264,1
1235,720,411,1
1236,950,419,1
1237,322,445,1
1238,723,66,1
1239,19,223,0
1240,580,418,1
1241,413,181,1
1242,143,836,0
1243,683,693,1
1244,670,455,1
1245,700,181,1
1246,273,419,1
1247,104,443,0
1248,828,855,1
1249,679,177,1
1250,19,672,0
1251,721,84,1
1252,561,431,1
1253,632,991,1
1254,640,190,1
1255,161,577,0
1256,771,302,1
1257,874,655,1
1258,8,80,0
1259,757,591,1
1260,513,726,1
1261,283,674,0
1262,377,197,1
1263,460,741,0
1264,611,762,1
1265,10,109,0
1266,918,126,1
1267,925,452,1
1268,926,87,1
1269,273,76,1
1270,428,772,0
1271,963,911,1
1272,93,660,0
1273,227,345,1
1274,232,268,1
1275,660,346,1
1276,832,404,1
1277,502,836,0
1278,313,996,0
1279,573,317,1
1280,40,344,0
1281,26,737,0
1282,667,621,1
1283,143,736,0
1284,872,799,1
1285,512,615,1
1286,682,8,1
1287,453,894,0
1288,933,983,1
1289,820,406,1
1290,875,123,1
1291,259,964,0
1292,583,571,1
1293,491,46,1
1294,950,315,1
1295,872,96,1
1296,957,61,1
1297,933,939,1
1298,766,761,1
1299,180,44,1
1300,980,490,1
1301,387,813,0
1302,502,39,1
1303,562,458,1
1304,457,699,1
1305,681,337,1
1306,317,466,1
1307,407,127,1
1308,329,424,1
1309,861,771,1
1310,531,559,1
1311,256,298,1
1312,688,588,1
1313,797,830,1
1314,593,711,1
1315,120,907,0
1316,534,534,1
1317,797,392,1
1318,181,941,0
1319,695,806,1
1320,995,75,1
1321,46,537,0
1322,539,924,0
1323,443,567,1
1324,700,151,1
1325,216,657,0
1326,404,387,1
1327,898,686,1
1328,827,995,1
1329,656,878,1
1330,866,946,1
1331,22,930,0
1332,882,93,1
1333,130,598,0
1334,145,516,0
1335,271,183,1
1336,472,909,0
1337,71,231,0
1338,168,373,0
1339,484,402,1
1340,810,891,1
1341,303,884,0
1342,861,523,1
1343,522,249,1
1344,234,996,0
1345,993,72,1
1346,604,423,1
1347,90,629,0
1348,844,36,1
1349,749,361,1
1350,264,307,1
1351,847,449,1
1352,403,371,1
1353,553,880,1
1354,752,690,1
1355,797,682,1
1356,408,826,0
1357,224,366,0
1358,843,60,1
1359,523,358,1
1360,611,252,1
1361,972,110,1
1362,716,321,1
1363,361,975,0
1364,175,535,0
1365,844,111,1
1366,110,803,0
1367,154,991,0
1368,930,698,1
1369,350,665,0
1370,463,6,1
1371,387,507,1
1372,466,807,0
1373,262,44,1
1374,457,698,1
1375,681,898,1
1376,144,912,0
1377,932,246,1
1378,76,837,0
1379,103,525,0
1380,616,658,1
1381,882,467,1
1382,893,586,1
1383,13,110,0
1384,295,207,1
1385,763,196,1
1386,82,262,0
1387,481,578,1
1388,195,709,0
1389,13,139,0
1390,475,759,0
1391,842,761,1
1392,110,26,1
1393,567,963,0
1394,298,918,0
1395,143,506,0
1396,515,353,1
1397,331,746,0
1398,755,91,1
1399,867,906,1
1400,375,108,1
1401,501,503,1
1402,636,685,1
1403,932,139,1
1404,624,978,1
1405,377,14,1
1406,478,217,1
1407,703,478,1
1408,305,679,0
1409,192,897,0
1410,49,272,0
1411,93,660,0
1412,572,944,0
1413,859,702,1
1414,851,283,1
1415,953,46,1
1416,173,46,1
1417,62,109,0
1418,450,328,1
1419,407,362,1
1420,781,536,1
1421,198,897,0
1422,325,12,1
1423,822,575,1
1424,949,171,1
1425,643,244,1
1426,934,24,1
1427,967,445,1
1428,214,499,0
1429,150,972,0
1430,146,141,1
1431,979,463,1
1432,423,265,1
1433,67,810,0
1434,438,586,1
1435,607,178,1
1436,198,708,0
1437,176,856,0
1438,444,859,0
1439,371,941,0
1440,845,26,1
1441,732,704,1
1442,236,9,1
1443,798,833,1
1444,742,6,1
1445,736,217,1
1446,410,294,1
1447,436,209,1
1448,279,328,1
1449,481,715,1
1450,742,903,1
1451,456,256,1
1452,319,338,1
1453,427,151,1
1454,279,930,0
1455,569,639,1
1456,366,407,1
1457,623,81,1
1458,151,647,0
1459,272,285,1
1460,48,940,0
1461,21,792,0
1462,113,689,0
1463,128,367,0
1464,994,513,1
1465,706,330,1
1466,141,444,0
1467,133,960,0
1468,987,566,1
1469,907,266,1
1470,611,502,1
1471,709,71,1
1472,268,248,1
1473,64,900,0
1474,531,455,1
1475,153,901,0
1476,328,531,0
1477,985,941,1
1478,443,890,0
1479,36,182,0
1480,924,119,1
1481,356,397,1
1482,640,668,1
1483,730,565,1
1484,967,380,1
1485,540,78,1
1486,979,770,1
1487,258,882,0
1488,51,544,0
1489,243,732,0
1490,301,965,0
1491,732,757,1
1492,330,61,1
1493,656,220,1
1494,938,766,1
1495,284,1,1
1496,513,157,1
1497,649,991,1
1498,522,635,1
1499,636,460,1
1500,711,896,1
1501,746,166,1
1502,443,562,1
1503,965,931,1
1504,910,362,1
1505,796,5,1
1506,904,43,1
1507,846,360,1
1508,281,280,1
1509,967,865,1
1510,668,264,1
1511,203,325,0
1512,260,777,0
1513,895,852,1
1514,943,622,1
1515,303,192,1
1516,511,822,0
1517,10,686,0
1518,687,883,1
1519,281,47,1
1520,699,611,1
1521,143,651,0
1522,904,383,1
1523,963,515,1
1524,834,734,1
1525,392,969,0
1526,532,117,1
1527,909,22,1
1528,666,597,1
1529,376,504,1
1530,755,57,1
1531,390,854,0
1532,139,354,0
1533,102,554,0
1534,108,633,0
1535,27,42,1
1536,900,928,1
1537,976,938,1
1538,785,573,1
1539,725,377,1
1540,689,676,1
1541,72,838,0
1542,887,688,1
1543,343,648,0
1544,327,838,0
1545,602,431,1
1546,275,359,1
1547,998,370,1
1548,518,663,1
1549,923,246,1
1550,301,694,0
1551,951,911,1
1552,486,915,0
1553,75,366,0
1554,496,40,1
1555,739,679,1
1556,698,190,1
1557,379,462,1
1558,999,750,1
1559,157,990,0
1560,375,304,1
1561,495,398,1
1562,818,972,1
1563,810,824,1
1564,941,3,1
1565,645,334,1
1566,182,144,1
1567,415,411,1
1568,28,969,0
1569,220,820,0
1570,784,932,1
1571,583,553,1
1572,128,776,0
1573,429,972,0
1574,290,289,1
1575,306,717,0
1576,942,215,1
1577,133,343,0
1578,940,780,1
1579,846,115,1
1580,724,992,1
1581,657,455,1
1582,508,939,0
1583,874,242,1
1584,692,934,1
1585,431,134,1
1586,741,926,1
1587,941,763,1
1588,928,622,1
1589,99,932,0
1590,292,176,1
1591,267,432,0
1592,23,191,0
1593,999,496,1
1594,445,772,0
1595,16,936,0
1596,294,916,0
1597,441,179,1
1598,970,74,1
1599,578,183,1
1600,240,214,1
1601,472,498,1
1602,140,561,0
1603,794,888,1
1604,278,332,1
1605,167,962,0
1606,39,924,0
1607,939,357,1
1608,439,492,1
1609,433,876,0
1610,394,848,0
1611,865,666,1
1612,369,809,0
1613,922,632,1
1614,508,761,1
1615,131,375,0
1616,53,253,0
1617,164,987,0
1618,512,858,0
1619,890,269,1
1620,718,581,1
1621,783,963,1
1622,241,435,0
1623,63,709,0
1624,66,946,0
1625,374,15,1
1626,526,354,1
1627,656,830,1
1628,615,908,1
1629,913,937,1
1630,383,133,1
1631,114,198,0
1632,383,358,1
1633,957,45,1
1634,373,108,1
1635,168,605,0
1636,396,935,0
1637,293,377,1
1638,285,185,1
1639,210,847,0
1640,164,949,0
1641,468,365,1
1642,685,937,1
1643,871,176,1
1644,461,577,1
1645,672,2,1
1646,757,73,1
1647,419,407,1
1648,857,935,1
1649,488,157,1
1650,415,595,1
1651,760,205,1
1652,187,996,0
1653,398,114,1
1654,152,921,0
1655,345,141,1
1656,624,688,1
1657,518,922,0
1658,476,998,0
1659,346,371,1
1660,631,204,1
1661,332,727,0
1662,324,410,1
1663,137,407,0
1664,169,667,0
1665,226,349,1
1666,915,660,1
1667,760,1,1
1668,456,962,0
1669,431,97,1
1670,980,95,1
1671,128,980,0
1672,147,793,0
1673,896,891,1
1674,694,943,1
1675,190,676,0
1676,528,449,1
1677,266,125,1
1678,808,587,1
1679,865,594,1
1680,121,981,0
1681,93,651,0
1682,460,466,1
1683,97,156,0
1684,167,507,0
1685,546,938,0
1686,543,464,1
1687,209,863,0
1688,265,74,1
1689,838,563,1
1690,103,568,0
1691,318,711,0
1692,294,347,1
1693,20,118,0
1694,563,568,1
1695,726,315,1
1696,102,410,0
1697,414,25,1
1698,118,874,0
1699,601,91,1
1700,100,484,0
1701,933,73,1
1702,20,295,0
1703,387,787,0
1704,830,304,1
1705,564,885,1
1706,395,227,1
1707,247,480,0
1708,467,880,0
1709,608,1000,0
1710,523,942,0
1711,237,71,1
1712,915,879,1
1713,554,853,1
1714,406,367,1
1715,756,562,1
1716,363,249,1
1717,562,130,1
1718,624,40,1
1719,800,612,1
1720,942,480,1
1721,581,191,1
1722,271,271,1
1723,629,266,1
1724,676,747,1
1725,361,694,0
1726,531,72,1
1727,409,569,1
1728,206,350,0
1729,283,650,0
1730,287,437,1
1731,45,932,0
1732,303,94,1
1733,383,354,1
1734,878,264,1
1735,524,125,1
1736,804,188,1
1737,407,837,0
1738,334,189,1
1739,451,841,0
1740,412,679,0
1741,434,676,1
1742,856,507,1
1743,935,727,1
1744,665,532,1
1745,719,629,1
1746,197,265,1
1747,945,374,1
1748,773,663,1
1749,703,372,1
1750,210,387,0
1751,324,868,0
1752,669,281,1
1753,117,721,0
1754,828,331,1
1755,37,955,0
1756,353,1,1
1757,769,406,1
1758,316,266,1
1759,554,875,1
1760,889,701,1
1761,648,792,1
1762,988,966,1
1763,259,500,0
1764,497,584,1
1765,885,259,1
1766,680,627,1
1767,684,930,1
1768,709,243,1
1769,76,480,0
1770,358,685,0
1771,360,18,1
1772,765,446,1
1773,272,121,1
1774,477,145,1
1775,375,97,1
1776,594,989,0
1777,708,337,1
1778,841,25,1
1779,936,218,1
1780,326,213,1
1781,719,597,1
1782,725,822,1
1783,167,110,1
1784,160,157,1
1785,142,375,0
1786,95,278,0
1787,392,594,1
1788,589,384,1
1789,293,375,1
1790,399,309,1
1791,209,406,0
1792,143,383,0
1793,133,66,1
1794,263,53,1
1795,396,131,1
1796,362,705,0
1797,800,581,1
1798,204,848,0
1799,594,922,1
1800,561,541,1
1801,352,329,1
1802,211,186,1
1803,232,161,1
1804,885,500,1
1805,611,710,1
1806,28,785,0
1807,157,414,0
1808,606,193,1
1809,713,521,1
1810,426,383,1
1811,281,51,1
1812,367,258,1
1813,403,72,1
1814,593,396,1
1815,136,730,0
1816,622,254,1
1817,726,722,1
1818,318,30,1
1819,925,129,1
1820,81,286,0
1821,942,361,1
1822,762,194,1
1823,726,957,1
1824,825,166,1
1825,131,289,0
1826,575,577,1
1827,318,519,0
1828,826,618,1
1829,798,992,1
1830,536,414,1
1831,158,36,1
1832,417,683,0
1833,604,334,1
1834,501,557,1
1835,882,902,1
1836,996,794,1
1837,329,980,0
1838,684,955,1
1839,681,622,1
1840,557,537,1
1841,878,398,1
1842,713,594,1
1843,701,267,1
1844,871,359,1
1845,508,427,1
1846,302,827,0
1847,399,578,1
1848,158,306,0
1849,110,449,0
1850,43,771,0
1851,572,734,1
1852,19,876,0
1853,922,35,1
1854,455,800,0
1855,834,470,1
1856,438,88,1
1857,136,765,0
1858,84,987,0
1859,538,451,1
1860,329,475,1
1861,425,363,1
1862,542,766,1
1863,663,304,1
1864,819,685,1
1865,384,647,0
1866,116,205,0
1867,646,666,1
1868,650,959,1
1869,340,882,0
1870,877,286,1
1871,972,304,1
1872,903,845,1
1873,220,16,1
1874,972,642,1
1875,178,530,0
1876,462,915,0
1877,57,22,1
1878,844,532,1
1879,852,284,1
1880,858,626,1
1881,111,517,0
1882,684,270,1
1883,389,577,1
1884,661,961,1
1885,147,686,0
1886,172,441,0
1887,619,601,1
1888,589,781,1
1889,534,965,0
1890,422,731,0
1891,177,213,1
1892,352,99,1
1893,32,999,0
1894,53,192,0
1895,496,408,1
1896,105,467,0
1897,997,702,1
1898,960,923,1
1899,660,245,1
1900,159,213,1
1901,899,9,1
1902,927,875,1
1903,637,525,1
1904,500,44,1
1905,737,270,1
1906,277,305,1
1907,970,992,1
1908,44,943,0
1909,738,995,1
1910,788,798,1
1911,287,984,0
1912,554,701,1
1913,903,166,1
1914,723,703,1
1915,344,99,1
1916,621,286,1
1917,480,609,1
1918,51,386,0
1919,243,600,0
1920,896,774,1
1921,643,233,1
1922,197,8,1
1923,370,150,1
1924,445,931,0
1925,515,836,0
1926,509,931,0
1927,462,194,1
1928,857,916,1
1929,682,849,1
1930,954,567,1
1931,108,415,0
1932,587,353,1
1933,70,785,0
1934,51,554,0
1935,107,933,0
1936,485,919,0
1937,807,889,1
1938,290,885,0
1939,172,12,1
1940,49,59,1
1941,391,199,1
1942,245,818,0
1943,880,120,1
1944,492,60,1
1945,552,187,1
1946,807,318,1
1947,613,892,1
1948,213,163,1
1949,233,637,0
1950,723,238,1
1951,337,280,1
1952,614,171,1
1953,145,643,0
1954,833,491,1
1955,645,310,1
1956,994,403,1
1957,314,441,1
1958,214,656,0
1959,794,534,1
1960,501,792,1
1961,950,616,1
1962,184,424,0
1963,327,447,1
1964,951,310,1
1965,509,753,1
1966,463,426,1
1967,776,423,1
1968,192,366,0
1969,61,329,0
1970,437,511,1
1971,960,143,1
1972,189,206,1
1973,576,493,1
1974,470,800,0
1975,536,89,1
1976,329,46,1
1977,857,757,1
1978,416,730,0
1979,845,619,1
1980,564,887,1
1981,830,114,1
1982,284,331,1
1983,837,676,1
1984,719,596,1
1985,191,929,0
1986,11,787,0
1987,969,412,1
1988,422,890,0
1989,437,391,1
1990,265,398,1
1991,189,781,0
1992,228,433,0
1993,595,468,1
1994,196,959,0
1995,819,958,1
1996,441,314,1
1997,808,2,1
1998,157,372,0
1999,763,716,1
2000,103,376,0
