n 2000
c 516560
z 833053
time 0.00
1,291,617,0
2,892,997,1
3,517,627,1
4,537,788,0
5,495,141,1
6,38,459,0
7,127,766,0
8,473,989,0
9,484,918,0
10,664,755,1
11,580,101,1
12,688,404,1
13,976,157,1
14,759,445,1
15,60,798,0
16,905,254,1
17,923,22,1
18,303,473,0
19,472,930,0
20,79,423,0
21,607,902,0
22,348,257,1
23,721,765,1
24,693,272,1
25,94,902,0
26,812,449,1
27,789,67,1
28,133,697,0
29,375,239,1
30,750,32,1
31,970,731,1
32,725,717,1
33,361,421,1
34,548,838,0
35,721,309,1
36,2,434,0
37,614,325,1
38,492,158,1
39,908,213,1
40,393,984,0
41,961,56,1
42,139,19,1
43,655,711,1
44,224,295,1
45,344,208,1
46,72,844,0
47,10,451,0
48,194,91,1
49,570,752,1
50,471,337,1
51,804,632,1
52,672,593,1
53,688,302,1
54,34,653,0
55,73,954,0
56,247,145,1
57,744,370,1
58,897,324,1
59,749,61,1
60,48,827,0
61,917,470,1
62,979,284,1
63,383,969,0
64,35,684,0
65,888,309,1
66,10,285,0
67,814,614,1
68,715,496,1
69,882,533,1
70,715,163,1
71,638,703,1
72,108,15,1
73,926,999,1
74,651,784,1
75,764,241,1
76,407,690,0
77,771,924,1
78,466,212,1
79,365,754,0
80,637,164,1
81,144,727,0
82,915,271,1
83,499,812,0
84,135,323,0
85,574,727,1
86,82,171,0
87,455,297,1
88,276,589,0
89,377,499,1
90,388,428,1
91,47,622,0
92,659,246,1
93,839,814,1
94,738,233,1
95,729,9,1
96,532,430,1
97,158,922,0
98,949,626,1
99,262,325,1
100,842,109,1
101,234,502,0
102,187,521,0
103,192,43,1
104,51,649,0
105,900,282,1
106,872,139,1
107,859,472,1
108,206,100,1
109,963,728,1
110,774,798,1
111,191,972,0
112,587,192,1
113,871,866,1
114,13,138,0
115,203,558,0
116,398,652,0
117,608,936,0
118,186,330,0
119,707,834,1
120,556,494,1
121,211,401,0
122,524,42,1
123,723,349,1
124,668,616,1
125,141,854,0
126,418,96,1
127,394,989,0
128,623,125,1
129,621,956,0
130,830,868,1
131,760,339,1
132,416,922,0
133,525,48,1
134,428,57,1
135,399,530,1
136,661,47,1
137,922,722,1
138,595,324,1
139,332,575,0
140,491,101,1
141,927,852,1
142,330,642,0
143,143,856,0
144,389,328,1
145,813,458,1
146,68,187,0
147,270,631,0
148,244,708,0
149,70,98,1
150,372,83,1
151,126,990,0
152,168,946,0
153,989,803,1
154,113,605,0
155,418,931,0
156,93,945,0
157,7,279,0
158,162,416,0
159,297,163,1
160,70,198,0
161,28,722,0
162,971,996,1
163,315,127,1
164,574,415,1
165,534,66,1
166,70,555,0
167,940,380,1
168,697,993,0
169,591,23,1
170,882,450,1
171,64,852,0
172,351,63,1
173,111,626,0
174,135,55,1
175,732,312,1
176,57,876,0
177,52,351,0
178,15,162,0
179,51,559,0
180,122,253,0
181,224,884,0
182,703,926,1
183,918,877,1
184,838,953,1
185,830,474,1
186,843,14,1
187,986,119,1
188,269,594,0
189,397,913,0
190,948,530,1
191,910,963,1
192,233,236,1
193,179,85,1
194,357,953,0
195,889,354,1
196,579,19,1
197,866,613,1
198,265,983,0
199,440,608,1
200,41,654,0
201,669,888,1
202,543,598,1
203,549,592,1
204,147,728,0
205,691,192,1
206,334,478,0
207,856,321,1
208,929,811,1
209,11,112,0
210,856,990,1
211,178,421,0
212,862,781,1
213,446,368,1
214,906,402,1
215,461,567,1
216,736,836,1
217,584,133,1
218,266,109,1
219,565,322,1
220,420,195,1
221,735,659,1
222,704,942,1
223,705,854,1
224,358,421,1
225,946,381,1
226,581,429,1
227,297,700,0
228,295,798,0
229,898,784,1
230,878,444,1
231,993,230,1
232,588,551,1
233,403,102,1
234,921,767,1
235,69,290,0
236,54,473,0
237,588,974,0
238,438,134,1
239,995,142,1
240,756,862,1
241,106,694,0
242,182,720,0
243,387,122,1
244,665,892,1
245,857,939,1
246,967,336,1
247,225,811,0
248,580,771,1
249,610,757,1
250,991,793,1
251,769,348,1
252,603,836,1
253,437,950,0
254,804,75,1
255,994,396,1
256,598,362,1
257,489,289,1
258,881,957,1
259,324,60,1
260,218,506,0
261,862,508,1
262,123,282,0
263,441,80,1
264,227,436,0
265,898,520,1
266,136,95,1
267,343,139,1
268,240,121,1
269,576,574,1
270,38,8,1
271,267,53,1
272,234,852,0
273,249,121,1
274,842,440,1
275,679,758,1
276,348,867,0
277,919,328,1
278,630,623,1
279,804,602,1
280,964,709,1
281,309,90,1
282,24,643,0
283,584,876,0
284,744,452,1
285,72,273,0
286,185,826,0
287,609,740,1
288,938,306,1
289,160,874,0
290,99,180,0
291,744,491,1
292,292,141,1
293,143,305,0
294,938,211,1
295,311,476,0
296,796,788,1
297,560,271,1
298,348,35,1
299,874,259,1
300,936,561,1
301,369,757,0
302,912,84,1
303,49,671,0
304,683,774,1
305,25,976,0
306,586,925,0
307,908,952,1
308,38,266,0
309,250,453,0
310,757,936,1
311,421,307,1
312,935,451,1
313,375,995,0
314,959,611,1
315,681,27,1
316,709,835,1
317,358,94,1
318,496,674,1
319,511,463,1
320,976,550,1
321,79,279,0
322,298,472,0
323,374,233,1
324,709,367,1
325,652,958,0
326,34,532,0
327,971,163,1
328,648,520,1
329,462,571,1
330,173,646,0
331,80,417,0
332,737,496,1
333,661,774,1
334,147,737,0
335,966,579,1
336,231,844,0
337,720,564,1
338,912,200,1
339,475,105,1
340,63,625,0
341,336,562,0
342,957,523,1
343,484,759,0
344,789,925,1
345,506,793,0
346,26,752,0
347,484,305,1
348,624,963,0
349,561,850,0
350,791,524,1
351,234,589,0
352,330,421,1
353,735,1,1
354,598,137,1
355,919,885,1
356,142,362,0
357,652,452,1
358,443,744,0
359,45,156,0
360,488,647,1
361,445,507,1
362,531,998,0
363,160,142,1
364,192,591,0
365,742,927,1
366,776,504,1
367,864,466,1
368,782,749,1
369,216,628,0
370,234,304,1
371,741,905,1
372,415,823,0
373,227,505,0
374,287,607,0
375,457,917,0
376,942,898,1
377,124,972,0
378,811,403,1
379,369,45,1
380,659,362,1
381,904,760,1
382,272,936,0
383,844,597,1
384,591,512,1
385,271,648,0
386,215,344,0
387,786,200,1
388,181,995,0
389,849,59,1
390,213,45,1
391,149,616,0
392,587,114,1
393,412,624,0
394,479,635,1
395,699,857,1
396,694,230,1
397,603,65,1
398,725,705,1
399,449,579,1
400,729,938,1
401,303,281,1
402,850,270,1
403,593,47,1
404,758,420,1
405,722,503,1
406,585,957,0
407,997,23,1
408,138,83,1
409,615,107,1
410,537,139,1
411,257,832,0
412,525,672,1
413,843,934,1
414,282,142,1
415,388,920,0
416,607,543,1
417,910,148,1
418,174,253,0
419,463,841,0
420,988,861,1
421,442,450,1
422,608,708,1
423,371,702,0
424,320,345,1
425,554,529,1
426,175,814,0
427,415,227,1
428,676,357,1
429,76,219,0
430,627,219,1
431,24,40,0
432,982,579,1
433,695,547,1
434,639,826,1
435,927,220,1
436,180,146,1
437,589,199,1
438,949,53,1
439,54,603,0
440,737,616,1
441,874,103,1
442,844,777,1
443,818,121,1
444,190,247,1
445,658,356,1
446,37,157,0
447,82,126,0
448,266,362,1
449,182,572,0
450,169,536,0
451,805,242,1
452,258,982,0
453,95,370,0
454,740,708,1
455,536,383,1
456,801,243,1
457,825,360,1
458,61,79,1
459,182,708,0
460,944,299,1
461,825,326,1
462,947,455,1
463,245,470,0
464,919,487,1
465,815,169,1
466,849,547,1
467,151,759,0
468,561,295,1
469,229,247,1
470,58,942,0
471,429,633,0
472,268,336,1
473,773,287,1
474,661,749,1
475,710,481,1
476,446,68,1
477,253,236,1
478,97,509,0
479,942,886,1
480,545,392,1
481,54,632,0
482,458,160,1
483,647,184,1
484,991,663,1
485,57,162,0
486,890,974,1
487,915,467,1
488,533,865,0
489,40,506,0
490,128,734,0
491,6,476,0
492,188,728,0
493,955,450,1
494,668,540,1
495,856,136,1
496,531,151,1
497,391,36,1
498,624,922,0
499,489,401,1
500,262,859,0
501,64,184,0
502,360,473,1
503,347,74,1
504,778,148,1
505,72,12,1
506,802,38,1
507,603,392,1
508,501,938,0
509,461,748,0
510,862,992,1
511,88,745,0
512,522,753,0
513,686,569,1
514,543,197,1
515,258,950,0
516,691,23,1
517,710,675,1
518,960,490,1
519,203,826,0
520,277,299,1
521,471,258,1
522,32,242,0
523,929,857,1
524,839,773,1
525,824,510,1
526,134,411,0
527,393,340,1
528,602,187,1
529,312,700,0
530,668,494,1
531,549,58,1
532,961,343,1
533,87,201,0
534,631,326,1
535,887,910,1
536,858,771,1
537,819,94,1
538,261,325,1
539,891,957,1
540,668,567,1
541,776,156,1
542,981,451,1
543,608,854,1
544,255,887,0
545,503,175,1
546,834,137,1
547,671,370,1
548,958,967,1
549,168,613,0
550,440,127,1
551,170,363,0
552,879,456,1
553,775,758,1
554,541,116,1
555,366,270,1
556,865,394,1
557,538,739,1
558,969,292,1
559,913,203,1
560,684,594,1
561,96,32,1
562,893,48,1
563,564,153,1
564,524,419,1
565,963,595,1
566,631,828,1
567,793,212,1
568,934,574,1
569,790,476,1
570,388,450,1
571,837,585,1
572,185,588,0
573,544,549,1
574,908,777,1
575,631,862,1
576,262,792,0
577,655,914,1
578,322,698,0
579,727,684,1
580,808,655,1
581,997,503,1
582,809,166,1
583,455,302,1
584,260,481,0
585,758,710,1
586,767,955,1
587,589,881,0
588,290,23,1
589,527,936,0
590,797,494,1
591,814,476,1
592,689,628,1
593,632,921,0
594,556,872,0
595,780,519,1
596,310,918,0
597,211,902,0
598,137,403,0
599,969,949,1
600,349,557,0
601,898,847,1
602,713,84,1
603,513,523,1
604,734,416,1
605,52,23,1
606,493,808,0
607,715,937,1
608,577,236,1
609,624,657,1
610,599,784,1
611,624,533,1
612,442,238,1
613,935,690,1
614,83,951,0
615,338,389,1
616,69,69,1
617,542,868,0
618,142,696,0
619,654,131,1
620,922,115,1
621,865,750,1
622,282,130,1
623,394,440,1
624,97,883,0
625,65,750,0
626,191,118,1
627,527,259,1
628,863,962,1
629,78,577,0
630,179,213,1
631,463,817,0
632,535,7,1
633,326,887,0
634,187,964,0
635,479,13,1
636,674,900,1
637,948,298,1
638,823,497,1
639,806,70,1
640,759,764,1
641,912,389,1
642,65,476,0
643,980,989,1
644,90,805,0
645,141,718,0
646,862,641,1
647,67,350,0
648,249,349,0
649,685,669,1
650,123,939,0
651,537,164,1
652,49,207,0
653,783,405,1
654,616,736,1
655,844,654,1
656,429,389,1
657,762,568,1
658,112,945,0
659,372,119,1
660,399,124,1
661,846,365,1
662,847,240,1
663,195,743,0
664,277,901,0
665,1,891,0
666,882,441,1
667,784,644,1
668,492,192,1
669,568,669,1
670,522,699,1
671,687,630,1
672,64,784,0
673,713,765,1
674,176,694,0
675,666,316,1
676,666,347,1
677,495,850,0
678,826,989,1
679,747,569,1
680,759,617,1
681,341,92,1
682,396,611,0
683,998,467,1
684,288,754,0
685,49,860,0
686,200,863,0
687,924,920,1
688,516,170,1
689,322,447,1
690,222,705,0
691,418,520,1
692,726,743,1
693,987,337,1
694,995,532,1
695,62,376,0
696,349,438,1
697,557,308,1
698,118,836,0
699,226,747,0
700,518,627,1
701,64,504,0
702,774,455,1
703,518,488,1
704,692,695,1
705,538,290,1
706,69,478,0
707,42,881,0
708,321,882,0
709,213,335,0
710,15,266,0
711,600,375,1
712,377,560,0
713,93,519,0
714,299,825,0
715,598,537,1
716,805,13,1
717,719,12,1
718,896,416,1
719,250,963,0
720,205,524,0
721,75,122,0
722,745,560,1
723,347,465,1
724,853,256,1
725,179,199,1
726,985,338,1
727,486,819,0
728,664,27,1
729,681,537,1
730,575,221,1
731,831,512,1
732,840,886,1
733,964,724,1
734,147,957,0
735,115,693,0
736,75,507,0
737,299,108,1
738,334,771,0
739,860,444,1
740,678,831,1
741,375,284,1
742,614,217,1
743,628,184,1
744,590,59,1
745,341,767,0
746,311,716,0
747,568,341,1
748,994,592,1
749,986,269,1
750,130,122,1
751,30,522,0
752,810,744,1
753,260,178,1
754,809,835,1
755,775,984,1
756,674,338,1
757,351,796,0
758,456,762,0
759,53,353,0
760,327,884,0
761,845,236,1
762,654,595,1
763,581,556,1
764,840,768,1
765,884,713,1
766,497,948,0
767,606,237,1
768,598,137,1
769,468,946,0
770,173,822,0
771,376,135,1
772,220,29,1
773,70,578,0
774,237,810,0
775,638,723,1
776,815,474,1
777,317,723,0
778,648,125,1
779,171,808,0
780,870,562,1
781,48,94,0
782,781,510,1
783,824,147,1
784,226,473,0
785,998,215,1
786,646,469,1
787,172,325,0
788,519,59,1
789,224,955,0
790,944,316,1
791,234,826,0
792,361,489,1
793,241,938,0
794,113,439,0
795,126,926,0
796,351,106,1
797,393,735,0
798,209,333,0
799,887,735,1
800,763,155,1
801,37,29,1
802,993,846,1
803,486,320,1
804,984,626,1
805,688,217,1
806,654,364,1
807,541,298,1
808,226,196,1
809,534,956,0
810,118,260,0
811,641,114,1
812,921,948,1
813,899,296,1
814,49,684,0
815,216,223,1
816,317,413,1
817,943,504,1
818,409,540,1
819,347,178,1
820,954,140,1
821,820,458,1
822,186,623,0
823,141,422,0
824,590,473,1
825,982,302,1
826,90,417,0
827,633,135,1
828,310,956,0
829,361,909,0
830,921,231,1
831,863,77,1
832,444,313,1
833,447,660,0
834,386,660,0
835,607,463,1
836,483,862,0
837,303,992,0
838,192,128,1
839,803,426,1
840,96,538,0
841,86,882,0
842,1,200,0
843,713,698,1
844,571,550,1
845,609,394,1
846,174,531,0
847,343,133,1
848,155,445,0
849,840,38,1
850,544,241,1
851,5,621,0
852,157,756,0
853,837,297,1
854,500,220,1
855,782,59,1
856,134,196,0
857,802,789,1
858,487,160,1
859,318,286,1
860,379,925,0
861,6,860,0
862,411,876,0
863,316,36,1
864,816,403,1
865,72,904,0
866,200,55,1
867,281,302,1
868,581,563,1
869,434,72,1
870,579,582,1
871,911,397,1
872,746,219,1
873,575,380,1
874,673,146,1
875,91,25,1
876,724,903,1
877,292,493,0
878,772,732,1
879,739,918,1
880,229,760,0
881,2,952,0
882,381,883,0
883,584,990,0
884,247,149,1
885,34,354,0
886,975,602,1
887,341,396,1
888,169,51,1
889,495,738,0
890,650,93,1
891,829,341,1
892,840,6,1
893,655,571,1
894,677,489,1
895,624,638,1
896,79,320,0
897,626,585,1
898,43,665,0
899,350,746,0
900,175,670,0
901,897,441,1
902,991,189,1
903,946,675,1
904,462,488,1
905,879,899,1
906,367,634,0
907,808,422,1
908,236,40,1
909,323,769,0
910,491,735,0
911,750,562,1
912,209,615,0
913,220,751,0
914,678,339,1
915,998,246,1
916,128,308,0
917,667,650,1
918,324,146,1
919,202,47,1
920,951,326,1
921,788,979,1
922,282,631,0
923,598,417,1
924,36,319,0
925,668,395,1
926,353,601,0
927,562,947,0
928,737,41,1
929,228,254,1
930,531,159,1
931,213,830,0
932,656,570,1
933,452,770,0
934,604,118,1
935,338,276,1
936,926,561,1
937,200,303,0
938,673,15,1
939,862,722,1
940,636,920,0
941,662,462,1
942,116,939,0
943,143,416,0
944,281,530,0
945,941,315,1
946,445,929,0
947,406,309,1
948,353,115,1
949,168,212,1
950,594,924,0
951,109,765,0
952,696,277,1
953,544,25,1
954,55,647,0
955,754,125,1
956,679,119,1
957,733,140,1
958,966,210,1
959,434,307,1
960,270,565,0
961,221,664,0
962,969,236,1
963,934,24,1
964,711,853,1
965,123,572,0
966,170,632,0
967,856,55,1
968,601,141,1
969,121,983,0
970,961,498,1
971,998,221,1
972,530,312,1
973,901,594,1
974,989,849,1
975,990,425,1
976,491,624,1
977,247,539,0
978,905,36,1
979,312,658,0
980,432,498,1
981,49,958,0
982,145,263,0
983,719,486,1
984,429,463,1
985,581,812,1
986,186,437,0
987,591,151,1
988,881,367,1
989,554,661,1
990,524,812,0
991,760,605,1
992,646,69,1
993,71,503,0
994,715,102,1
995,793,769,1
996,966,112,1
997,22,246,0
998,745,228,1
999,189,909,0
1000,687,277,1
1001,418,348,1
1002,222,803,0
1003,337,198,1
1004,96,104,1
1005,281,144,1
1006,760,80,1
1007,571,964,0
1008,145,234,0
1009,498,168,1
1010,898,469,1
1011,628,846,1
1012,230,97,1
1013,646,513,1
1014,297,220,1
1015,175,977,0
1016,92,757,0
1017,283,411,0
1018,33,712,0
1019,663,64,1
1020,338,614,0
1021,324,15,1
1022,364,801,0
1023,228,98,1
1024,633,969,0
1025,410,802,0
1026,43,878,0
1027,286,616,0
1028,956,826,1
1029,198,521,0
1030,146,202,1
1031,456,181,1
1032,688,649,1
1033,539,53,1
1034,960,25,1
1035,510,998,0
1036,957,7,1
1037,688,526,1
1038,868,689,1
1039,22,946,0
1040,34,71,0
1041,188,721,0
1042,616,492,1
1043,891,513,1
1044,748,839,1
1045,312,444,1
1046,18,778,0
1047,540,118,1
1048,463,390,1
1049,888,950,1
1050,150,337,0
1051,721,967,1
1052,723,693,1
1053,345,226,1
1054,36,14,1
1055,854,385,1
1056,264,952,0
1057,404,386,1
1058,87,851,0
1059,373,934,0
1060,186,388,0
1061,873,157,1
1062,92,609,0
1063,265,744,0
1064,133,304,0
1065,756,611,1
1066,399,468,1
1067,877,21,1
1068,497,342,1
1069,612,645,1
1070,817,4,1
1071,360,483,1
1072,62,832,0
1073,774,280,1
1074,828,880,1
1075,795,130,1
1076,337,189,1
1077,981,192,1
1078,452,794,0
1079,552,967,0
1080,901,899,1
1081,45,207,0
1082,943,847,1
1083,93,941,0
1084,746,132,1
1085,219,21,1
1086,446,262,1
1087,759,707,1
1088,786,459,1
1089,630,214,1
1090,769,814,1
1091,599,171,1
1092,150,462,0
1093,881,673,1
1094,134,10,1
1095,160,878,0
1096,20,475,0
1097,62,502,0
1098,363,982,0
1099,430,442,1
1100,28,972,0
1101,315,205,1
1102,839,480,1
1103,7,814,0
1104,838,661,1
1105,352,106,1
1106,548,666,1
1107,645,842,1
1108,69,602,0
1109,431,725,0
1110,135,964,0
1111,578,618,1
1112,974,940,1
1113,219,588,0
1114,310,772,0
1115,691,465,1
1116,137,666,0
1117,993,961,1
1118,616,695,1
1119,909,912,1
1120,598,298,1
1121,617,8,1
1122,568,847,0
1123,458,382,1
1124,641,127,1
1125,372,230,1
1126,498,308,1
1127,333,230,1
1128,127,193,0
1129,31,309,0
1130,660,965,0
1131,537,918,0
1132,166,802,0
1133,207,933,0
1134,638,654,1
1135,997,500,1
1136,584,693,1
1137,955,554,1
1138,978,609,1
1139,954,681,1
1140,368,135,1
1141,781,402,1
1142,644,351,1
1143,435,743,0
1144,34,56,0
1145,712,957,1
1146,474,509,1
1147,507,684,1
1148,823,480,1
1149,875,109,1
1150,596,858,0
1151,18,871,0
1152,974,356,1
1153,891,245,1
1154,381,365,1
1155,456,80,1
1156,60,880,0
1157,76,772,0
1158,663,208,1
1159,64,465,0
1160,460,116,1
1161,417,953,0
1162,971,585,1
1163,78,425,0
1164,471,704,0
1165,303,13,1
1166,286,174,1
1167,377,765,0
1168,205,697,0
1169,110,454,0
1170,405,638,0
1171,473,286,1
1172,850,780,1
1173,575,752,1
1174,41,476,0
1175,929,576,1
1176,537,784,0
1177,254,795,0
1178,443,589,1
1179,557,710,1
1180,28,542,0
1181,209,338,0
1182,345,886,0
1183,53,161,0
1184,633,522,1
1185,294,192,1
1186,414,489,1
1187,888,880,1
1188,597,432,1
1189,536,82,1
1190,326,46,1
1191,849,399,1
1192,149,369,0
1193,131,297,0
1194,166,556,0
1195,901,954,1
1196,760,726,1
1197,11,895,0
1198,736,687,1
1199,419,328,1
1200,966,681,1
1201,609,255,1
1202,612,681,1
1203,674,594,1
1204,243,8,1
1205,53,214,0
1206,944,315,1
1207,853,322,1
1208,164,75,1
1209,604,438,1
1210,673,18,1
1211,554,599,1
1212,632,371,1
1213,363,120,1
1214,223,380,0
1215,70,117,0
1216,471,683,0
1217,313,311,1
1218,460,914,0
1219,74,823,0
1220,262,1000,0
1221,489,865,0
1222,29,310,0
1223,17,935,0
1224,73,19,1
1225,845,262,1
1226,431,524,1
1227,191,121,1
1228,511,547,1
1229,67,841,0
1230,890,178,1
1231,667,166,1
1232,138,524,0
1233,836,532,1
1234,313,985,0
1235,493,380,1
1236,939,820,1
1237,111,38,1
1238,200,619,0
1239,1000,328,1
1240,833,339,1
1241,146,230,0
1242,292,365,1
1243,264,350,1
1244,147,256,0
1245,473,654,1
1246,702,836,1
1247,493,932,0
1248,721,176,1
1249,460,354,1
1250,432,49,1
1251,966,253,1
1252,702,576,1
1253,629,568,1
1254,485,943,0
1255,86,506,0
1256,224,215,1
1257,23,664,0
1258,941,433,1
1259,450,576,1
1260,6,271,0
1261,904,507,1
1262,294,494,0
1263,617,758,1
1264,800,299,1
1265,527,302,1
1266,27,479,0
1267,986,125,1
1268,147,816,0
1269,750,141,1
1270,721,389,1
1271,272,608,0
1272,298,333,1
1273,784,122,1
1274,701,285,1
1275,361,595,0
1276,957,381,1
1277,267,189,1
1278,270,229,1
1279,770,590,1
1280,557,553,1
1281,839,418,1
1282,752,174,1
1283,260,553,0
1284,589,688,1
1285,165,880,0
1286,975,801,1
1287,98,943,0
1288,162,896,0
1289,937,39,1
1290,216,980,0
1291,344,949,0
1292,908,540,1
1293,408,431,1
1294,731,564,1
1295,885,193,1
1296,18,430,0
1297,458,116,1
1298,43,450,0
1299,361,437,1
1300,321,123,1
1301,856,950,1
1302,99,720,0
1303,935,539,1
1304,630,796,1
1305,710,650,1
1306,618,75,1
1307,12,16,0
1308,950,625,1
1309,282,324,1
1310,136,680,0
1311,941,435,1
1312,325,557,0
1313,938,799,1
1314,606,344,1
1315,477,260,1
1316,323,847,0
1317,762,193,1
1318,10,430,0
1319,260,799,0
1320,960,220,1
1321,763,954,1
1322,328,797,0
1323,448,32,1
1324,929,312,1
1325,413,426,1
1326,681,580,1
1327,175,479,0
1328,112,892,0
1329,437,87,1
1330,767,603,1
1331,699,627,1
1332,975,590,1
1333,775,727,1
1334,854,45,1
1335,900,920,1
1336,285,342,1
1337,12,176,0
1338,101,78,1
1339,497,723,0
1340,751,276,1
1341,748,453,1
1342,786,620,1
1343,303,282,1
1344,967,13,1
1345,782,873,1
1346,25,968,0
1347,247,918,0
1348,353,189,1
1349,858,218,1
1350,445,580,1
1351,44,634,0
1352,368,220,1
1353,294,233,1
1354,77,547,0
1355,378,499,1
1356,941,451,1
1357,277,199,1
1358,152,149,1
1359,752,175,1
1360,304,789,0
1361,817,863,1
1362,513,154,1
1363,806,776,1
1364,452,888,0
1365,25,528,0
1366,875,804,1
1367,391,488,1
1368,823,379,1
1369,435,218,1
1370,820,359,1
1371,32,388,0
1372,527,840,0
1373,451,645,0
1374,982,819,1
1375,502,515,1
1376,245,89,1
1377,545,479,1
1378,201,350,0
1379,572,422,1
1380,237,691,0
1381,847,572,1
1382,618,275,1
1383,10,215,0
1384,292,528,0
1385,688,165,1
1386,671,119,1
1387,958,363,1
1388,704,630,1
1389,610,860,0
1390,664,712,1
1391,47,474,0
1392,635,787,1
1393,252,828,0
1394,783,7,1
1395,876,723,1
1396,208,586,0
1397,584,67,1
1398,600,324,1
1399,872,43,1
1400,92,837,0
1401,346,280,1
1402,905,990,1
1403,505,804,0
1404,525,331,1
1405,30,159,0
1406,435,722,0
1407,844,319,1
1408,526,896,0
1409,125,626,0
1410,990,737,1
1411,226,701,0
1412,849,337,1
1413,568,271,1
1414,96,156,0
1415,374,279,1
1416,242,903,0
1417,123,14,1
1418,23,953,0
1419,524,771,0
1420,562,441,1
1421,971,530,1
1422,738,109,1
1423,659,416,1
1424,266,156,1
1425,856,253,1
1426,67,377,0
1427,404,310,1
1428,3,964,0
1429,835,485,1
1430,823,854,1
1431,368,600,0
1432,124,138,1
1433,432,307,1
1434,99,547,0
1435,476,891,0
1436,283,909,0
1437,69,905,0
1438,921,772,1
1439,392,302,1
1440,474,931,0
1441,393,753,0
1442,273,282,1
1443,843,418,1
1444,667,215,1
1445,253,786,0
1446,231,255,1
1447,417,906,0
1448,172,377,0
1449,718,812,1
1450,363,112,1
1451,677,633,1
1452,292,419,0
1453,64,216,0
1454,924,115,1
1455,326,792,0
1456,619,384,1
1457,668,674,1
1458,708,848,1
1459,21,246,0
1460,413,725,0
1461,82,457,0
1462,454,970,0
1463,29,288,0
1464,199,922,0
1465,439,331,1
1466,314,517,0
1467,34,673,0
1468,576,351,1
1469,464,75,1
1470,304,159,1
1471,450,848,0
1472,833,257,1
1473,477,149,1
1474,112,320,0
1475,958,350,1
1476,341,396,1
1477,550,422,1
1478,976,683,1
1479,817,455,1
1480,105,960,0
1481,249,470,0
1482,13,677,0
1483,591,998,0
1484,324,389,1
1485,377,295,1
1486,712,299,1
1487,911,779,1
1488,272,105,1
1489,688,461,1
1490,578,470,1
1491,649,774,1
1492,847,934,1
1493,861,21,1
1494,207,839,0
1495,577,674,1
1496,454,438,1
1497,686,864,1
1498,23,324,0
1499,377,869,0
1500,396,505,1
1501,95,791,0
1502,248,963,0
1503,658,324,1
1504,123,715,0
1505,897,150,1
1506,997,508,1
1507,451,505,1
1508,622,321,1
1509,700,138,1
1510,129,769,0
1511,888,470,1
1512,553,602,1
1513,12,325,0
1514,116,103,1
1515,60,809,0
1516,772,15,1
1517,791,567,1
1518,620,972,0
1519,382,832,0
1520,456,116,1
1521,820,772,1
1522,13,928,0
1523,448,820,0
1524,879,143,1
1525,333,210,1
1526,73,398,0
1527,690,191,1
1528,287,678,0
1529,93,201,0
1530,392,618,0
1531,499,695,1
1532,840,235,1
1533,371,547,0
1534,529,442,1
1535,128,555,0
1536,9,929,0
1537,669,27,1
1538,822,574,1
1539,418,266,1
1540,398,797,0
1541,917,455,1
1542,868,977,1
1543,140,33,1
1544,916,191,1
1545,655,960,0
1546,640,328,1
1547,275,691,0
1548,123,856,0
1549,40,207,0
1550,506,927,0
1551,92,328,0
1552,883,492,1
1553,432,599,1
1554,365,881,0
1555,440,16,1
1556,447,967,0
1557,528,471,1
1558,884,735,1
1559,626,879,1
1560,628,409,1
1561,708,807,1
1562,687,61,1
1563,887,225,1
1564,146,460,0
1565,962,39,1
1566,979,985,1
1567,68,204,0
1568,169,42,1
1569,321,365,1
1570,365,573,0
1571,548,154,1
1572,341,561,0
1573,210,509,0
1574,871,218,1
1575,231,542,0
1576,779,824,1
1577,866,224,1
1578,529,5,1
1579,43,348,0
1580,89,505,0
1581,854,704,1
1582,257,860,0
1583,927,339,1
1584,73,479,0
1585,828,959,1
1586,170,599,0
1587,402,444,1
1588,5,631,0
1589,104,709,0
1590,673,257,1
1591,432,689,0
1592,924,136,1
1593,316,89,1
1594,42,797,0
1595,29,65,0
1596,819,813,1
1597,694,196,1
1598,159,587,0
1599,911,368,1
1600,733,607,1
1601,413,771,0
1602,385,282,1
1603,407,681,0
1604,283,749,0
1605,532,19,1
1606,972,837,1
1607,168,302,0
1608,428,437,1
1609,438,581,1
1610,935,849,1
1611,398,115,1
1612,182,466,0
1613,295,577,0
1614,681,578,1
1615,600,152,1
1616,242,430,0
1617,577,292,1
1618,61,475,0
1619,199,470,0
1620,899,14,1
1621,820,180,1
1622,54,436,0
1623,92,166,0
1624,991,195,1
1625,787,848,1
1626,283,771,0
1627,349,895,0
1628,548,261,1
1629,934,658,1
1630,828,270,1
1631,535,839,0
1632,436,31,1
1633,82,78,1
1634,866,165,1
1635,701,638,1
1636,225,280,1
1637,418,874,0
1638,810,562,1
1639,375,368,1
1640,977,550,1
1641,369,358,1
1642,546,282,1
1643,580,481,1
1644,386,114,1
1645,21,195,0
1646,138,306,0
1647,144,816,0
1648,918,232,1
1649,157,590,0
1650,220,140,1
1651,901,670,1
1652,992,133,1
1653,819,763,1
1654,709,506,1
1655,862,758,1
1656,13,945,0
1657,515,987,0
1658,521,663,1
1659,479,324,1
1660,36,237,0
1661,361,744,0
1662,553,83,1
1663,38,224,0
1664,878,52,1
1665,495,582,1
1666,760,941,1
1667,733,538,1
1668,293,915,0
1669,372,978,0
1670,9,960,0
1671,373,661,0
1672,816,666,1
1673,461,220,1
1674,235,304,1
1675,931,869,1
1676,149,106,1
1677,391,670,0
1678,85,420,0
1679,318,595,0
1680,654,302,1
1681,874,620,1
1682,769,499,1
1683,950,493,1
1684,564,252,1
1685,879,739,1
1686,588,785,1
1687,998,24,1
1688,918,339,1
1689,939,788,1
1690,556,89,1
1691,371,192,1
1692,803,492,1
1693,593,167,1
1694,304,705,0
1695,483,628,1
1696,395,59,1
1697,51,658,0
1698,939,139,1
1699,782,260,1
1700,929,405,1
1701,866,954,1
1702,601,456,1
1703,960,692,1
1704,747,9,1
1705,649,830,1
1706,320,972,0
1707,4,689,0
1708,48,457,0
1709,661,497,1
1710,992,519,1
1711,522,224,1
1712,56,248,0
1713,863,878,1
1714,987,672,1
1715,97,947,0
1716,824,242,1
1717,215,771,0
1718,629,89,1
1719,453,885,0
1720,667,697,1
1721,802,736,1
1722,596,656,1
1723,506,307,1
1724,601,940,0
1725,422,711,0
1726,416,913,0
1727,734,354,1
1728,603,935,0
1729,128,995,0
1730,820,22,1
1731,394,781,0
1732,556,375,1
1733,68,819,0
1734,787,17,1
1735,185,446,0
1736,73,229,0
1737,308,614,0
1738,339,790,0
1739,872,178,1
1740,785,776,1
1741,919,869,1
1742,13,988,0
1743,140,600,0
1744,734,741,1
1745,292,286,1
1746,986,906,1
1747,446,199,1
1748,218,576,0
1749,908,213,1
1750,431,940,0
1751,889,893,1
1752,690,690,1
1753,210,330,0
1754,129,340,0
1755,362,628,0
1756,630,738,1
1757,910,823,1
1758,937,715,1
1759,87,412,0
1760,390,662,0
1761,805,569,1
1762,489,783,0
1763,632,589,1
1764,702,1,1
1765,554,620,1
1766,773,756,1
1767,297,987,0
1768,146,364,0
1769,177,889,0
1770,131,14,1
1771,165,43,1
1772,738,575,1
1773,397,602,0
1774,778,2,1
1775,572,506,1
1776,503,950,0
1777,193,666,0
1778,590,938,0
1779,813,387,1
1780,419,46,1
1781,884,22,1
1782,794,495,1
1783,204,711,0
1784,709,238,1
1785,299,80,1
1786,468,367,1
1787,157,715,0
1788,722,369,1
1789,106,472,0
1790,900,230,1
1791,926,279,1
1792,340,928,0
1793,266,755,0
1794,156,238,0
1795,897,236,1
1796,199,362,0
1797,565,470,1
1798,417,625,0
1799,535,867,0
1800,990,838,1
1801,477,106,1
1802,136,811,0
1803,565,418,1
1804,890,677,1
1805,232,623,0
1806,833,802,1
1807,402,831,0
1808,99,938,0
1809,22,266,0
1810,55,80,0
1811,646,740,1
1812,924,99,1
1813,168,785,0
1814,222,941,0
1815,309,859,0
1816,995,135,1
1817,579,787,1
1818,555,759,1
1819,898,202,1
1820,254,375,0
1821,75,562,0
1822,543,467,1
1823,587,350,1
1824,790,623,1
1825,576,778,1
1826,452,194,1
1827,243,336,1
1828,775,355,1
1829,947,361,1
1830,885,951,1
1831,611,93,1
1832,78,140,0
1833,369,799,0
1834,602,854,0
1835,607,679,1
1836,89,243,0
1837,6,261,0
1838,257,580,0
1839,310,823,0
1840,266,866,0
1841,187,119,1
1842,958,163,1
1843,914,164,1
1844,508,920,0
1845,985,508,1
1846,339,188,1
1847,884,315,1
1848,11,707,0
1849,379,426,1
1850,576,452,1
1851,537,359,1
1852,984,781,1
1853,727,316,1
1854,468,617,1
1855,79,871,0
1856,187,905,0
1857,789,406,1
1858,705,324,1
1859,783,188,1
1860,966,460,1
1861,422,892,0
1862,475,959,0
1863,268,881,0
1864,960,934,1
1865,141,56,1
1866,57,894,0
1867,643,995,0
1868,511,112,1
1869,337,667,0
1870,738,631,1
1871,9,17,0
1872,644,678,1
1873,673,977,0
1874,441,395,1
1875,143,539,0
1876,243,996,0
1877,238,871,0
1878,161,789,0
1879,281,837,0
1880,207,563,0
1881,308,542,0
1882,289,559,0
1883,202,986,0
1884,850,306,1
1885,920,167,1
1886,329,306,1
1887,176,858,0
1888,618,174,1
1889,203,166,1
1890,715,948,1
1891,830,998,1
1892,349,532,0
1893,869,336,1
1894,746,777,1
1895,701,41,1
1896,686,380,1
1897,890,895,1
1898,101,828,0
1899,585,494,1
1900,92,302,0
1901,480,930,0
1902,500,12,1
1903,682,134,1
1904,329,717,0
1905,38,199,0
1906,42,130,0
1907,487,937,0
1908,481,24,1
1909,439,684,0
1910,689,167,1
1911,100,337,0
1912,479,430,1
1913,628,607,1
1914,168,712,0
1915,581,324,1
1916,34,847,0
1917,277,962,0
1918,816,467,1
1919,968,457,1
1920,941,79,1
1921,808,162,1
1922,202,897,0
1923,415,623,0
1924,330,396,1
1925,360,949,0
1926,218,132,1
1927,875,195,1
1928,254,13,1
1929,591,250,1
1930,647,208,1
1931,985,696,1
1932,816,226,1
1933,851,970,1
1934,16,219,0
1935,152,774,0
1936,642,240,1
1937,276,274,1
1938,943,598,1
1939,585,877,0
1940,454,948,0
1941,308,472,0
1942,114,3,1
1943,325,441,1
1944,785,837,1
1945,493,348,1
1946,852,207,1
1947,922,653,1
1948,530,924,0
1949,406,326,1
1950,464,663,0
1951,422,137,1
1952,243,492,0
1953,142,580,0
1954,814,364,1
1955,666,31,1
1956,687,812,1
1957,863,26,1
1958,275,185,1
1959,479,695,0
1960,394,185,1
1961,899,233,1
1962,125,777,0
1963,252,912,0
1964,380,967,0
1965,458,882,0
1966,404,19,1
1967,389,784,0
1968,453,615,1
1969,282,714,0
1970,34,800,0
1971,861,536,1
1972,970,447,1
1973,581,766,1
1974,771,345,1
1975,725,970,1
1976,438,367,1
1977,494,878,0
1978,813,411,1
1979,946,324,1
1980,33,40,1
1981,787,451,1
1982,977,244,1
1983,458,237,1
1984,92,157,0
1985,28,562,0
1986,48,884,0
1987,742,453,1
1988,699,891,1
1989,914,464,1
1990,446,455,1
1991,722,22,1
1992,361,530,0
1993,344,597,0
1994,369,696,0
1995,608,151,1
1996,894,259,1
1997,245,899,0
1998,914,605,1
1999,848,189,1
2000,780,545,1
