n 2000
c 443510
z 754178
time 0.00
1,28,475,0
2,296,844,0
3,782,134,1
4,934,283,1
5,439,248,1
6,755,321,1
7,727,401,1
8,205,707,0
9,636,921,0
10,188,674,0
11,597,407,1
12,981,371,1
13,697,544,1
14,156,436,0
15,965,688,1
16,950,20,1
17,788,769,1
18,388,872,0
19,280,517,0
20,499,454,1
21,455,833,0
22,225,735,0
23,850,352,1
24,242,518,0
25,663,360,1
26,632,840,0
27,414,326,1
28,881,615,1
29,296,537,0
30,538,943,0
31,395,989,0
32,18,467,0
33,202,71,1
34,241,549,0
35,593,200,1
36,431,473,1
37,183,96,1
38,49,132,0
39,972,72,1
40,5,774,0
41,234,707,0
42,399,521,0
43,303,50,1
44,229,885,0
45,184,987,0
46,269,50,1
47,474,469,1
48,182,281,0
49,546,451,1
50,251,728,0
51,453,458,1
52,700,608,1
53,857,897,1
54,319,964,0
55,522,268,1
56,668,255,1
57,944,693,1
58,70,418,0
59,774,512,1
60,373,306,1
61,30,584,0
62,496,706,0
63,191,147,1
64,615,938,0
65,664,207,1
66,55,388,0
67,519,56,1
68,151,710,0
69,970,896,1
70,95,73,1
71,799,513,1
72,833,93,1
73,887,858,1
74,735,255,1
75,364,675,0
76,172,936,0
77,756,918,0
78,719,371,1
79,686,844,0
80,1,34,0
81,561,33,1
82,56,709,0
83,131,182,0
84,444,329,1
85,479,753,0
86,910,833,1
87,560,491,1
88,401,324,1
89,674,430,1
90,112,123,1
91,168,744,0
92,351,324,1
93,439,800,0
94,902,527,1
95,674,460,1
96,832,213,1
97,311,189,1
98,226,968,0
99,422,968,0
100,158,388,0
101,98,33,1
102,647,792,0
103,48,998,0
104,527,880,0
105,581,189,1
106,301,194,1
107,100,811,0
108,882,314,1
109,332,82,1
110,282,861,0
111,839,510,1
112,376,151,1
113,431,333,1
114,225,825,0
115,892,785,1
116,27,90,0
117,905,691,1
118,199,937,0
119,188,405,0
120,745,380,1
121,763,843,1
122,256,640,0
123,476,895,0
124,209,734,0
125,621,153,1
126,214,366,0
127,874,967,1
128,868,547,1
129,381,134,1
130,442,971,0
131,808,69,1
132,733,873,1
133,78,674,0
134,904,416,1
135,407,340,1
136,881,534,1
137,114,853,0
138,671,514,1
139,861,777,1
140,799,116,1
141,136,271,0
142,478,776,0
143,359,947,0
144,617,343,1
145,950,181,1
146,760,874,1
147,367,386,1
148,657,507,1
149,838,404,1
150,360,410,1
151,86,425,0
152,308,928,0
153,541,413,1
154,565,468,1
155,882,629,1
156,650,944,0
157,503,122,1
158,343,807,0
159,9,885,0
160,979,997,1
161,532,725,0
162,191,698,0
163,84,666,0
164,315,901,0
165,638,69,1
166,771,330,1
167,765,574,1
168,62,431,0
169,904,833,1
170,991,561,1
171,600,974,0
172,116,637,0
173,184,428,0
174,252,941,0
175,581,786,0
176,710,770,1
177,517,322,1
178,292,41,1
179,484,874,0
180,206,179,1
181,729,391,1
182,259,468,0
183,847,8,1
184,403,744,0
185,711,420,1
186,687,613,1
187,731,970,0
188,642,361,1
189,789,619,1
190,625,521,1
191,846,846,1
192,965,530,1
193,763,544,1
194,682,768,1
195,18,957,0
196,711,569,1
197,98,271,0
198,78,157,0
199,656,178,1
200,654,37,1
201,470,466,1
202,555,348,1
203,774,138,1
204,760,142,1
205,628,258,1
206,930,364,1
207,521,92,1
208,901,913,1
209,284,163,1
210,461,157,1
211,155,688,0
212,931,35,1
213,783,250,1
214,127,488,0
215,933,161,1
216,724,915,0
217,465,40,1
218,135,971,0
219,349,245,1
220,449,370,1
221,999,933,1
222,756,108,1
223,153,865,0
224,514,659,0
225,498,647,0
226,25,539,0
227,474,511,1
228,35,253,0
229,490,379,1
230,18,602,0
231,738,689,1
232,609,110,1
233,172,520,0
234,789,110,1
235,381,565,0
236,362,287,1
237,252,801,0
238,618,133,1
239,483,200,1
240,968,652,1
241,339,609,0
242,611,359,1
243,692,445,1
244,806,867,1
245,953,494,1
246,100,422,0
247,146,333,0
248,873,737,1
249,395,352,1
250,67,560,0
251,194,238,0
252,759,106,1
253,590,992,0
254,824,681,1
255,946,111,1
256,627,24,1
257,393,84,1
258,278,516,0
259,340,703,0
260,734,16,1
261,999,671,1
262,784,313,1
263,705,754,1
264,815,698,1
265,578,131,1
266,596,917,0
267,807,838,1
268,308,63,1
269,49,568,0
270,147,95,1
271,707,119,1
272,222,723,0
273,26,171,0
274,582,934,0
275,375,249,1
276,17,738,0
277,536,786,0
278,722,942,0
279,869,804,1
280,968,932,1
281,893,612,1
282,509,10,1
283,441,551,0
284,541,202,1
285,224,964,0
286,830,824,1
287,946,287,1
288,374,904,0
289,353,340,1
290,856,714,1
291,848,478,1
292,649,819,0
293,367,20,1
294,935,953,1
295,999,510,1
296,872,874,1
297,560,58,1
298,216,106,1
299,923,581,1
300,285,639,0
301,705,944,0
302,533,450,1
303,746,545,1
304,247,269,1
305,249,35,1
306,527,507,1
307,340,787,0
308,170,345,0
309,274,463,0
310,305,495,0
311,358,989,0
312,939,714,1
313,592,790,0
314,251,385,0
315,250,277,1
316,641,906,0
317,367,808,0
318,484,409,1
319,463,226,1
320,501,276,1
321,400,226,1
322,639,830,0
323,919,963,1
324,218,342,0
325,164,561,0
326,510,427,1
327,547,165,1
328,485,846,0
329,303,501,0
330,105,20,1
331,457,659,0
332,749,591,1
333,134,736,0
334,752,792,1
335,638,789,0
336,491,67,1
337,673,46,1
338,228,246,1
339,564,468,1
340,963,711,1
341,193,5,1
342,18,162,0
343,53,305,0
344,665,484,1
345,122,12,1
346,543,94,1
347,941,843,1
348,877,537,1
349,26,701,0
350,612,27,1
351,683,504,1
352,63,500,0
353,167,660,0
354,971,136,1
355,656,592,1
356,66,16,1
357,957,927,1
358,223,239,1
359,533,606,1
360,412,518,0
361,757,181,1
362,560,612,1
363,329,48,1
364,764,454,1
365,191,217,1
366,372,871,0
367,113,972,0
368,827,604,1
369,904,791,1
370,207,686,0
371,334,339,1
372,515,205,1
373,116,83,1
374,11,590,0
375,154,408,0
376,386,425,1
377,549,222,1
378,168,641,0
379,26,207,0
380,48,728,0
381,817,594,1
382,421,631,0
383,612,856,0
384,148,143,1
385,703,619,1
386,588,175,1
387,570,3,1
388,682,82,1
389,810,389,1
390,745,836,1
391,782,754,1
392,983,129,1
393,940,274,1
394,771,714,1
395,787,620,1
396,179,541,0
397,436,91,1
398,265,815,0
399,938,366,1
400,261,185,1
401,408,628,0
402,46,709,0
403,465,457,1
404,562,875,0
405,379,98,1
406,630,676,1
407,405,177,1
408,783,18,1
409,543,510,1
410,14,306,0
411,617,578,1
412,257,815,0
413,644,40,1
414,23,492,0
415,300,267,1
416,396,310,1
417,431,398,1
418,682,76,1
419,255,692,0
420,824,739,1
421,579,325,1
422,316,794,0
423,940,641,1
424,277,695,0
425,507,668,0
426,684,461,1
427,216,782,0
428,992,19,1
429,621,62,1
430,600,481,1
431,296,874,0
432,675,889,0
433,272,477,0
434,27,536,0
435,487,222,1
436,264,880,0
437,230,865,0
438,121,27,1
439,438,485,1
440,390,814,0
441,938,881,1
442,977,960,1
443,579,683,0
444,458,197,1
445,179,463,0
446,698,315,1
447,258,560,0
448,135,528,0
449,727,494,1
450,174,182,1
451,670,628,1
452,438,29,1
453,880,124,1
454,377,43,1
455,40,698,0
456,110,418,0
457,522,834,0
458,465,334,1
459,854,143,1
460,469,89,1
461,330,977,0
462,784,381,1
463,261,497,0
464,60,630,0
465,944,628,1
466,389,889,0
467,31,330,0
468,926,357,1
469,549,218,1
470,614,173,1
471,790,596,1
472,616,126,1
473,893,770,1
474,593,499,1
475,406,363,1
476,427,963,0
477,366,806,0
478,422,372,1
479,446,312,1
480,485,254,1
481,111,987,0
482,486,134,1
483,751,483,1
484,771,861,1
485,25,189,0
486,182,813,0
487,267,902,0
488,690,592,1
489,617,445,1
490,948,868,1
491,727,678,1
492,512,351,1
493,587,108,1
494,632,267,1
495,49,226,0
496,727,158,1
497,880,159,1
498,676,456,1
499,601,524,1
500,682,786,1
501,944,866,1
502,764,32,1
503,716,461,1
504,742,922,0
505,808,39,1
506,935,965,1
507,964,722,1
508,706,608,1
509,837,686,1
510,307,438,0
511,336,619,0
512,318,288,1
513,295,484,0
514,644,676,1
515,170,72,1
516,927,670,1
517,999,14,1
518,317,41,1
519,876,940,1
520,537,897,0
521,120,772,0
522,516,112,1
523,537,756,0
524,11,156,0
525,969,992,1
526,786,234,1
527,370,150,1
528,78,593,0
529,640,870,0
530,584,573,1
531,734,780,1
532,638,806,0
533,888,532,1
534,443,116,1
535,87,112,0
536,239,393,0
537,316,609,0
538,305,796,0
539,132,135,1
540,648,245,1
541,481,455,1
542,65,810,0
543,961,536,1
544,483,397,1
545,847,850,1
546,278,263,1
547,416,708,0
548,754,670,1
549,272,952,0
550,188,198,1
551,843,533,1
552,147,895,0
553,855,240,1
554,73,514,0
555,70,649,0
556,797,985,0
557,498,125,1
558,405,722,0
559,49,765,0
560,280,440,0
561,472,178,1
562,74,223,0
563,940,532,1
564,729,226,1
565,875,982,1
566,268,178,1
567,977,207,1
568,707,676,1
569,479,935,0
570,313,240,1
571,366,635,0
572,126,906,0
573,32,288,0
574,217,7,1
575,95,320,0
576,291,318,1
577,528,916,0
578,198,640,0
579,431,871,0
580,517,685,0
581,366,586,0
582,309,573,0
583,368,73,1
584,849,319,1
585,743,185,1
586,163,554,0
587,261,916,0
588,54,549,0
589,176,923,0
590,353,909,0
591,15,902,0
592,214,459,0
593,289,515,0
594,744,839,1
595,397,321,1
596,386,365,1
597,259,280,1
598,461,474,1
599,25,704,0
600,722,539,1
601,202,458,0
602,93,378,0
603,282,742,0
604,506,759,0
605,876,74,1
606,378,967,0
607,948,339,1
608,917,443,1
609,960,275,1
610,219,383,0
611,465,384,1
612,662,829,0
613,80,909,0
614,23,405,0
615,939,119,1
616,345,108,1
617,662,694,1
618,651,807,0
619,534,502,1
620,102,826,0
621,346,593,0
622,182,825,0
623,626,218,1
624,678,801,1
625,609,809,0
626,476,420,1
627,655,262,1
628,579,128,1
629,415,412,1
630,912,939,1
631,16,347,0
632,948,333,1
633,254,17,1
634,855,58,1
635,928,967,1
636,486,643,0
637,404,916,0
638,995,975,1
639,407,192,1
640,363,403,1
641,553,631,1
642,262,539,0
643,644,504,1
644,375,499,0
645,173,816,0
646,202,863,0
647,716,568,1
648,285,332,1
649,990,136,1
650,423,49,1
651,530,590,1
652,390,925,0
653,456,975,0
654,677,166,1
655,604,705,1
656,457,299,1
657,826,355,1
658,981,271,1
659,620,809,0
660,300,283,1
661,159,591,0
662,155,982,0
663,252,298,1
664,345,507,0
665,202,14,1
666,982,336,1
667,192,527,0
668,889,518,1
669,344,551,0
670,758,634,1
671,607,448,1
672,380,231,1
673,697,359,1
674,949,405,1
675,538,382,1
676,462,706,0
677,535,925,0
678,206,299,0
679,363,916,0
680,684,584,1
681,638,470,1
682,305,201,1
683,23,173,0
684,396,881,0
685,194,591,0
686,772,701,1
687,180,242,0
688,56,889,0
689,915,65,1
690,154,944,0
691,267,747,0
692,779,949,0
693,443,772,0
694,552,835,0
695,662,954,0
696,273,381,0
697,262,406,0
698,346,995,0
699,66,373,0
700,731,417,1
701,592,435,1
702,618,966,0
703,302,587,0
704,609,62,1
705,402,36,1
706,289,988,0
707,962,571,1
708,325,720,0
709,390,129,1
710,52,937,0
711,961,658,1
712,670,791,1
713,6,714,0
714,63,551,0
715,238,843,0
716,98,820,0
717,536,951,0
718,925,198,1
719,90,286,0
720,234,18,1
721,228,277,0
722,565,742,0
723,556,435,1
724,745,55,1
725,427,129,1
726,262,465,0
727,111,6,1
728,821,426,1
729,762,52,1
730,644,811,0
731,767,618,1
732,732,716,1
733,124,927,0
734,855,259,1
735,955,856,1
736,272,881,0
737,483,822,0
738,747,553,1
739,420,15,1
740,187,630,0
741,120,247,0
742,898,472,1
743,772,83,1
744,787,130,1
745,902,313,1
746,611,875,0
747,480,15,1
748,398,574,0
749,890,727,1
750,446,305,1
751,662,300,1
752,271,839,0
753,733,413,1
754,741,490,1
755,383,618,0
756,871,57,1
757,872,391,1
758,429,161,1
759,509,76,1
760,324,627,0
761,814,710,1
762,178,898,0
763,766,854,1
764,316,319,1
765,245,148,1
766,390,299,1
767,343,856,0
768,546,992,0
769,612,812,0
770,689,20,1
771,624,81,1
772,128,931,0
773,822,805,1
774,690,528,1
775,462,30,1
776,859,552,1
777,374,790,0
778,300,540,0
779,620,714,1
780,826,497,1
781,729,945,0
782,457,709,0
783,632,917,0
784,383,847,0
785,870,321,1
786,907,267,1
787,444,552,0
788,259,866,0
789,328,853,0
790,389,210,1
791,770,357,1
792,37,935,0
793,194,429,0
794,966,789,1
795,902,48,1
796,300,105,1
797,321,801,0
798,669,971,0
799,360,402,1
800,432,642,0
801,982,7,1
802,101,980,0
803,223,618,0
804,84,384,0
805,897,508,1
806,170,27,1
807,854,620,1
808,62,691,0
809,46,47,1
810,666,43,1
811,962,268,1
812,29,779,0
813,259,378,0
814,45,730,0
815,705,249,1
816,50,603,0
817,727,466,1
818,261,707,0
819,532,636,0
820,847,691,1
821,301,828,0
822,30,309,0
823,37,320,0
824,610,399,1
825,654,616,1
826,454,615,0
827,537,337,1
828,954,178,1
829,266,448,0
830,750,494,1
831,855,991,1
832,888,264,1
833,231,727,0
834,686,218,1
835,735,274,1
836,167,245,0
837,719,147,1
838,644,519,1
839,620,893,0
840,77,504,0
841,479,76,1
842,125,47,1
843,202,860,0
844,943,796,1
845,826,461,1
846,338,474,0
847,839,111,1
848,312,491,0
849,369,736,0
850,597,439,1
851,573,311,1
852,290,139,1
853,21,836,0
854,824,530,1
855,54,230,0
856,98,147,0
857,867,896,1
858,100,358,0
859,726,449,1
860,632,900,0
861,39,798,0
862,471,786,0
863,909,951,1
864,236,329,0
865,937,403,1
866,868,846,1
867,810,376,1
868,138,297,0
869,466,539,1
870,167,436,0
871,456,600,0
872,926,306,1
873,31,95,0
874,838,985,1
875,468,403,1
876,280,309,1
877,109,208,0
878,896,835,1
879,692,920,0
880,625,263,1
881,482,810,0
882,937,330,1
883,289,273,1
884,76,291,0
885,674,228,1
886,12,440,0
887,685,383,1
888,205,690,0
889,911,61,1
890,263,907,0
891,958,615,1
892,949,309,1
893,64,574,0
894,546,112,1
895,897,209,1
896,171,767,0
897,10,283,0
898,423,815,0
899,983,669,1
900,195,445,0
901,961,723,1
902,891,491,1
903,706,22,1
904,603,231,1
905,48,182,0
906,467,977,0
907,48,25,1
908,113,278,0
909,52,60,1
910,552,125,1
911,431,92,1
912,278,974,0
913,588,90,1
914,739,42,1
915,871,841,1
916,885,275,1
917,755,557,1
918,105,896,0
919,107,386,0
920,715,733,1
921,804,454,1
922,551,381,1
923,207,876,0
924,881,925,1
925,93,214,0
926,22,39,0
927,538,734,0
928,581,231,1
929,124,289,0
930,192,174,1
931,517,368,1
932,924,88,1
933,620,21,1
934,320,212,1
935,659,342,1
936,195,848,0
937,193,481,0
938,686,606,1
939,366,653,0
940,128,182,0
941,183,872,0
942,680,609,1
943,592,706,1
944,773,704,1
945,806,997,0
946,2,95,0
947,703,296,1
948,693,810,1
949,120,22,1
950,654,746,1
951,742,984,0
952,725,947,0
953,697,988,0
954,540,117,1
955,90,167,0
956,532,54,1
957,558,318,1
958,491,608,0
959,490,477,1
960,146,756,0
961,118,539,0
962,293,586,0
963,526,834,0
964,668,780,1
965,475,294,1
966,183,110,1
967,345,234,1
968,518,748,0
969,809,721,1
970,349,369,1
971,479,383,1
972,95,718,0
973,718,229,1
974,218,655,0
975,775,83,1
976,72,726,0
977,592,677,1
978,350,19,1
979,273,181,1
980,436,609,0
981,465,721,0
982,173,445,0
983,984,104,1
984,489,717,0
985,694,110,1
986,462,819,0
987,744,97,1
988,998,53,1
989,907,832,1
990,377,355,1
991,864,527,1
992,274,196,1
993,360,145,1
994,312,284,1
995,41,691,0
996,243,70,1
997,943,945,1
998,862,338,1
999,606,759,0
1000,828,572,1
1001,138,238,0
1002,882,217,1
1003,522,593,1
1004,348,646,0
1005,409,371,1
1006,644,799,0
1007,28,382,0
1008,150,584,0
1009,682,714,1
1010,967,764,1
1011,365,705,0
1012,699,447,1
1013,311,803,0
1014,781,178,1
1015,7,155,0
1016,481,627,0
1017,115,349,0
1018,582,254,1
1019,560,506,1
1020,959,877,1
1021,780,546,1
1022,376,711,0
1023,997,44,1
1024,526,648,0
1025,330,453,0
1026,39,356,0
1027,367,26,1
1028,137,457,0
1029,78,52,1
1030,446,440,1
1031,176,80,1
1032,333,943,0
1033,92,23,1
1034,516,479,1
1035,494,721,0
1036,25,253,0
1037,769,329,1
1038,696,256,1
1039,311,893,0
1040,415,846,0
1041,596,172,1
1042,389,146,1
1043,499,220,1
1044,609,94,1
1045,488,959,0
1046,950,705,1
1047,613,361,1
1048,708,85,1
1049,192,993,0
1050,706,695,1
1051,537,473,1
1052,775,756,1
1053,170,276,0
1054,809,909,1
1055,551,532,1
1056,724,127,1
1057,748,764,1
1058,132,761,0
1059,158,744,0
1060,454,939,0
1061,762,376,1
1062,688,127,1
1063,873,531,1
1064,265,559,0
1065,53,869,0
1066,315,395,0
1067,69,671,0
1068,21,84,0
1069,500,568,1
1070,61,570,0
1071,408,805,0
1072,387,63,1
1073,519,82,1
1074,784,734,1
1075,947,557,1
1076,941,147,1
1077,62,859,0
1078,272,361,0
1079,625,65,1
1080,58,634,0
1081,806,569,1
1082,204,142,1
1083,437,647,0
1084,495,267,1
1085,123,783,0
1086,642,92,1
1087,295,486,0
1088,910,810,1
1089,391,353,1
1090,30,316,0
1091,471,773,0
1092,882,492,1
1093,129,140,1
1094,115,560,0
1095,448,264,1
1096,385,538,0
1097,774,888,1
1098,183,44,1
1099,606,13,1
1100,160,875,0
1101,140,407,0
1102,915,767,1
1103,272,89,1
1104,994,884,1
1105,217,845,0
1106,809,56,1
1107,590,221,1
1108,489,849,0
1109,344,943,0
1110,140,970,0
1111,739,412,1
1112,979,458,1
1113,59,646,0
1114,930,474,1
1115,67,188,0
1116,181,193,1
1117,729,123,1
1118,965,806,1
1119,494,658,0
1120,627,184,1
1121,633,658,1
1122,733,69,1
1123,851,760,1
1124,222,213,1
1125,45,449,0
1126,927,947,1
1127,653,689,1
1128,115,856,0
1129,648,647,1
1130,9,763,0
1131,841,201,1
1132,866,457,1
1133,312,487,0
1134,851,893,1
1135,405,382,1
1136,76,300,0
1137,452,764,0
1138,710,71,1
1139,571,955,0
1140,100,742,0
1141,933,101,1
1142,928,22,1
1143,211,658,0
1144,55,167,0
1145,897,544,1
1146,366,908,0
1147,908,455,1
1148,99,471,0
1149,643,743,1
1150,185,984,0
1151,155,825,0
1152,939,114,1
1153,204,584,0
1154,9,459,0
1155,905,50,1
1156,64,206,0
1157,837,654,1
1158,228,295,0
1159,328,340,1
1160,873,762,1
1161,890,347,1
1162,959,952,1
1163,614,659,1
1164,564,223,1
1165,303,960,0
1166,827,164,1
1167,921,343,1
1168,506,584,1
1169,422,160,1
1170,473,852,0
1171,569,408,1
1172,518,659,0
1173,855,34,1
1174,502,515,1
1175,881,730,1
1176,918,710,1
1177,982,550,1
1178,127,323,0
1179,518,185,1
1180,456,821,0
1181,953,309,1
1182,381,101,1
1183,893,467,1
1184,6,872,0
1185,199,410,0
1186,586,927,0
1187,33,147,0
1188,202,847,0
1189,761,189,1
1190,394,541,0
1191,882,849,1
1192,842,680,1
1193,467,836,0
1194,987,906,1
1195,846,180,1
1196,228,852,0
1197,36,129,0
1198,36,389,0
1199,323,714,0
1200,514,303,1
1201,297,81,1
1202,577,823,0
1203,634,228,1
1204,839,855,1
1205,533,713,0
1206,981,201,1
1207,630,477,1
1208,480,162,1
1209,660,809,0
1210,925,544,1
1211,98,761,0
1212,524,106,1
1213,715,674,1
1214,627,851,0
1215,414,120,1
1216,220,26,1
1217,250,673,0
1218,777,137,1
1219,306,274,1
1220,595,311,1
1221,505,107,1
1222,945,124,1
1223,497,233,1
1224,606,265,1
1225,573,17,1
1226,59,210,0
1227,31,772,0
1228,852,841,1
1229,572,227,1
1230,271,472,0
1231,219,552,0
1232,638,491,1
1233,188,942,0
1234,726,727,1
1235,629,903,0
1236,936,171,1
1237,344,504,0
1238,12,962,0
1239,576,234,1
1240,894,697,1
1241,10,120,0
1242,201,491,0
1243,609,400,1
1244,447,15,1
1245,217,832,0
1246,459,362,1
1247,437,287,1
1248,605,943,0
1249,773,845,1
1250,364,224,1
1251,783,959,0
1252,435,607,0
1253,125,507,0
1254,922,645,1
1255,607,796,0
1256,509,614,0
1257,431,635,0
1258,785,687,1
1259,43,586,0
1260,170,222,0
1261,208,822,0
1262,315,125,1
1263,281,769,0
1264,629,778,0
1265,503,712,0
1266,840,989,1
1267,890,920,1
1268,383,638,0
1269,766,560,1
1270,365,627,0
1271,417,11,1
1272,438,196,1
1273,464,244,1
1274,257,931,0
1275,562,710,0
1276,593,835,0
1277,876,415,1
1278,779,60,1
1279,59,449,0
1280,778,855,1
1281,368,389,1
1282,941,436,1
1283,613,124,1
1284,642,166,1
1285,134,131,1
1286,227,560,0
1287,459,834,0
1288,223,255,1
1289,73,857,0
1290,820,619,1
1291,209,647,0
1292,768,210,1
1293,104,65,1
1294,191,139,1
1295,949,180,1
1296,815,388,1
1297,746,79,1
1298,847,97,1
1299,554,895,0
1300,710,578,1
1301,872,776,1
1302,376,15,1
1303,744,525,1
1304,362,458,0
1305,911,525,1
1306,127,569,0
1307,316,994,0
1308,243,143,1
1309,322,167,1
1310,508,398,1
1311,614,909,0
1312,873,836,1
1313,779,322,1
1314,915,799,1
1315,365,487,0
1316,272,221,1
1317,202,20,1
1318,702,364,1
1319,820,714,1
1320,116,939,0
1321,844,292,1
1322,316,275,1
1323,473,251,1
1324,813,638,1
1325,957,333,1
1326,269,218,1
1327,696,873,0
1328,484,506,1
1329,46,106,0
1330,908,546,1
1331,979,558,1
1332,908,620,1
1333,487,945,0
1334,123,36,1
1335,909,867,1
1336,409,924,0
1337,21,426,0
1338,769,157,1
1339,345,637,0
1340,299,275,1
1341,885,215,1
1342,199,851,0
1343,47,36,1
1344,332,444,0
1345,174,387,0
1346,134,95,1
1347,832,832,1
1348,613,516,1
1349,427,885,0
1350,530,466,1
1351,724,164,1
1352,53,643,0
1353,590,284,1
1354,857,498,1
1355,763,813,1
1356,337,298,1
1357,750,593,1
1358,148,244,0
1359,608,786,0
1360,180,92,1
1361,185,282,0
1362,325,401,0
1363,551,290,1
1364,392,927,0
1365,610,299,1
1366,943,963,1
1367,168,411,0
1368,963,714,1
1369,475,980,0
1370,169,518,0
1371,352,583,0
1372,971,838,1
1373,388,720,0
1374,26,225,0
1375,655,470,1
1376,354,471,0
1377,634,201,1
1378,662,948,0
1379,60,536,0
1380,530,690,0
1381,856,47,1
1382,23,138,0
1383,939,122,1
1384,288,294,1
1385,993,864,1
1386,84,462,0
1387,623,798,0
1388,965,381,1
1389,955,926,1
1390,533,167,1
1391,943,541,1
1392,856,665,1
1393,141,238,0
1394,300,709,0
1395,740,350,1
1396,692,849,0
1397,753,373,1
1398,77,195,0
1399,369,653,0
1400,104,227,0
1401,282,795,0
1402,62,837,0
1403,417,247,1
1404,490,193,1
1405,918,377,1
1406,767,361,1
1407,685,242,1
1408,98,766,0
1409,253,436,0
1410,931,279,1
1411,931,415,1
1412,789,688,1
1413,337,169,1
1414,725,675,1
1415,591,433,1
1416,391,893,0
1417,635,873,0
1418,691,839,0
1419,405,797,0
1420,199,703,0
1421,755,308,1
1422,238,339,0
1423,68,554,0
1424,342,354,1
1425,104,791,0
1426,663,239,1
1427,620,584,1
1428,992,859,1
1429,428,192,1
1430,819,461,1
1431,272,250,1
1432,392,656,0
1433,417,622,0
1434,744,41,1
1435,589,822,0
1436,432,604,0
1437,101,187,0
1438,261,386,0
1439,848,921,1
1440,374,153,1
1441,105,252,0
1442,933,560,1
1443,532,669,0
1444,472,557,1
1445,406,77,1
1446,964,62,1
1447,169,52,1
1448,665,416,1
1449,102,622,0
1450,344,631,0
1451,669,524,1
1452,328,730,0
1453,73,418,0
1454,1000,106,1
1455,895,50,1
1456,32,503,0
1457,436,669,0
1458,160,15,1
1459,102,417,0
1460,938,92,1
1461,771,899,1
1462,587,817,0
1463,62,322,0
1464,340,409,0
1465,560,950,0
1466,791,83,1
1467,850,955,1
1468,205,542,0
1469,281,430,0
1470,436,533,0
1471,450,794,0
1472,366,727,0
1473,517,7,1
1474,309,447,0
1475,799,257,1
1476,826,738,1
1477,719,72,1
1478,372,10,1
1479,914,801,1
1480,542,814,0
1481,281,64,1
1482,497,147,1
1483,664,120,1
1484,593,508,1
1485,314,489,0
1486,548,897,0
1487,704,637,1
1488,412,895,0
1489,864,135,1
1490,302,284,1
1491,34,96,0
1492,67,453,0
1493,798,64,1
1494,188,502,0
1495,545,77,1
1496,610,797,0
1497,671,98,1
1498,931,795,1
1499,242,639,0
1500,489,608,0
1501,24,961,0
1502,20,274,0
1503,722,783,1
1504,88,9,1
1505,857,408,1
1506,713,619,1
1507,68,723,0
1508,498,927,0
1509,820,821,1
1510,374,504,0
1511,344,689,0
1512,886,984,1
1513,932,759,1
1514,376,430,1
1515,492,980,0
1516,969,926,1
1517,575,289,1
1518,345,595,0
1519,343,443,0
1520,740,891,0
1521,316,246,1
1522,473,231,1
1523,856,910,1
1524,324,629,0
1525,205,892,0
1526,470,933,0
1527,435,290,1
1528,836,988,1
1529,606,523,1
1530,941,232,1
1531,243,10,1
1532,716,713,1
1533,539,69,1
1534,206,552,0
1535,129,613,0
1536,293,655,0
1537,45,797,0
1538,915,772,1
1539,187,637,0
1540,626,948,0
1541,637,490,1
1542,472,608,0
1543,885,315,1
1544,857,350,1
1545,463,979,0
1546,732,998,0
1547,67,174,0
1548,103,415,0
1549,216,553,0
1550,79,150,0
1551,580,275,1
1552,639,714,1
1553,888,538,1
1554,721,655,1
1555,168,203,1
1556,123,726,0
1557,801,658,1
1558,65,677,0
1559,75,290,0
1560,473,464,1
1561,701,793,1
1562,43,115,0
1563,535,467,1
1564,110,178,0
1565,243,890,0
1566,536,152,1
1567,173,207,1
1568,158,136,1
1569,106,775,0
1570,209,340,0
1571,596,405,1
1572,834,496,1
1573,779,920,1
1574,972,833,1
1575,400,248,1
1576,687,711,1
1577,731,851,1
1578,293,92,1
1579,508,854,0
1580,573,144,1
1581,182,738,0
1582,582,827,0
1583,479,285,1
1584,597,821,0
1585,557,570,1
1586,927,30,1
1587,675,414,1
1588,290,749,0
1589,776,440,1
1590,861,215,1
1591,192,724,0
1592,200,199,1
1593,28,771,0
1594,279,52,1
1595,445,539,0
1596,216,683,0
1597,998,383,1
1598,635,753,1
1599,231,859,0
1600,249,37,1
1601,502,726,0
1602,229,65,1
1603,320,371,1
1604,496,667,0
1605,909,478,1
1606,89,884,0
1607,809,904,1
1608,425,540,0
1609,582,471,1
1610,291,655,0
1611,863,806,1
1612,346,192,1
1613,456,572,0
1614,550,297,1
1615,521,491,1
1616,502,772,0
1617,265,31,1
1618,769,537,1
1619,519,272,1
1620,592,421,1
1621,20,374,0
1622,219,203,1
1623,860,425,1
1624,363,593,0
1625,396,770,0
1626,783,690,1
1627,589,530,1
1628,705,595,1
1629,918,333,1
1630,32,421,0
1631,184,321,0
1632,800,798,1
1633,570,793,0
1634,126,83,1
1635,165,217,0
1636,917,398,1
1637,514,405,1
1638,679,736,1
1639,744,858,1
1640,885,652,1
1641,186,153,1
1642,199,400,0
1643,740,611,1
1644,623,808,0
1645,910,390,1
1646,231,353,0
1647,265,19,1
1648,147,255,0
1649,222,752,0
1650,777,659,1
1651,350,713,0
1652,21,540,0
1653,860,166,1
1654,25,296,0
1655,367,184,1
1656,674,128,1
1657,835,446,1
1658,573,822,0
1659,439,967,0
1660,264,451,0
1661,778,147,1
1662,654,593,1
1663,423,51,1
1664,146,834,0
1665,975,697,1
1666,373,788,0
1667,837,636,1
1668,122,57,1
1669,108,604,0
1670,454,911,0
1671,933,847,1
1672,813,144,1
1673,453,486,1
1674,23,207,0
1675,147,848,0
1676,10,224,0
1677,527,216,1
1678,25,882,0
1679,886,213,1
1680,698,245,1
1681,50,102,0
1682,414,794,0
1683,239,896,0
1684,929,563,1
1685,552,565,1
1686,681,943,0
1687,703,203,1
1688,995,874,1
1689,75,590,0
1690,760,471,1
1691,492,19,1
1692,807,995,0
1693,290,626,0
1694,885,640,1
1695,659,110,1
1696,471,218,1
1697,20,533,0
1698,712,673,1
1699,719,399,1
1700,798,412,1
1701,522,405,1
1702,14,134,0
1703,88,199,0
1704,768,832,1
1705,81,473,0
1706,165,67,1
1707,653,315,1
1708,540,680,0
1709,430,460,1
1710,237,350,0
1711,962,538,1
1712,437,854,0
1713,967,65,1
1714,7,262,0
1715,162,838,0
1716,596,441,1
1717,792,118,1
1718,977,88,1
1719,205,392,0
1720,111,567,0
1721,795,795,1
1722,808,6,1
1723,362,61,1
1724,365,242,1
1725,934,938,1
1726,477,80,1
1727,54,5,1
1728,831,509,1
1729,281,358,0
1730,432,381,1
1731,459,312,1
1732,616,694,1
1733,173,821,0
1734,591,680,1
1735,114,713,0
1736,702,307,1
1737,909,520,1
1738,295,717,0
1739,344,757,0
1740,486,7,1
1741,976,576,1
1742,313,58,1
1743,644,266,1
1744,883,611,1
1745,460,512,1
1746,14,105,0
1747,855,418,1
1748,542,839,0
1749,196,703,0
1750,611,26,1
1751,274,647,0
1752,39,648,0
1753,35,364,0
1754,462,107,1
1755,723,30,1
1756,474,401,1
1757,222,674,0
1758,838,553,1
1759,199,646,0
1760,259,372,0
1761,686,867,0
1762,790,70,1
1763,577,400,1
1764,58,744,0
1765,51,199,0
1766,666,907,0
1767,873,622,1
1768,79,906,0
1769,785,524,1
1770,335,996,0
1771,222,269,0
1772,31,293,0
1773,966,348,1
1774,71,993,0
1775,860,317,1
1776,171,540,0
1777,641,756,1
1778,307,905,0
1779,62,485,0
1780,568,684,0
1781,820,401,1
1782,590,398,1
1783,837,273,1
1784,25,509,0
1785,923,618,1
1786,696,461,1
1787,333,758,0
1788,711,999,0
1789,947,891,1
1790,768,981,0
1791,831,770,1
1792,777,231,1
1793,323,158,1
1794,864,581,1
1795,521,750,0
1796,203,305,0
1797,349,57,1
1798,125,423,0
1799,759,293,1
1800,275,293,1
1801,749,620,1
1802,156,9,1
1803,629,492,1
1804,670,884,0
1805,456,914,0
1806,998,665,1
1807,963,602,1
1808,7,857,0
1809,990,645,1
1810,780,470,1
1811,807,927,1
1812,592,562,1
1813,169,27,1
1814,866,811,1
1815,245,78,1
1816,871,5,1
1817,907,165,1
1818,656,501,1
1819,338,148,1
1820,378,334,1
1821,915,580,1
1822,220,353,0
1823,524,24,1
1824,866,597,1
1825,752,525,1
1826,160,689,0
1827,155,515,0
1828,323,530,0
1829,220,36,1
1830,762,510,1
1831,747,903,0
1832,114,899,0
1833,369,977,0
1834,142,956,0
1835,767,546,1
1836,765,217,1
1837,599,863,0
1838,710,427,1
1839,103,449,0
1840,750,633,1
1841,940,50,1
1842,762,777,1
1843,338,711,0
1844,760,142,1
1845,650,62,1
1846,216,658,0
1847,508,733,0
1848,624,585,1
1849,252,84,1
1850,540,219,1
1851,585,745,0
1852,277,827,0
1853,432,703,0
1854,208,904,0
1855,991,857,1
1856,767,15,1
1857,582,752,0
1858,821,91,1
1859,344,527,0
1860,907,267,1
1861,742,383,1
1862,848,342,1
1863,789,132,1
1864,909,333,1
1865,750,259,1
1866,605,580,1
1867,707,694,1
1868,299,655,0
1869,226,966,0
1870,783,142,1
1871,817,476,1
1872,9,965,0
1873,849,676,1
1874,390,234,1
1875,112,78,1
1876,271,699,0
1877,998,10,1
1878,806,971,0
1879,713,287,1
1880,908,921,1
1881,204,728,0
1882,662,838,0
1883,690,325,1
1884,326,249,1
1885,449,129,1
1886,454,648,0
1887,601,189,1
1888,359,565,0
1889,11,440,0
1890,519,778,0
1891,150,473,0
1892,129,979,0
1893,453,427,1
1894,271,999,0
1895,989,955,1
1896,58,994,0
1897,746,169,1
1898,226,306,0
1899,321,217,1
1900,721,492,1
1901,216,221,1
1902,385,731,0
1903,762,129,1
1904,198,404,0
1905,655,18,1
1906,894,336,1
1907,856,755,1
1908,549,767,0
1909,207,262,0
1910,789,246,1
1911,548,700,0
1912,499,916,0
1913,317,729,0
1914,453,399,1
1915,181,47,1
1916,751,542,1
1917,333,797,0
1918,356,210,1
1919,441,123,1
1920,642,926,0
1921,825,413,1
1922,198,200,1
1923,711,802,1
1924,295,155,1
1925,728,423,1
1926,879,866,1
1927,523,461,1
1928,915,67,1
1929,503,276,1
1930,347,974,0
1931,234,82,1
1932,877,313,1
1933,203,813,0
1934,524,553,1
1935,529,736,0
1936,550,359,1
1937,373,165,1
1938,804,164,1
1939,193,31,1
1940,250,427,0
1941,828,467,1
1942,510,993,0
1943,30,179,0
1944,941,811,1
1945,325,918,0
1946,513,253,1
1947,851,464,1
1948,823,978,1
1949,734,121,1
1950,220,541,0
1951,423,980,0
1952,496,299,1
1953,166,222,0
1954,675,922,0
1955,906,313,1
1956,131,866,0
1957,247,317,0
1958,32,351,0
1959,640,874,0
1960,319,144,1
1961,380,972,0
1962,538,503,1
1963,164,346,0
1964,272,773,0
1965,114,749,0
1966,561,946,0
1967,262,578,0
1968,906,53,1
1969,274,173,1
1970,55,862,0
1971,421,34,1
1972,958,846,1
1973,429,328,1
1974,104,39,1
1975,309,597,0
1976,723,310,1
1977,814,568,1
1978,570,881,0
1979,554,255,1
1980,278,758,0
1981,932,677,1
1982,109,34,1
1983,466,999,0
1984,929,811,1
1985,4,84,0
1986,964,155,1
1987,351,775,0
1988,463,185,1
1989,146,354,0
1990,530,277,1
1991,754,137,1
1992,525,800,0
1993,777,640,1
1994,61,398,0
1995,705,817,1
1996,883,537,1
1997,814,526,1
1998,630,259,1
1999,241,759,0
2000,305,752,0
