n 1000
c 464645
z 511411
time 0.00
1,167,677,1
2,728,377,1
3,513,887,1
4,597,528,1
5,203,641,1
6,386,991,1
7,891,738,1
8,533,153,1
9,576,626,1
10,788,903,1
11,168,153,1
12,964,40,1
13,468,337,1
14,443,697,1
15,712,458,1
16,429,794,1
17,223,66,1
18,907,405,1
19,540,558,1
20,539,347,1
21,787,34,1
22,792,917,1
23,645,593,1
24,977,36,1
25,986,322,1
26,912,173,1
27,361,735,1
28,393,557,1
29,67,523,0
30,130,580,1
31,182,727,1
32,609,521,1
33,93,825,0
34,368,74,1
35,13,961,0
36,646,494,1
37,442,697,1
38,584,290,1
39,704,937,1
40,933,676,1
41,285,540,1
42,367,383,1
43,835,755,1
44,420,35,1
45,908,260,1
46,100,600,1
47,430,7,1
48,278,743,1
49,622,356,1
50,51,61,1
51,48,332,0
52,548,605,1
53,556,442,1
54,110,841,0
55,605,734,1
56,619,61,1
57,980,998,1
58,469,88,1
59,649,521,1
60,308,175,1
61,153,138,1
62,247,312,1
63,75,341,1
64,615,648,1
65,908,241,1
66,166,289,1
67,138,874,0
68,959,612,1
69,574,713,1
70,607,407,1
71,154,699,1
72,960,243,1
73,170,403,1
74,319,228,1
75,808,261,1
76,507,326,1
77,727,360,1
78,86,848,0
79,689,758,1
80,641,960,1
81,68,227,1
82,911,131,1
83,903,512,1
84,499,855,1
85,738,787,1
86,406,655,1
87,707,789,1
88,800,889,1
89,629,335,1
90,912,880,1
91,147,922,0
92,903,922,1
93,691,354,1
94,110,373,1
95,813,197,1
96,48,106,1
97,626,166,1
98,25,174,0
99,850,833,1
100,814,353,1
101,910,378,1
102,463,549,1
103,964,607,1
104,159,517,1
105,128,54,1
106,548,95,1
107,887,876,1
108,250,816,1
109,543,12,1
110,466,906,1
111,107,104,1
112,983,204,1
113,107,846,0
114,153,990,0
115,247,962,1
116,730,120,1
117,348,780,1
118,662,390,1
119,287,222,1
120,352,98,1
121,527,341,1
122,8,342,0
123,39,961,0
124,992,796,1
125,705,354,1
126,342,844,1
127,630,209,1
128,723,457,1
129,609,896,1
130,994,248,1
131,988,863,1
132,948,758,1
133,921,108,1
134,608,757,1
135,107,438,1
136,673,643,1
137,814,910,1
138,79,680,0
139,608,603,1
140,927,769,1
141,387,48,1
142,862,974,1
143,779,572,1
144,1,668,0
145,121,454,1
146,312,103,1
147,282,571,1
148,432,568,1
149,282,190,1
150,136,567,1
151,786,938,1
152,116,462,1
153,737,695,1
154,149,777,1
155,814,807,1
156,649,197,1
157,699,779,1
158,670,132,1
159,533,111,1
160,810,818,1
161,984,398,1
162,623,712,1
163,407,563,1
164,258,995,1
165,58,102,1
166,906,327,1
167,408,184,1
168,21,445,0
169,147,627,1
170,558,366,1
171,348,816,1
172,683,243,1
173,675,750,1
174,803,579,1
175,360,844,1
176,821,696,1
177,864,851,1
178,555,726,1
179,799,291,1
180,758,353,1
181,124,640,1
182,123,138,1
183,906,825,1
184,874,29,1
185,642,470,1
186,607,298,1
187,766,635,1
188,913,174,1
189,601,757,1
190,952,438,1
191,194,111,1
192,77,112,1
193,167,785,1
194,481,373,1
195,565,374,1
196,63,183,1
197,246,17,1
198,389,795,1
199,340,932,1
200,493,130,1
201,561,860,1
202,379,42,1
203,745,580,1
204,991,372,1
205,255,860,1
206,666,26,1
207,596,677,1
208,837,599,1
209,79,204,1
210,764,2,1
211,278,681,1
212,650,657,1
213,274,508,1
214,582,566,1
215,873,379,1
216,556,808,1
217,820,337,1
218,166,257,1
219,233,982,1
220,472,399,1
221,859,87,1
222,700,834,1
223,877,98,1
224,826,561,1
225,54,345,0
226,393,433,1
227,421,400,1
228,283,74,1
229,534,548,1
230,858,776,1
231,141,882,0
232,744,907,1
233,271,346,1
234,765,275,1
235,577,222,1
236,378,573,1
237,720,458,1
238,250,402,1
239,815,810,1
240,208,146,1
241,798,770,1
242,818,844,1
243,951,70,1
244,717,768,1
245,821,79,1
246,435,540,1
247,245,831,1
248,584,367,1
249,246,521,1
250,667,421,1
251,621,432,1
252,87,296,1
253,505,210,1
254,224,903,1
255,94,112,1
256,970,166,1
257,773,709,1
258,181,289,1
259,552,664,1
260,878,166,1
261,770,576,1
262,463,478,1
263,149,940,0
264,663,568,1
265,54,540,0
266,772,419,1
267,707,7,1
268,124,653,1
269,460,42,1
270,674,556,1
271,575,945,1
272,390,552,1
273,661,525,1
274,446,852,1
275,315,682,1
276,128,7,1
277,899,444,1
278,954,819,1
279,520,246,1
280,312,993,1
281,641,422,1
282,52,583,0
283,764,440,1
284,92,192,1
285,132,509,1
286,989,406,1
287,469,24,1
288,550,862,1
289,996,894,1
290,919,800,1
291,580,999,1
292,496,441,1
293,363,277,1
294,966,479,1
295,35,848,0
296,904,280,1
297,340,523,1
298,88,383,1
299,486,183,1
300,516,893,1
301,213,681,1
302,652,984,1
303,101,475,1
304,55,146,1
305,869,652,1
306,982,17,1
307,16,916,0
308,178,270,1
309,94,713,0
310,937,236,1
311,713,823,1
312,195,527,1
313,371,151,1
314,443,207,1
315,125,903,0
316,113,567,1
317,426,106,1
318,580,38,1
319,459,595,1
320,572,634,1
321,867,643,1
322,902,556,1
323,170,421,1
324,385,955,1
325,544,682,1
326,718,592,1
327,663,183,1
328,524,348,1
329,114,463,1
330,969,498,1
331,124,293,1
332,909,36,1
333,993,930,1
334,503,629,1
335,162,759,1
336,795,536,1
337,676,408,1
338,156,228,1
339,303,301,1
340,843,485,1
341,916,142,1
342,577,959,1
343,24,467,0
344,937,937,1
345,454,981,1
346,358,564,1
347,680,805,1
348,332,439,1
349,325,686,1
350,635,216,1
351,446,273,1
352,414,849,1
353,491,757,1
354,834,669,1
355,171,9,1
356,330,222,1
357,896,728,1
358,631,884,1
359,505,384,1
360,636,771,1
361,297,399,1
362,511,994,1
363,20,642,0
364,908,731,1
365,58,339,1
366,140,892,0
367,452,966,1
368,570,393,1
369,340,488,1
370,614,36,1
371,681,949,1
372,579,571,1
373,679,181,1
374,459,371,1
375,765,617,1
376,10,678,0
377,280,352,1
378,911,503,1
379,893,553,1
380,327,22,1
381,20,772,0
382,532,716,1
383,936,313,1
384,723,436,1
385,35,92,1
386,163,228,1
387,782,940,1
388,625,855,1
389,445,287,1
390,337,65,1
391,617,388,1
392,919,238,1
393,352,476,1
394,707,631,1
395,199,133,1
396,962,810,1
397,719,709,1
398,73,901,0
399,469,415,1
400,829,910,1
401,267,253,1
402,238,42,1
403,533,331,1
404,754,776,1
405,910,3,1
406,357,105,1
407,441,291,1
408,918,503,1
409,259,791,1
410,909,815,1
411,533,212,1
412,569,996,1
413,639,74,1
414,254,282,1
415,176,572,1
416,755,859,1
417,690,880,1
418,146,905,0
419,987,5,1
420,192,433,1
421,710,334,1
422,332,624,1
423,287,482,1
424,508,509,1
425,198,605,1
426,299,826,1
427,227,151,1
428,968,497,1
429,832,375,1
430,871,807,1
431,364,60,1
432,242,591,1
433,843,383,1
434,491,134,1
435,251,616,1
436,216,166,1
437,641,851,1
438,953,209,1
439,442,439,1
440,429,236,1
441,606,507,1
442,928,181,1
443,766,661,1
444,730,403,1
445,782,880,1
446,897,145,1
447,174,450,1
448,806,302,1
449,306,496,1
450,765,532,1
451,489,710,1
452,134,370,1
453,323,214,1
454,608,696,1
455,132,59,1
456,221,527,1
457,405,524,1
458,257,395,1
459,474,336,1
460,732,863,1
461,29,874,0
462,231,827,1
463,937,594,1
464,891,291,1
465,811,573,1
466,501,751,1
467,387,563,1
468,901,779,1
469,297,331,1
470,806,890,1
471,769,165,1
472,128,756,1
473,161,371,1
474,129,545,1
475,394,949,1
476,362,912,1
477,673,648,1
478,253,49,1
479,794,42,1
480,261,228,1
481,522,548,1
482,454,348,1
483,619,668,1
484,859,659,1
485,909,574,1
486,734,74,1
487,567,759,1
488,321,37,1
489,164,574,1
490,860,98,1
491,442,936,1
492,408,268,1
493,735,222,1
494,16,656,0
495,76,412,1
496,231,539,1
497,867,960,1
498,996,302,1
499,309,685,1
500,930,943,1
501,268,580,1
502,300,861,1
503,87,206,1
504,822,304,1
505,356,448,1
506,854,754,1
507,935,628,1
508,729,718,1
509,817,856,1
510,658,596,1
511,300,669,1
512,606,797,1
513,466,933,1
514,299,233,1
515,438,938,1
516,575,459,1
517,818,511,1
518,196,662,1
519,839,174,1
520,977,167,1
521,659,998,1
522,644,966,1
523,613,405,1
524,131,881,0
525,980,938,1
526,154,743,1
527,165,944,1
528,750,991,1
529,924,400,1
530,264,138,1
531,473,22,1
532,389,203,1
533,219,797,1
534,91,370,1
535,379,26,1
536,158,343,1
537,207,746,1
538,385,705,1
539,223,281,1
540,256,219,1
541,28,368,0
542,641,551,1
543,276,906,1
544,955,787,1
545,235,43,1
546,998,893,1
547,475,774,1
548,346,363,1
549,132,33,1
550,308,491,1
551,158,39,1
552,91,868,0
553,275,186,1
554,313,376,1
555,954,938,1
556,629,350,1
557,838,207,1
558,501,824,1
559,405,735,1
560,56,982,0
561,820,364,1
562,97,908,0
563,256,125,1
564,200,271,1
565,135,823,0
566,171,552,1
567,125,768,0
568,618,578,1
569,810,216,1
570,952,454,1
571,73,93,1
572,885,384,1
573,620,577,1
574,888,613,1
575,995,234,1
576,586,588,1
577,299,294,1
578,718,910,1
579,419,544,1
580,540,571,1
581,89,267,1
582,189,706,1
583,659,650,1
584,344,325,1
585,434,498,1
586,507,439,1
587,529,829,1
588,982,147,1
589,411,132,1
590,617,778,1
591,690,664,1
592,173,808,1
593,60,45,1
594,40,116,1
595,752,251,1
596,130,666,1
597,855,850,1
598,605,751,1
599,429,529,1
600,657,401,1
601,454,147,1
602,21,832,0
603,997,87,1
604,706,724,1
605,552,179,1
606,185,540,1
607,511,245,1
608,589,656,1
609,812,157,1
610,339,52,1
611,908,313,1
612,118,570,1
613,747,510,1
614,439,867,1
615,118,233,1
616,793,569,1
617,578,640,1
618,594,308,1
619,538,943,1
620,758,63,1
621,741,610,1
622,694,582,1
623,462,788,1
624,637,103,1
625,517,722,1
626,803,130,1
627,731,631,1
628,779,846,1
629,946,933,1
630,951,993,1
631,483,133,1
632,763,83,1
633,586,467,1
634,71,440,0
635,755,281,1
636,486,720,1
637,792,494,1
638,499,797,1
639,266,58,1
640,931,576,1
641,892,569,1
642,141,264,1
643,112,985,0
644,70,193,1
645,937,610,1
646,834,645,1
647,279,290,1
648,85,417,1
649,289,297,1
650,263,447,1
651,157,552,1
652,301,379,1
653,83,873,0
654,564,636,1
655,408,442,1
656,377,585,1
657,470,804,1
658,988,621,1
659,960,787,1
660,827,128,1
661,362,769,1
662,531,716,1
663,55,931,0
664,777,345,1
665,509,127,1
666,462,845,1
667,836,392,1
668,472,268,1
669,644,473,1
670,390,103,1
671,187,114,1
672,980,92,1
673,109,489,1
674,164,330,1
675,694,544,1
676,366,767,1
677,507,430,1
678,342,657,1
679,391,629,1
680,643,261,1
681,337,752,1
682,432,647,1
683,586,919,1
684,636,886,1
685,525,424,1
686,452,651,1
687,784,556,1
688,280,670,1
689,894,907,1
690,378,157,1
691,686,916,1
692,434,539,1
693,191,29,1
694,487,944,1
695,482,52,1
696,585,722,1
697,121,176,1
698,690,584,1
699,238,527,1
700,50,39,1
701,284,380,1
702,570,11,1
703,930,116,1
704,640,995,1
705,238,22,1
706,425,506,1
707,158,541,1
708,565,702,1
709,345,819,1
710,235,390,1
711,172,707,1
712,949,68,1
713,329,635,1
714,23,885,0
715,234,669,1
716,337,529,1
717,739,112,1
718,860,100,1
719,350,983,1
720,305,992,1
721,87,774,0
722,133,708,1
723,87,149,1
724,369,556,1
725,487,723,1
726,709,30,1
727,738,23,1
728,452,663,1
729,485,965,1
730,427,889,1
731,779,652,1
732,716,402,1
733,912,792,1
734,895,281,1
735,807,889,1
736,399,983,1
737,215,912,1
738,802,895,1
739,400,456,1
740,346,403,1
741,499,840,1
742,578,749,1
743,768,420,1
744,546,815,1
745,633,419,1
746,99,160,1
747,828,545,1
748,558,956,1
749,942,353,1
750,742,574,1
751,810,534,1
752,118,532,1
753,960,534,1
754,909,871,1
755,571,292,1
756,934,838,1
757,795,296,1
758,124,646,1
759,849,901,1
760,947,72,1
761,689,752,1
762,250,975,1
763,289,160,1
764,612,900,1
765,56,341,1
766,749,816,1
767,738,497,1
768,402,13,1
769,184,190,1
770,377,962,1
771,228,899,1
772,952,97,1
773,730,678,1
774,273,622,1
775,834,215,1
776,963,198,1
777,801,591,1
778,756,825,1
779,423,252,1
780,370,630,1
781,652,154,1
782,913,762,1
783,220,591,1
784,726,325,1
785,250,795,1
786,226,393,1
787,456,369,1
788,867,847,1
789,860,879,1
790,444,520,1
791,782,14,1
792,797,821,1
793,949,374,1
794,501,187,1
795,210,578,1
796,275,350,1
797,365,595,1
798,453,737,1
799,171,683,1
800,263,343,1
801,753,681,1
802,141,138,1
803,626,12,1
804,828,974,1
805,748,933,1
806,618,488,1
807,425,230,1
808,430,648,1
809,18,672,0
810,738,656,1
811,453,94,1
812,317,912,1
813,831,980,1
814,805,336,1
815,956,259,1
816,401,761,1
817,987,428,1
818,117,568,1
819,47,846,0
820,790,696,1
821,320,150,1
822,694,435,1
823,497,970,1
824,234,877,1
825,994,738,1
826,902,405,1
827,205,491,1
828,402,200,1
829,973,625,1
830,229,379,1
831,99,169,1
832,856,765,1
833,387,640,1
834,566,752,1
835,563,683,1
836,895,962,1
837,947,996,1
838,876,812,1
839,151,758,1
840,276,166,1
841,698,678,1
842,853,892,1
843,93,582,0
844,583,290,1
845,221,654,1
846,538,47,1
847,355,105,1
848,271,409,1
849,532,26,1
850,260,805,1
851,841,281,1
852,289,896,1
853,897,109,1
854,424,496,1
855,146,463,1
856,138,640,1
857,582,609,1
858,587,68,1
859,338,482,1
860,711,97,1
861,770,8,1
862,383,136,1
863,504,448,1
864,468,111,1
865,428,84,1
866,436,459,1
867,373,130,1
868,721,575,1
869,518,636,1
870,655,586,1
871,995,161,1
872,582,863,1
873,763,792,1
874,413,302,1
875,247,365,1
876,128,691,1
877,608,177,1
878,16,440,0
879,95,890,0
880,233,500,1
881,870,324,1
882,569,927,1
883,476,82,1
884,243,377,1
885,318,886,1
886,603,358,1
887,57,280,1
888,741,543,1
889,475,278,1
890,486,521,1
891,401,937,1
892,596,370,1
893,403,975,1
894,201,797,1
895,908,26,1
896,707,260,1
897,614,437,1
898,887,757,1
899,338,38,1
900,667,794,1
901,245,197,1
902,67,137,1
903,886,735,1
904,690,972,1
905,411,711,1
906,587,582,1
907,92,490,1
908,920,836,1
909,335,29,1
910,767,475,1
911,666,430,1
912,365,331,1
913,464,483,1
914,34,671,0
915,658,338,1
916,964,520,1
917,511,454,1
918,528,966,1
919,110,811,0
920,707,914,1
921,72,527,0
922,534,691,1
923,674,101,1
924,752,179,1
925,904,831,1
926,845,405,1
927,230,391,1
928,133,285,1
929,328,554,1
930,175,531,1
931,761,218,1
932,476,46,1
933,560,542,1
934,168,202,1
935,694,920,1
936,394,453,1
937,164,603,1
938,141,651,1
939,770,270,1
940,840,372,1
941,682,402,1
942,456,767,1
943,979,148,1
944,613,462,1
945,729,983,1
946,249,573,1
947,690,97,1
948,709,895,1
949,228,144,1
950,830,904,1
951,897,585,1
952,660,993,1
953,908,469,1
954,283,315,1
955,726,361,1
956,3,819,0
957,929,40,1
958,778,822,1
959,622,367,1
960,986,169,1
961,937,788,1
962,781,992,1
963,850,564,1
964,947,609,1
965,807,192,1
966,294,204,1
967,740,347,1
968,861,345,1
969,925,811,1
970,733,878,1
971,522,425,1
972,958,460,1
973,265,918,1
974,713,333,1
975,306,469,1
976,375,996,1
977,67,671,0
978,21,528,0
979,276,966,1
980,100,118,1
981,949,770,1
982,453,11,1
983,867,18,1
984,33,435,0
985,417,640,1
986,590,905,1
987,699,531,1
988,869,939,1
989,502,705,1
990,592,408,1
991,748,617,1
992,642,481,1
993,227,131,1
994,351,562,1
995,325,349,1
996,410,116,1
997,418,146,1
998,85,856,0
999,801,41,1
1000,51,737,0
