n 2000
c 700393
z 943295
time 0.00
1,229,971,0
2,310,687,1
3,15,757,0
4,243,158,1
5,849,215,1
6,888,725,1
7,9,752,0
8,827,71,1
9,30,448,0
10,226,829,0
11,374,127,1
12,826,222,1
13,722,71,1
14,777,895,1
15,886,952,1
16,667,24,1
17,397,720,1
18,929,115,1
19,506,244,1
20,809,561,1
21,521,968,1
22,894,763,1
23,507,679,1
24,335,330,1
25,216,936,0
26,862,635,1
27,751,77,1
28,87,803,0
29,721,881,1
30,264,306,1
31,900,53,1
32,167,295,1
33,227,623,0
34,958,456,1
35,43,135,0
36,500,964,1
37,352,335,1
38,862,48,1
39,806,575,1
40,339,506,1
41,947,298,1
42,429,877,1
43,569,233,1
44,322,489,1
45,450,410,1
46,410,222,1
47,220,229,1
48,60,917,0
49,420,730,1
50,937,875,1
51,750,482,1
52,434,99,1
53,122,48,1
54,748,247,1
55,339,844,0
56,257,779,0
57,362,684,1
58,507,382,1
59,375,967,0
60,354,677,1
61,535,304,1
62,437,974,0
63,729,155,1
64,501,166,1
65,722,599,1
66,412,111,1
67,976,744,1
68,13,730,0
69,404,799,1
70,837,461,1
71,896,25,1
72,358,129,1
73,224,377,1
74,309,506,1
75,286,251,1
76,633,332,1
77,749,966,1
78,276,206,1
79,703,932,1
80,815,238,1
81,930,801,1
82,413,201,1
83,877,486,1
84,817,413,1
85,656,257,1
86,244,413,1
87,257,43,1
88,214,239,1
89,3,917,0
90,974,478,1
91,97,272,0
92,781,408,1
93,441,408,1
94,924,627,1
95,771,603,1
96,790,768,1
97,392,44,1
98,487,76,1
99,880,79,1
100,4,231,0
101,396,616,1
102,149,859,0
103,578,149,1
104,605,83,1
105,14,668,0
106,34,941,0
107,373,674,1
108,728,958,1
109,429,194,1
110,120,352,0
111,473,214,1
112,109,522,0
113,489,356,1
114,583,388,1
115,725,760,1
116,240,886,0
117,978,682,1
118,748,36,1
119,173,204,1
120,454,472,1
121,693,547,1
122,942,692,1
123,205,655,0
124,830,706,1
125,247,104,1
126,380,146,1
127,188,423,0
128,673,791,1
129,615,750,1
130,88,734,0
131,698,101,1
132,506,516,1
133,399,578,1
134,694,731,1
135,753,484,1
136,991,345,1
137,44,140,0
138,837,502,1
139,470,89,1
140,885,935,1
141,657,950,1
142,596,308,1
143,961,714,1
144,519,498,1
145,143,132,1
146,190,821,0
147,952,777,1
148,838,638,1
149,176,468,0
150,254,325,1
151,456,288,1
152,642,380,1
153,863,749,1
154,307,191,1
155,940,869,1
156,871,571,1
157,353,705,1
158,916,274,1
159,915,461,1
160,440,184,1
161,830,236,1
162,621,854,1
163,37,345,0
164,416,705,1
165,296,908,0
166,312,117,1
167,174,782,0
168,859,219,1
169,193,649,0
170,220,732,0
171,706,158,1
172,193,977,0
173,393,188,1
174,969,993,1
175,46,578,0
176,939,286,1
177,958,777,1
178,961,268,1
179,749,425,1
180,116,479,0
181,674,262,1
182,737,32,1
183,88,351,0
184,32,491,0
185,912,148,1
186,901,656,1
187,700,377,1
188,591,60,1
189,823,659,1
190,774,308,1
191,552,37,1
192,979,998,1
193,173,759,0
194,919,163,1
195,403,188,1
196,997,925,1
197,556,639,1
198,827,889,1
199,890,946,1
200,267,392,1
201,615,698,1
202,785,144,1
203,471,586,1
204,69,874,0
205,973,26,1
206,1000,752,1
207,402,675,1
208,883,381,1
209,45,658,0
210,986,496,1
211,404,551,1
212,256,543,1
213,360,114,1
214,244,308,1
215,167,297,1
216,970,646,1
217,26,911,0
218,716,359,1
219,223,652,0
220,622,797,1
221,297,197,1
222,202,712,0
223,291,800,0
224,416,991,0
225,500,863,1
226,663,431,1
227,859,726,1
228,465,936,1
229,716,490,1
230,368,110,1
231,67,880,0
232,990,553,1
233,837,224,1
234,19,521,0
235,647,932,1
236,40,347,0
237,478,216,1
238,168,768,0
239,229,152,1
240,982,328,1
241,452,232,1
242,1000,282,1
243,493,772,1
244,515,830,1
245,163,333,1
246,377,938,0
247,235,821,0
248,758,893,1
249,252,463,1
250,153,283,1
251,371,566,1
252,669,566,1
253,295,80,1
254,190,165,1
255,220,254,1
256,784,588,1
257,307,323,1
258,531,623,1
259,438,862,1
260,724,836,1
261,816,366,1
262,469,380,1
263,971,10,1
264,445,326,1
265,652,530,1
266,778,81,1
267,849,397,1
268,682,211,1
269,842,984,1
270,32,282,0
271,421,823,1
272,812,878,1
273,779,323,1
274,644,146,1
275,321,896,0
276,62,261,0
277,409,386,1
278,792,721,1
279,662,748,1
280,814,351,1
281,975,756,1
282,714,789,1
283,674,158,1
284,418,646,1
285,602,715,1
286,587,116,1
287,539,382,1
288,244,260,1
289,578,60,1
290,509,814,1
291,162,69,1
292,718,615,1
293,753,115,1
294,628,669,1
295,849,838,1
296,350,358,1
297,450,897,1
298,718,709,1
299,180,221,1
300,226,403,1
301,291,719,0
302,282,534,1
303,75,897,0
304,869,784,1
305,947,314,1
306,108,295,0
307,286,610,1
308,784,444,1
309,172,759,0
310,671,586,1
311,391,741,1
312,65,989,0
313,873,397,1
314,25,909,0
315,403,965,0
316,87,877,0
317,392,600,1
318,714,356,1
319,985,705,1
320,274,416,1
321,473,961,1
322,100,514,0
323,448,651,1
324,47,337,0
325,598,496,1
326,876,886,1
327,141,997,0
328,586,434,1
329,288,341,1
330,895,248,1
331,602,179,1
332,323,266,1
333,327,352,1
334,325,859,0
335,888,493,1
336,513,190,1
337,522,662,1
338,34,538,0
339,389,379,1
340,953,555,1
341,450,28,1
342,591,741,1
343,254,113,1
344,39,255,0
345,980,211,1
346,516,482,1
347,582,555,1
348,802,525,1
349,443,92,1
350,889,694,1
351,164,431,0
352,372,311,1
353,113,379,0
354,216,403,1
355,545,271,1
356,736,116,1
357,774,766,1
358,213,490,0
359,951,446,1
360,386,385,1
361,695,453,1
362,21,496,0
363,914,568,1
364,226,161,1
365,400,809,1
366,458,698,1
367,834,540,1
368,176,247,1
369,778,558,1
370,924,994,1
371,887,603,1
372,673,873,1
373,453,19,1
374,873,313,1
375,435,767,1
376,976,788,1
377,702,486,1
378,861,629,1
379,131,975,0
380,493,516,1
381,786,90,1
382,226,650,0
383,214,631,0
384,657,650,1
385,329,370,1
386,513,786,1
387,108,746,0
388,727,925,1
389,147,173,1
390,599,231,1
391,207,826,0
392,253,676,0
393,206,226,1
394,593,133,1
395,949,171,1
396,328,520,1
397,661,211,1
398,575,627,1
399,283,173,1
400,779,924,1
401,785,267,1
402,220,480,1
403,563,689,1
404,256,598,0
405,492,929,1
406,971,31,1
407,719,833,1
408,852,469,1
409,113,949,0
410,723,653,1
411,219,522,0
412,871,834,1
413,741,328,1
414,92,712,0
415,606,922,1
416,505,25,1
417,976,14,1
418,160,903,0
419,225,747,0
420,590,647,1
421,76,68,1
422,970,342,1
423,829,592,1
424,738,603,1
425,700,67,1
426,913,496,1
427,321,13,1
428,822,927,1
429,454,621,1
430,573,189,1
431,18,50,0
432,112,261,0
433,945,965,1
434,241,156,1
435,265,94,1
436,198,156,1
437,439,25,1
438,951,631,1
439,424,21,1
440,907,602,1
441,740,305,1
442,886,803,1
443,116,67,1
444,960,825,1
445,396,118,1
446,967,151,1
447,628,464,1
448,36,156,0
449,920,534,1
450,291,210,1
451,647,476,1
452,20,352,0
453,33,116,0
454,350,702,1
455,658,545,1
456,835,885,1
457,115,618,0
458,159,913,0
459,504,22,1
460,162,405,0
461,251,600,0
462,589,641,1
463,767,32,1
464,81,889,0
465,313,547,1
466,675,325,1
467,945,161,1
468,731,537,1
469,263,289,1
470,108,416,0
471,423,899,1
472,198,546,0
473,791,329,1
474,719,647,1
475,728,891,1
476,904,166,1
477,463,942,1
478,675,103,1
479,368,464,1
480,403,986,0
481,112,90,1
482,956,754,1
483,809,426,1
484,425,337,1
485,483,692,1
486,988,848,1
487,741,437,1
488,927,451,1
489,602,364,1
490,170,416,0
491,400,382,1
492,798,322,1
493,669,836,1
494,166,422,0
495,290,274,1
496,557,169,1
497,305,998,0
498,810,612,1
499,723,43,1
500,920,725,1
501,842,882,1
502,506,491,1
503,717,964,1
504,300,726,0
505,714,230,1
506,828,896,1
507,269,834,0
508,615,4,1
509,639,302,1
510,936,618,1
511,18,707,0
512,564,99,1
513,752,427,1
514,745,391,1
515,524,944,1
516,309,417,1
517,264,269,1
518,402,76,1
519,845,676,1
520,303,909,0
521,65,452,0
522,338,604,1
523,595,131,1
524,161,151,1
525,578,224,1
526,968,77,1
527,955,966,1
528,852,589,1
529,442,374,1
530,790,640,1
531,511,716,1
532,851,273,1
533,977,675,1
534,185,848,0
535,457,144,1
536,684,381,1
537,189,920,0
538,647,15,1
539,381,119,1
540,462,393,1
541,578,438,1
542,311,501,1
543,442,880,1
544,105,161,1
545,193,785,0
546,916,339,1
547,73,572,0
548,328,841,0
549,650,823,1
550,698,809,1
551,164,701,0
552,985,338,1
553,849,472,1
554,927,70,1
555,160,104,1
556,923,548,1
557,188,973,0
558,235,734,0
559,483,469,1
560,46,964,0
561,282,698,0
562,671,978,1
563,86,963,0
564,38,845,0
565,549,533,1
566,577,366,1
567,459,990,1
568,952,400,1
569,976,846,1
570,670,276,1
571,279,163,1
572,35,662,0
573,82,63,1
574,222,195,1
575,137,224,1
576,424,690,1
577,977,780,1
578,844,804,1
579,249,614,0
580,498,113,1
581,367,561,1
582,323,936,0
583,57,976,0
584,478,403,1
585,96,928,0
586,137,197,1
587,559,179,1
588,812,585,1
589,793,858,1
590,207,960,0
591,752,70,1
592,931,718,1
593,346,307,1
594,798,994,1
595,942,385,1
596,896,616,1
597,533,376,1
598,371,77,1
599,699,63,1
600,679,655,1
601,676,497,1
602,867,782,1
603,931,629,1
604,720,570,1
605,302,601,1
606,839,498,1
607,789,91,1
608,83,270,0
609,218,83,1
610,969,418,1
611,442,423,1
612,780,728,1
613,17,100,0
614,261,409,1
615,228,487,1
616,607,319,1
617,560,78,1
618,544,2,1
619,96,213,1
620,340,413,1
621,979,856,1
622,812,180,1
623,428,290,1
624,867,669,1
625,115,736,0
626,497,624,1
627,953,445,1
628,321,404,1
629,336,931,0
630,565,103,1
631,649,651,1
632,473,545,1
633,456,353,1
634,629,702,1
635,441,471,1
636,580,310,1
637,46,396,0
638,161,971,0
639,360,64,1
640,169,670,0
641,402,479,1
642,779,694,1
643,222,487,1
644,756,823,1
645,215,664,0
646,24,643,0
647,997,496,1
648,491,383,1
649,487,807,1
650,693,517,1
651,347,358,1
652,499,969,1
653,433,815,1
654,266,186,1
655,126,872,0
656,903,311,1
657,940,186,1
658,874,107,1
659,342,953,0
660,937,126,1
661,104,567,0
662,865,978,1
663,301,161,1
664,703,623,1
665,579,509,1
666,172,467,0
667,810,694,1
668,158,730,0
669,106,71,1
670,780,77,1
671,113,48,1
672,522,762,1
673,411,127,1
674,170,688,0
675,356,430,1
676,340,733,1
677,1,140,0
678,908,647,1
679,245,275,1
680,25,115,0
681,663,246,1
682,414,805,1
683,968,869,1
684,962,996,1
685,787,318,1
686,826,81,1
687,30,914,0
688,398,596,1
689,108,177,1
690,976,931,1
691,52,394,0
692,904,465,1
693,765,683,1
694,741,414,1
695,272,890,0
696,967,256,1
697,15,918,0
698,904,534,1
699,732,637,1
700,784,509,1
701,498,618,1
702,496,409,1
703,224,802,0
704,166,521,0
705,388,332,1
706,71,816,0
707,100,387,0
708,443,116,1
709,103,401,0
710,625,652,1
711,562,41,1
712,163,314,1
713,711,577,1
714,485,355,1
715,416,603,1
716,247,95,1
717,905,238,1
718,378,82,1
719,476,973,1
720,431,934,1
721,581,948,1
722,115,634,0
723,717,131,1
724,935,906,1
725,157,961,0
726,171,508,0
727,112,421,0
728,58,21,1
729,83,75,1
730,1,55,0
731,129,906,0
732,954,968,1
733,262,582,1
734,197,119,1
735,637,967,1
736,413,421,1
737,933,686,1
738,568,157,1
739,454,774,1
740,688,793,1
741,113,238,1
742,272,659,0
743,22,802,0
744,568,437,1
745,311,417,1
746,881,438,1
747,874,943,1
748,452,274,1
749,140,311,1
750,612,172,1
751,96,28,1
752,140,138,1
753,286,532,1
754,859,29,1
755,849,314,1
756,628,764,1
757,73,222,0
758,114,28,1
759,775,627,1
760,961,302,1
761,591,494,1
762,952,461,1
763,935,534,1
764,50,658,0
765,470,27,1
766,947,558,1
767,496,367,1
768,176,251,1
769,150,68,1
770,599,392,1
771,626,193,1
772,262,239,1
773,224,804,0
774,431,892,1
775,912,469,1
776,889,12,1
777,383,157,1
778,202,975,0
779,797,530,1
780,296,596,1
781,850,624,1
782,23,136,0
783,522,869,1
784,652,75,1
785,624,681,1
786,936,431,1
787,814,847,1
788,17,453,0
789,42,917,0
790,370,94,1
791,508,596,1
792,579,155,1
793,771,156,1
794,307,313,1
795,344,928,0
796,313,52,1
797,203,489,0
798,155,535,0
799,529,209,1
800,837,749,1
801,71,855,0
802,67,168,0
803,56,666,0
804,906,300,1
805,394,75,1
806,136,926,0
807,159,940,0
808,828,246,1
809,776,814,1
810,104,958,0
811,371,604,1
812,619,430,1
813,189,314,1
814,427,686,1
815,410,65,1
816,359,263,1
817,641,466,1
818,939,54,1
819,373,188,1
820,372,94,1
821,894,804,1
822,940,529,1
823,143,696,0
824,912,675,1
825,664,520,1
826,996,411,1
827,419,313,1
828,680,902,1
829,491,767,1
830,75,129,1
831,657,623,1
832,150,539,0
833,417,150,1
834,652,30,1
835,409,73,1
836,189,912,0
837,801,818,1
838,34,970,0
839,653,268,1
840,186,28,1
841,568,604,1
842,251,546,1
843,227,316,1
844,253,920,0
845,739,524,1
846,32,613,0
847,673,943,1
848,213,751,0
849,362,32,1
850,402,523,1
851,423,775,1
852,223,150,1
853,543,203,1
854,462,534,1
855,464,437,1
856,960,94,1
857,692,199,1
858,361,114,1
859,328,560,1
860,221,511,0
861,712,110,1
862,397,182,1
863,86,918,0
864,466,581,1
865,250,818,0
866,642,257,1
867,827,216,1
868,975,893,1
869,476,178,1
870,117,760,0
871,953,279,1
872,164,541,0
873,345,910,0
874,219,724,0
875,669,195,1
876,102,297,0
877,126,335,0
878,70,910,0
879,917,728,1
880,231,306,1
881,436,962,1
882,151,229,1
883,354,360,1
884,745,263,1
885,500,620,1
886,289,804,0
887,23,662,0
888,779,973,1
889,985,332,1
890,892,631,1
891,615,639,1
892,218,512,0
893,353,773,1
894,439,819,1
895,266,8,1
896,569,290,1
897,620,835,1
898,141,211,1
899,344,68,1
900,921,232,1
901,395,819,1
902,529,663,1
903,916,29,1
904,576,554,1
905,969,981,1
906,977,108,1
907,274,280,1
908,78,938,0
909,829,899,1
910,805,281,1
911,208,996,0
912,611,297,1
913,342,617,1
914,32,829,0
915,328,616,1
916,546,414,1
917,589,52,1
918,102,380,0
919,332,929,0
920,153,120,1
921,254,253,1
922,732,161,1
923,960,83,1
924,718,425,1
925,286,437,1
926,99,179,1
927,396,493,1
928,435,163,1
929,278,904,0
930,853,345,1
931,311,24,1
932,66,308,0
933,830,980,1
934,710,160,1
935,340,422,1
936,984,507,1
937,682,777,1
938,907,833,1
939,640,820,1
940,62,146,0
941,672,432,1
942,286,29,1
943,385,282,1
944,123,172,1
945,511,973,1
946,847,427,1
947,48,527,0
948,531,829,1
949,698,502,1
950,212,590,0
951,503,175,1
952,178,311,1
953,50,571,0
954,345,305,1
955,740,567,1
956,841,793,1
957,655,590,1
958,872,516,1
959,204,661,0
960,128,367,0
961,255,226,1
962,875,438,1
963,392,618,1
964,505,407,1
965,965,558,1
966,732,418,1
967,122,201,1
968,731,919,1
969,699,897,1
970,523,188,1
971,760,823,1
972,420,386,1
973,759,932,1
974,527,267,1
975,648,771,1
976,933,810,1
977,657,429,1
978,963,782,1
979,618,988,1
980,266,484,1
981,499,864,1
982,299,961,0
983,617,576,1
984,407,625,1
985,823,726,1
986,388,847,1
987,145,841,0
988,51,329,0
989,28,7,1
990,734,934,1
991,930,287,1
992,144,951,0
993,649,641,1
994,357,832,0
995,59,59,1
996,512,114,1
997,720,872,1
998,915,542,1
999,319,151,1
1000,545,7,1
1001,780,846,1
1002,904,677,1
1003,651,280,1
1004,274,538,1
1005,435,2,1
1006,738,218,1
1007,645,78,1
1008,283,124,1
1009,828,530,1
1010,308,839,0
1011,198,208,1
1012,968,307,1
1013,840,739,1
1014,947,566,1
1015,241,787,0
1016,958,751,1
1017,293,589,1
1018,11,522,0
1019,625,482,1
1020,396,872,1
1021,758,425,1
1022,582,787,1
1023,334,460,1
1024,427,147,1
1025,132,980,0
1026,365,24,1
1027,760,906,1
1028,382,956,0
1029,304,627,1
1030,692,84,1
1031,826,151,1
1032,754,323,1
1033,61,431,0
1034,346,827,0
1035,544,600,1
1036,359,361,1
1037,802,384,1
1038,30,195,0
1039,936,652,1
1040,492,993,1
1041,854,243,1
1042,218,294,1
1043,573,947,1
1044,694,625,1
1045,882,318,1
1046,92,940,0
1047,510,576,1
1048,193,496,0
1049,34,88,0
1050,560,683,1
1051,587,713,1
1052,253,303,1
1053,955,492,1
1054,990,464,1
1055,856,371,1
1056,594,162,1
1057,150,572,0
1058,825,789,1
1059,647,944,1
1060,324,966,0
1061,803,911,1
1062,398,707,1
1063,971,666,1
1064,823,434,1
1065,798,317,1
1066,865,22,1
1067,991,599,1
1068,59,168,0
1069,158,607,0
1070,171,486,0
1071,258,845,0
1072,640,282,1
1073,824,154,1
1074,254,354,1
1075,333,684,1
1076,147,599,0
1077,71,370,0
1078,790,900,1
1079,234,889,0
1080,295,509,1
1081,679,153,1
1082,881,945,1
1083,495,975,1
1084,388,494,1
1085,381,559,1
1086,776,736,1
1087,393,501,1
1088,716,661,1
1089,968,472,1
1090,747,1000,1
1091,569,981,1
1092,480,856,1
1093,155,867,0
1094,256,580,0
1095,722,512,1
1096,926,93,1
1097,968,784,1
1098,429,896,1
1099,288,812,0
1100,742,166,1
1101,925,703,1
1102,9,98,0
1103,161,432,0
1104,216,7,1
1105,874,324,1
1106,518,132,1
1107,31,332,0
1108,455,972,1
1109,345,487,1
1110,601,46,1
1111,852,60,1
1112,416,22,1
1113,677,990,1
1114,664,918,1
1115,917,811,1
1116,235,524,0
1117,595,867,1
1118,282,9,1
1119,279,234,1
1120,424,268,1
1121,451,554,1
1122,754,817,1
1123,916,840,1
1124,755,401,1
1125,726,984,1
1126,700,510,1
1127,695,224,1
1128,721,147,1
1129,833,215,1
1130,934,927,1
1131,699,608,1
1132,728,308,1
1133,673,671,1
1134,864,528,1
1135,399,862,1
1136,674,471,1
1137,669,908,1
1138,356,171,1
1139,428,283,1
1140,42,849,0
1141,983,4,1
1142,662,401,1
1143,957,297,1
1144,436,746,1
1145,18,263,0
1146,276,487,1
1147,389,78,1
1148,721,922,1
1149,965,399,1
1150,470,436,1
1151,652,329,1
1152,520,390,1
1153,405,799,1
1154,535,439,1
1155,90,394,0
1156,846,738,1
1157,54,478,0
1158,529,162,1
1159,538,707,1
1160,390,774,1
1161,779,331,1
1162,853,67,1
1163,1000,731,1
1164,929,754,1
1165,929,727,1
1166,128,384,0
1167,739,303,1
1168,743,611,1
1169,720,888,1
1170,495,832,1
1171,523,240,1
1172,284,918,0
1173,689,778,1
1174,355,38,1
1175,75,74,1
1176,635,34,1
1177,768,253,1
1178,165,559,0
1179,879,952,1
1180,478,704,1
1181,995,60,1
1182,619,408,1
1183,903,603,1
1184,251,84,1
1185,416,274,1
1186,384,419,1
1187,986,322,1
1188,703,978,1
1189,490,164,1
1190,760,776,1
1191,875,665,1
1192,943,675,1
1193,53,147,0
1194,200,110,1
1195,639,884,1
1196,866,304,1
1197,557,241,1
1198,666,513,1
1199,581,306,1
1200,920,659,1
1201,155,161,1
1202,510,475,1
1203,36,556,0
1204,205,642,0
1205,511,872,1
1206,562,245,1
1207,71,132,1
1208,278,709,0
1209,966,152,1
1210,875,276,1
1211,292,553,1
1212,90,381,0
1213,861,594,1
1214,1,134,0
1215,456,927,1
1216,745,109,1
1217,547,537,1
1218,590,532,1
1219,468,81,1
1220,688,626,1
1221,283,667,0
1222,847,152,1
1223,755,537,1
1224,491,677,1
1225,15,88,0
1226,249,838,0
1227,345,691,1
1228,721,629,1
1229,157,803,0
1230,348,564,1
1231,837,88,1
1232,4,310,0
1233,694,454,1
1234,907,779,1
1235,447,366,1
1236,661,718,1
1237,209,512,0
1238,746,29,1
1239,162,58,1
1240,459,701,1
1241,36,400,0
1242,678,287,1
1243,346,592,1
1244,421,234,1
1245,563,176,1
1246,760,14,1
1247,863,86,1
1248,59,322,0
1249,54,196,0
1250,506,971,1
1251,736,23,1
1252,448,74,1
1253,639,762,1
1254,119,785,0
1255,768,996,1
1256,850,505,1
1257,409,714,1
1258,967,923,1
1259,572,922,1
1260,480,473,1
1261,322,693,1
1262,336,288,1
1263,427,368,1
1264,954,157,1
1265,57,640,0
1266,645,401,1
1267,116,567,0
1268,805,90,1
1269,592,591,1
1270,491,647,1
1271,674,754,1
1272,164,287,1
1273,514,100,1
1274,119,327,0
1275,907,765,1
1276,559,495,1
1277,285,31,1
1278,648,983,1
1279,996,248,1
1280,951,91,1
1281,617,796,1
1282,290,800,0
1283,438,947,1
1284,63,490,0
1285,575,114,1
1286,177,491,0
1287,732,113,1
1288,516,618,1
1289,547,417,1
1290,666,494,1
1291,530,567,1
1292,862,878,1
1293,98,129,1
1294,29,518,0
1295,743,771,1
1296,364,144,1
1297,60,662,0
1298,805,468,1
1299,443,775,1
1300,851,581,1
1301,706,160,1
1302,597,802,1
1303,241,837,0
1304,288,22,1
1305,280,588,1
1306,652,829,1
1307,446,818,1
1308,448,739,1
1309,428,86,1
1310,138,122,1
1311,911,349,1
1312,591,31,1
1313,116,785,0
1314,680,450,1
1315,991,454,1
1316,989,433,1
1317,916,91,1
1318,796,720,1
1319,222,977,0
1320,682,638,1
1321,237,564,0
1322,562,319,1
1323,394,482,1
1324,931,146,1
1325,127,196,1
1326,227,758,0
1327,857,897,1
1328,82,766,0
1329,87,841,0
1330,585,61,1
1331,109,421,0
1332,313,32,1
1333,57,809,0
1334,256,831,0
1335,902,994,1
1336,223,96,1
1337,406,378,1
1338,479,216,1
1339,139,573,0
1340,713,894,1
1341,30,7,1
1342,36,414,0
1343,681,388,1
1344,505,839,1
1345,856,339,1
1346,387,818,1
1347,921,152,1
1348,323,383,1
1349,260,28,1
1350,447,534,1
1351,838,36,1
1352,682,174,1
1353,608,427,1
1354,543,789,1
1355,676,405,1
1356,615,485,1
1357,279,225,1
1358,850,871,1
1359,458,137,1
1360,210,295,1
1361,883,921,1
1362,91,180,1
1363,520,594,1
1364,942,162,1
1365,323,570,1
1366,973,486,1
1367,953,146,1
1368,1,29,0
1369,269,140,1
1370,414,337,1
1371,98,766,0
1372,577,162,1
1373,37,543,0
1374,368,885,0
1375,728,693,1
1376,927,147,1
1377,51,801,0
1378,803,288,1
1379,478,296,1
1380,31,661,0
1381,513,870,1
1382,436,509,1
1383,156,297,1
1384,302,322,1
1385,154,799,0
1386,257,577,0
1387,152,709,0
1388,674,560,1
1389,972,358,1
1390,386,202,1
1391,401,628,1
1392,317,269,1
1393,438,142,1
1394,265,809,0
1395,414,901,1
1396,546,828,1
1397,346,781,0
1398,450,998,1
1399,874,685,1
1400,702,327,1
1401,628,826,1
1402,27,344,0
1403,459,902,1
1404,343,253,1
1405,600,225,1
1406,461,292,1
1407,374,281,1
1408,160,290,1
1409,583,628,1
1410,872,187,1
1411,684,879,1
1412,691,595,1
1413,674,257,1
1414,946,894,1
1415,872,385,1
1416,580,65,1
1417,389,744,1
1418,113,203,1
1419,350,957,0
1420,508,659,1
1421,629,636,1
1422,324,551,1
1423,5,946,0
1424,796,774,1
1425,146,519,0
1426,389,299,1
1427,534,544,1
1428,589,62,1
1429,965,559,1
1430,449,224,1
1431,522,162,1
1432,886,228,1
1433,98,533,0
1434,149,245,1
1435,678,317,1
1436,901,671,1
1437,759,291,1
1438,763,982,1
1439,458,352,1
1440,44,581,0
1441,307,707,0
1442,915,804,1
1443,773,332,1
1444,781,969,1
1445,783,988,1
1446,593,33,1
1447,283,916,0
1448,294,251,1
1449,64,742,0
1450,429,866,1
1451,471,475,1
1452,950,365,1
1453,410,98,1
1454,126,949,0
1455,136,770,0
1456,893,522,1
1457,86,444,0
1458,598,314,1
1459,111,296,0
1460,999,207,1
1461,644,907,1
1462,200,348,1
1463,63,298,0
1464,65,892,0
1465,113,93,1
1466,836,959,1
1467,796,395,1
1468,378,185,1
1469,626,909,1
1470,346,753,1
1471,60,178,0
1472,851,955,1
1473,335,183,1
1474,138,554,0
1475,472,88,1
1476,711,846,1
1477,1000,640,1
1478,650,237,1
1479,195,841,0
1480,403,410,1
1481,291,560,1
1482,671,727,1
1483,585,320,1
1484,430,143,1
1485,667,41,1
1486,954,573,1
1487,673,517,1
1488,418,963,0
1489,538,735,1
1490,204,336,1
1491,611,464,1
1492,241,24,1
1493,431,135,1
1494,625,441,1
1495,347,196,1
1496,200,736,0
1497,680,170,1
1498,353,694,1
1499,907,623,1
1500,174,43,1
1501,537,473,1
1502,546,941,1
1503,836,14,1
1504,333,421,1
1505,523,488,1
1506,119,174,1
1507,613,275,1
1508,880,715,1
1509,22,500,0
1510,179,147,1
1511,290,888,0
1512,243,716,0
1513,54,983,0
1514,422,969,0
1515,86,851,0
1516,118,353,0
1517,737,593,1
1518,590,990,1
1519,712,178,1
1520,482,414,1
1521,446,702,1
1522,983,130,1
1523,146,334,0
1524,945,761,1
1525,647,956,1
1526,387,48,1
1527,68,177,0
1528,921,976,1
1529,351,859,0
1530,306,180,1
1531,253,873,0
1532,386,749,1
1533,413,509,1
1534,755,412,1
1535,674,925,1
1536,331,475,1
1537,575,397,1
1538,600,176,1
1539,540,636,1
1540,232,375,1
1541,631,417,1
1542,678,131,1
1543,502,731,1
1544,798,169,1
1545,633,394,1
1546,90,18,1
1547,765,757,1
1548,205,898,0
1549,218,553,0
1550,156,249,1
1551,974,370,1
1552,973,470,1
1553,162,489,0
1554,135,491,0
1555,634,306,1
1556,49,25,1
1557,482,441,1
1558,934,217,1
1559,612,169,1
1560,686,195,1
1561,510,777,1
1562,105,863,0
1563,865,339,1
1564,660,918,1
1565,84,985,0
1566,69,811,0
1567,558,758,1
1568,51,428,0
1569,651,295,1
1570,95,399,0
1571,486,52,1
1572,847,259,1
1573,940,799,1
1574,737,708,1
1575,265,304,1
1576,125,442,0
1577,404,90,1
1578,763,607,1
1579,621,102,1
1580,107,715,0
1581,1000,90,1
1582,859,6,1
1583,121,701,0
1584,939,249,1
1585,622,561,1
1586,228,417,1
1587,748,822,1
1588,711,385,1
1589,754,119,1
1590,267,907,0
1591,746,363,1
1592,822,418,1
1593,926,779,1
1594,972,615,1
1595,183,987,0
1596,501,175,1
1597,184,454,0
1598,665,741,1
1599,937,202,1
1600,855,1,1
1601,295,293,1
1602,803,348,1
1603,969,155,1
1604,853,495,1
1605,414,693,1
1606,158,831,0
1607,658,152,1
1608,446,287,1
1609,792,95,1
1610,33,883,0
1611,936,637,1
1612,688,356,1
1613,953,643,1
1614,771,620,1
1615,586,698,1
1616,180,920,0
1617,435,510,1
1618,95,85,1
1619,601,16,1
1620,981,768,1
1621,30,574,0
1622,912,902,1
1623,230,840,0
1624,321,501,1
1625,157,170,1
1626,525,517,1
1627,175,913,0
1628,654,887,1
1629,944,236,1
1630,974,832,1
1631,817,585,1
1632,6,473,0
1633,684,968,1
1634,556,623,1
1635,591,96,1
1636,363,50,1
1637,748,964,1
1638,196,484,0
1639,473,866,1
1640,699,96,1
1641,483,128,1
1642,28,348,0
1643,902,915,1
1644,988,188,1
1645,543,613,1
1646,220,980,0
1647,530,650,1
1648,400,890,1
1649,711,480,1
1650,654,910,1
1651,863,120,1
1652,130,831,0
1653,317,661,1
1654,519,340,1
1655,688,288,1
1656,599,971,1
1657,877,301,1
1658,19,681,0
1659,73,734,0
1660,174,479,0
1661,499,922,1
1662,123,389,0
1663,368,754,1
1664,632,102,1
1665,265,120,1
1666,690,671,1
1667,551,100,1
1668,151,325,1
1669,606,140,1
1670,443,842,1
1671,7,959,0
1672,154,540,0
1673,911,6,1
1674,765,138,1
1675,757,71,1
1676,511,212,1
1677,345,384,1
1678,279,14,1
1679,728,357,1
1680,680,96,1
1681,740,38,1
1682,171,525,0
1683,872,351,1
1684,790,238,1
1685,201,285,1
1686,6,147,0
1687,152,154,1
1688,112,5,1
1689,917,958,1
1690,694,803,1
1691,429,58,1
1692,637,342,1
1693,979,905,1
1694,402,347,1
1695,373,702,1
1696,597,93,1
1697,477,628,1
1698,573,805,1
1699,728,814,1
1700,715,471,1
1701,972,172,1
1702,195,586,0
1703,482,774,1
1704,141,11,1
1705,699,896,1
1706,354,38,1
1707,950,227,1
1708,130,435,0
1709,71,75,1
1710,34,929,0
1711,708,794,1
1712,506,18,1
1713,697,128,1
1714,365,186,1
1715,627,429,1
1716,170,500,0
1717,57,85,1
1718,927,395,1
1719,295,247,1
1720,349,387,1
1721,948,74,1
1722,198,922,0
1723,268,757,0
1724,499,142,1
1725,688,241,1
1726,762,91,1
1727,768,620,1
1728,749,201,1
1729,978,277,1
1730,62,720,0
1731,564,871,1
1732,830,105,1
1733,470,53,1
1734,973,291,1
1735,667,592,1
1736,195,31,1
1737,206,24,1
1738,421,688,1
1739,154,684,0
1740,659,218,1
1741,321,559,1
1742,607,718,1
1743,222,42,1
1744,368,143,1
1745,382,528,1
1746,788,220,1
1747,128,585,0
1748,772,786,1
1749,478,743,1
1750,497,566,1
1751,555,359,1
1752,972,660,1
1753,116,300,0
1754,811,798,1
1755,316,798,0
1756,960,676,1
1757,144,353,0
1758,515,885,1
1759,625,54,1
1760,504,576,1
1761,535,547,1
1762,35,41,1
1763,370,879,0
1764,784,395,1
1765,892,750,1
1766,895,974,1
1767,235,309,1
1768,844,158,1
1769,507,507,1
1770,301,720,0
1771,895,213,1
1772,828,713,1
1773,135,628,0
1774,540,812,1
1775,446,828,1
1776,905,512,1
1777,459,156,1
1778,112,444,0
1779,791,21,1
1780,677,584,1
1781,198,840,0
1782,132,721,0
1783,550,689,1
1784,879,616,1
1785,893,946,1
1786,990,737,1
1787,39,861,0
1788,964,771,1
1789,260,538,1
1790,14,808,0
1791,400,73,1
1792,270,130,1
1793,668,909,1
1794,494,368,1
1795,795,750,1
1796,57,820,0
1797,583,408,1
1798,139,899,0
1799,145,717,0
1800,344,632,1
1801,159,948,0
1802,170,141,1
1803,455,12,1
1804,324,87,1
1805,514,481,1
1806,699,60,1
1807,36,225,0
1808,789,4,1
1809,776,116,1
1810,625,306,1
1811,312,326,1
1812,382,333,1
1813,402,939,0
1814,304,303,1
1815,615,293,1
1816,869,513,1
1817,69,317,0
1818,413,545,1
1819,692,588,1
1820,832,17,1
1821,261,676,0
1822,409,773,1
1823,501,608,1
1824,320,217,1
1825,426,796,1
1826,510,588,1
1827,141,162,1
1828,81,917,0
1829,253,995,0
1830,135,297,1
1831,885,415,1
1832,992,166,1
1833,603,681,1
1834,420,1000,0
1835,561,521,1
1836,995,845,1
1837,848,775,1
1838,131,910,0
1839,744,721,1
1840,236,4,1
1841,21,185,0
1842,104,717,0
1843,204,174,1
1844,366,266,1
1845,179,22,1
1846,901,182,1
1847,502,93,1
1848,637,253,1
1849,13,484,0
1850,114,886,0
1851,123,313,0
1852,434,431,1
1853,513,614,1
1854,974,579,1
1855,9,497,0
1856,925,867,1
1857,847,720,1
1858,851,454,1
1859,769,126,1
1860,448,862,1
1861,784,30,1
1862,797,1,1
1863,270,803,0
1864,274,240,1
1865,167,242,1
1866,371,832,1
1867,869,269,1
1868,425,522,1
1869,563,285,1
1870,436,265,1
1871,355,739,1
1872,822,272,1
1873,867,323,1
1874,427,317,1
1875,945,805,1
1876,405,158,1
1877,536,41,1
1878,555,519,1
1879,987,31,1
1880,809,557,1
1881,318,144,1
1882,939,361,1
1883,412,252,1
1884,708,76,1
1885,90,761,0
1886,275,108,1
1887,122,588,0
1888,756,1000,1
1889,269,64,1
1890,461,774,1
1891,888,912,1
1892,791,854,1
1893,215,818,0
1894,4,43,0
1895,567,283,1
1896,712,886,1
1897,932,153,1
1898,415,966,0
1899,835,448,1
1900,902,184,1
1901,426,428,1
1902,158,790,0
1903,828,888,1
1904,467,23,1
1905,504,633,1
1906,924,892,1
1907,233,3,1
1908,907,458,1
1909,849,190,1
1910,587,289,1
1911,390,259,1
1912,161,80,1
1913,230,921,0
1914,802,682,1
1915,143,6,1
1916,892,897,1
1917,71,588,0
1918,970,901,1
1919,2,619,0
1920,143,81,1
1921,610,380,1
1922,852,403,1
1923,129,793,0
1924,164,414,0
1925,74,239,0
1926,188,462,0
1927,165,309,1
1928,184,455,0
1929,209,148,1
1930,553,738,1
1931,611,994,1
1932,466,532,1
1933,13,100,0
1934,34,885,0
1935,354,8,1
1936,20,34,1
1937,614,460,1
1938,569,104,1
1939,659,55,1
1940,104,102,1
1941,998,914,1
1942,452,837,1
1943,471,291,1
1944,179,463,0
1945,887,694,1
1946,486,225,1
1947,108,919,0
1948,628,406,1
1949,576,400,1
1950,210,481,0
1951,688,299,1
1952,109,206,1
1953,448,6,1
1954,112,22,1
1955,164,745,0
1956,105,646,0
1957,897,860,1
1958,405,323,1
1959,825,825,1
1960,4,875,0
1961,637,491,1
1962,359,267,1
1963,502,578,1
1964,814,345,1
1965,844,20,1
1966,150,925,0
1967,679,482,1
1968,583,489,1
1969,428,764,1
1970,396,386,1
1971,839,146,1
1972,212,761,0
1973,879,720,1
1974,101,411,0
1975,367,836,0
1976,408,513,1
1977,568,24,1
1978,903,789,1
1979,628,758,1
1980,723,98,1
1981,893,13,1
1982,315,750,0
1983,172,151,1
1984,46,639,0
1985,590,236,1
1986,178,598,0
1987,752,767,1
1988,893,653,1
1989,324,258,1
1990,744,753,1
1991,476,904,1
1992,251,892,0
1993,730,383,1
1994,459,554,1
1995,626,273,1
1996,464,757,1
1997,23,45,1
1998,372,711,1
1999,682,575,1
2000,54,963,0
