n 2000
c 401282
z 718049
time 0.00
1,617,404,1
2,717,461,1
3,403,695,0
4,787,924,0
5,492,961,0
6,824,330,1
7,292,146,1
8,34,188,0
9,137,386,0
10,225,763,0
11,770,64,1
12,610,620,1
13,862,505,1
14,345,301,1
15,682,401,1
16,451,13,1
17,881,930,1
18,889,785,1
19,629,382,1
20,280,959,0
21,492,554,0
22,926,272,1
23,455,913,0
24,855,671,1
25,108,409,0
26,293,873,0
27,555,799,0
28,78,24,1
29,757,298,1
30,95,496,0
31,616,798,0
32,991,388,1
33,7,216,0
34,94,158,0
35,878,593,1
36,428,514,0
37,956,193,1
38,862,589,1
39,297,345,0
40,186,23,1
41,703,164,1
42,588,10,1
43,740,499,1
44,770,510,1
45,693,580,1
46,186,907,0
47,687,6,1
48,987,74,1
49,391,428,0
50,576,761,0
51,858,603,1
52,177,721,0
53,86,962,0
54,740,45,1
55,7,101,0
56,465,752,0
57,629,734,0
58,411,171,1
59,451,705,0
60,770,851,0
61,539,169,1
62,653,523,1
63,876,956,0
64,340,947,0
65,573,768,0
66,564,5,1
67,300,393,0
68,980,399,1
69,919,257,1
70,564,954,0
71,868,570,1
72,782,470,1
73,668,115,1
74,556,592,1
75,289,796,0
76,769,449,1
77,809,535,1
78,52,708,0
79,355,837,0
80,94,571,0
81,590,346,1
82,277,254,1
83,488,415,1
84,145,226,0
85,884,170,1
86,91,914,0
87,901,708,1
88,566,205,1
89,751,151,1
90,725,332,1
91,877,849,1
92,844,5,1
93,988,881,1
94,387,544,0
95,391,317,1
96,973,958,1
97,476,534,0
98,135,185,0
99,483,577,0
100,715,357,1
101,855,210,1
102,412,561,0
103,597,631,1
104,20,985,0
105,106,638,0
106,282,283,1
107,105,580,0
108,7,27,0
109,481,907,0
110,567,830,0
111,908,543,1
112,925,552,1
113,692,262,1
114,230,850,0
115,641,130,1
116,280,979,0
117,294,732,0
118,260,666,0
119,113,894,0
120,470,333,1
121,472,164,1
122,725,145,1
123,137,144,1
124,966,407,1
125,554,954,0
126,307,127,1
127,823,872,1
128,977,36,1
129,866,279,1
130,311,900,0
131,421,494,0
132,306,730,0
133,451,891,0
134,389,673,0
135,36,413,0
136,758,263,1
137,959,822,1
138,628,955,0
139,314,858,0
140,492,901,0
141,341,336,1
142,563,841,0
143,460,908,0
144,678,792,0
145,51,414,0
146,253,219,1
147,844,83,1
148,590,628,1
149,547,69,1
150,149,867,0
151,187,906,0
152,201,233,0
153,914,894,1
154,818,157,1
155,431,942,0
156,111,321,0
157,164,11,1
158,228,520,0
159,318,790,0
160,144,118,1
161,721,206,1
162,396,435,0
163,473,371,1
164,992,990,1
165,315,222,1
166,128,867,0
167,530,783,0
168,819,328,1
169,677,234,1
170,84,706,0
171,237,423,0
172,745,222,1
173,405,613,0
174,537,230,1
175,570,571,1
176,875,923,1
177,34,659,0
178,497,474,1
179,569,379,1
180,43,100,0
181,270,648,0
182,408,277,1
183,172,625,0
184,80,977,0
185,516,853,0
186,940,126,1
187,176,11,1
188,575,362,1
189,226,460,0
190,742,58,1
191,683,7,1
192,106,531,0
193,600,601,1
194,119,929,0
195,599,566,1
196,732,562,1
197,591,928,0
198,539,550,1
199,421,347,1
200,851,534,1
201,275,147,1
202,288,949,0
203,403,699,0
204,965,463,1
205,473,643,0
206,719,317,1
207,646,845,0
208,650,842,0
209,409,164,1
210,122,670,0
211,976,673,1
212,48,412,0
213,844,91,1
214,996,705,1
215,986,890,1
216,513,596,0
217,262,801,0
218,300,348,0
219,122,70,1
220,542,771,0
221,260,142,1
222,801,653,1
223,318,546,0
224,791,964,0
225,191,984,0
226,406,668,0
227,911,568,1
228,384,206,1
229,839,132,1
230,895,267,1
231,175,770,0
232,518,639,0
233,201,913,0
234,306,319,1
235,178,78,1
236,407,784,0
237,33,258,0
238,823,502,1
239,272,73,1
240,965,901,1
241,176,242,0
242,936,520,1
243,625,150,1
244,675,980,0
245,102,287,0
246,777,295,1
247,943,630,1
248,814,330,1
249,832,105,1
250,48,889,0
251,95,943,0
252,28,187,0
253,427,777,0
254,749,730,1
255,167,824,0
256,736,121,1
257,118,109,1
258,483,381,1
259,841,968,0
260,547,17,1
261,772,784,1
262,821,154,1
263,646,475,1
264,420,931,0
265,111,252,0
266,33,286,0
267,20,831,0
268,81,736,0
269,134,521,0
270,584,648,0
271,672,864,0
272,19,956,0
273,591,516,1
274,947,887,1
275,988,778,1
276,262,955,0
277,813,163,1
278,727,559,1
279,882,901,1
280,813,845,1
281,58,901,0
282,202,483,0
283,990,272,1
284,922,155,1
285,741,437,1
286,139,537,0
287,343,200,1
288,547,105,1
289,198,925,0
290,933,659,1
291,517,575,0
292,510,636,0
293,308,77,1
294,252,10,1
295,84,431,0
296,517,779,0
297,669,859,0
298,405,939,0
299,520,974,0
300,298,992,0
301,758,609,1
302,922,915,1
303,679,218,1
304,580,566,1
305,878,580,1
306,124,620,0
307,745,460,1
308,511,362,1
309,303,136,1
310,590,376,1
311,867,894,1
312,800,299,1
313,13,799,0
314,896,890,1
315,39,190,0
316,398,75,1
317,668,521,1
318,289,610,0
319,732,459,1
320,506,957,0
321,365,651,0
322,804,423,1
323,756,732,1
324,511,127,1
325,545,170,1
326,363,580,0
327,520,974,0
328,874,631,1
329,444,870,0
330,518,669,0
331,830,60,1
332,138,984,0
333,875,233,1
334,69,561,0
335,667,750,0
336,688,628,1
337,262,687,0
338,473,815,0
339,473,821,0
340,272,256,1
341,718,654,1
342,263,667,0
343,146,858,0
344,14,685,0
345,415,157,1
346,20,975,0
347,282,868,0
348,842,474,1
349,567,758,0
350,577,500,1
351,504,481,1
352,556,157,1
353,572,317,1
354,256,521,0
355,909,441,1
356,623,601,1
357,226,368,0
358,244,856,0
359,2,119,0
360,313,391,0
361,882,886,1
362,13,533,0
363,238,161,1
364,289,807,0
365,988,106,1
366,849,648,1
367,998,533,1
368,344,749,0
369,965,888,1
370,924,879,1
371,355,476,0
372,408,390,1
373,113,764,0
374,976,567,1
375,431,577,0
376,111,482,0
377,770,503,1
378,53,938,0
379,303,304,1
380,733,841,0
381,758,243,1
382,818,176,1
383,1,657,0
384,969,96,1
385,780,308,1
386,193,72,1
387,679,204,1
388,783,979,0
389,591,614,1
390,294,421,0
391,459,915,0
392,524,890,0
393,737,723,1
394,72,411,0
395,712,485,1
396,224,630,0
397,713,188,1
398,334,968,0
399,423,847,0
400,146,706,0
401,717,597,1
402,635,622,1
403,750,994,0
404,807,140,1
405,1000,835,1
406,155,165,0
407,218,410,0
408,428,467,0
409,188,863,0
410,523,811,0
411,934,747,1
412,94,720,0
413,145,81,1
414,380,221,1
415,905,572,1
416,921,295,1
417,676,679,1
418,327,781,0
419,556,85,1
420,549,844,0
421,24,310,0
422,889,691,1
423,697,874,0
424,946,88,1
425,104,853,0
426,633,486,1
427,709,535,1
428,565,772,0
429,154,271,0
430,5,690,0
431,757,195,1
432,512,938,0
433,221,846,0
434,352,137,1
435,380,695,0
436,77,401,0
437,99,58,1
438,774,500,1
439,651,654,1
440,563,783,0
441,943,474,1
442,318,217,1
443,760,964,0
444,151,70,1
445,752,840,0
446,95,652,0
447,359,353,1
448,628,49,1
449,252,687,0
450,43,215,0
451,747,269,1
452,963,918,1
453,669,165,1
454,494,380,1
455,909,203,1
456,459,131,1
457,135,627,0
458,206,695,0
459,187,608,0
460,498,698,0
461,543,754,0
462,821,990,0
463,58,882,0
464,617,591,1
465,541,685,0
466,482,426,1
467,828,139,1
468,675,990,0
469,874,235,1
470,451,590,0
471,75,405,0
472,637,687,1
473,282,411,0
474,670,100,1
475,995,540,1
476,360,428,0
477,579,959,0
478,843,53,1
479,659,233,1
480,98,935,0
481,588,468,1
482,283,591,0
483,732,940,0
484,776,494,1
485,662,606,1
486,147,910,0
487,384,711,0
488,983,905,1
489,254,358,0
490,617,269,1
491,244,71,1
492,253,808,0
493,256,757,0
494,853,932,0
495,878,555,1
496,660,423,1
497,341,600,0
498,385,49,1
499,790,637,1
500,479,715,0
501,757,451,1
502,161,545,0
503,905,94,1
504,291,443,0
505,45,120,0
506,292,902,0
507,929,619,1
508,183,553,0
509,554,255,1
510,696,215,1
511,557,260,1
512,35,873,0
513,364,797,0
514,889,877,1
515,431,833,0
516,188,687,0
517,868,95,1
518,514,354,1
519,537,861,0
520,694,90,1
521,877,549,1
522,889,9,1
523,302,685,0
524,696,661,1
525,278,313,0
526,295,275,1
527,207,903,0
528,579,378,1
529,501,503,1
530,277,270,1
531,51,29,1
532,747,951,0
533,45,749,0
534,912,365,1
535,116,177,0
536,356,834,0
537,305,402,0
538,478,813,0
539,809,616,1
540,245,62,1
541,622,576,1
542,566,395,1
543,70,793,0
544,528,750,0
545,116,243,0
546,659,456,1
547,525,477,1
548,143,743,0
549,933,65,1
550,81,23,1
551,504,502,1
552,856,136,1
553,268,561,0
554,974,763,1
555,515,58,1
556,226,650,0
557,279,766,0
558,266,419,0
559,854,726,1
560,77,729,0
561,181,867,0
562,935,944,1
563,313,613,0
564,510,187,1
565,464,919,0
566,49,587,0
567,942,792,1
568,496,293,1
569,564,648,0
570,182,481,0
571,163,956,0
572,747,843,0
573,517,945,0
574,934,776,1
575,308,41,1
576,72,367,0
577,461,397,1
578,571,649,0
579,204,568,0
580,58,518,0
581,555,715,0
582,90,342,0
583,941,506,1
584,454,72,1
585,436,314,1
586,352,763,0
587,946,197,1
588,3,286,0
589,261,676,0
590,830,910,0
591,28,159,0
592,923,708,1
593,910,940,1
594,477,432,1
595,354,850,0
596,351,126,1
597,192,49,1
598,226,307,0
599,182,729,0
600,999,180,1
601,463,939,0
602,882,739,1
603,327,199,1
604,975,272,1
605,977,747,1
606,615,608,1
607,761,28,1
608,730,644,1
609,693,612,1
610,608,552,1
611,966,441,1
612,531,806,0
613,709,710,1
614,316,38,1
615,848,560,1
616,254,133,1
617,51,831,0
618,936,280,1
619,331,383,0
620,323,755,0
621,271,450,0
622,147,34,1
623,127,163,0
624,747,530,1
625,118,354,0
626,601,957,0
627,268,71,1
628,336,1,1
629,132,741,0
630,61,948,0
631,725,156,1
632,185,142,1
633,915,642,1
634,76,131,0
635,69,248,0
636,955,396,1
637,745,581,1
638,664,192,1
639,300,305,1
640,40,572,0
641,430,704,0
642,507,844,0
643,425,625,0
644,140,388,0
645,386,673,0
646,359,768,0
647,137,689,0
648,266,981,0
649,579,65,1
650,604,546,1
651,87,543,0
652,555,78,1
653,461,128,1
654,258,207,1
655,449,34,1
656,926,852,1
657,167,516,0
658,482,752,0
659,153,594,0
660,609,612,1
661,628,936,0
662,520,55,1
663,385,67,1
664,134,572,0
665,223,799,0
666,195,817,0
667,349,712,0
668,430,327,1
669,901,736,1
670,27,91,0
671,44,393,0
672,289,8,1
673,382,456,0
674,762,342,1
675,807,783,1
676,843,955,0
677,948,838,1
678,11,20,0
679,984,869,1
680,217,505,0
681,371,559,0
682,118,178,0
683,708,358,1
684,153,90,1
685,519,24,1
686,1,454,0
687,913,955,1
688,445,378,1
689,944,746,1
690,887,593,1
691,936,420,1
692,144,462,0
693,104,557,0
694,693,700,1
695,899,635,1
696,158,30,1
697,395,599,0
698,751,980,0
699,879,230,1
700,40,658,0
701,397,812,0
702,855,991,0
703,379,428,0
704,302,855,0
705,471,853,0
706,142,981,0
707,415,36,1
708,194,809,0
709,147,474,0
710,369,210,1
711,278,723,0
712,299,576,0
713,915,267,1
714,996,568,1
715,787,812,1
716,71,125,0
717,421,848,0
718,386,263,1
719,887,983,0
720,655,971,0
721,417,494,0
722,906,655,1
723,121,124,1
724,526,160,1
725,952,154,1
726,171,690,0
727,588,31,1
728,762,339,1
729,847,485,1
730,81,796,0
731,596,659,0
732,833,621,1
733,505,664,0
734,740,492,1
735,104,961,0
736,541,218,1
737,128,167,0
738,336,602,0
739,1,192,0
740,160,423,0
741,245,720,0
742,671,521,1
743,737,668,1
744,64,611,0
745,811,218,1
746,792,188,1
747,53,64,0
748,131,575,0
749,279,120,1
750,331,890,0
751,683,237,1
752,372,256,1
753,466,942,0
754,826,691,1
755,796,19,1
756,820,546,1
757,109,128,0
758,826,746,1
759,522,5,1
760,345,372,1
761,779,503,1
762,183,779,0
763,395,279,1
764,153,976,0
765,234,965,0
766,803,340,1
767,276,841,0
768,719,169,1
769,289,605,0
770,526,349,1
771,525,834,0
772,621,268,1
773,811,478,1
774,943,9,1
775,891,671,1
776,696,561,1
777,843,871,1
778,793,861,0
779,97,827,0
780,839,946,0
781,918,362,1
782,214,686,0
783,317,6,1
784,996,848,1
785,147,346,0
786,96,708,0
787,905,577,1
788,928,507,1
789,653,446,1
790,426,347,1
791,423,878,0
792,466,376,1
793,111,934,0
794,67,862,0
795,483,153,1
796,441,810,0
797,302,210,1
798,450,140,1
799,773,595,1
800,21,723,0
801,707,224,1
802,162,389,0
803,828,379,1
804,961,193,1
805,126,421,0
806,655,140,1
807,963,333,1
808,787,300,1
809,427,360,1
810,287,780,0
811,591,821,0
812,114,988,0
813,896,843,1
814,26,635,0
815,830,650,1
816,543,724,0
817,812,931,0
818,378,212,1
819,489,709,0
820,292,340,0
821,914,389,1
822,939,678,1
823,890,897,1
824,895,344,1
825,979,121,1
826,171,576,0
827,942,754,1
828,943,83,1
829,327,161,1
830,939,719,1
831,76,968,0
832,941,785,1
833,340,104,1
834,171,731,0
835,324,691,0
836,444,430,1
837,388,364,1
838,897,248,1
839,489,470,1
840,674,433,1
841,564,965,0
842,274,8,1
843,7,269,0
844,868,285,1
845,911,846,1
846,151,155,1
847,164,344,0
848,941,740,1
849,142,697,0
850,986,760,1
851,18,424,0
852,959,980,1
853,650,205,1
854,565,947,0
855,179,863,0
856,639,348,1
857,200,921,0
858,649,7,1
859,547,202,1
860,285,365,0
861,268,23,1
862,716,659,1
863,954,592,1
864,41,946,0
865,678,140,1
866,89,415,0
867,911,313,1
868,279,498,0
869,359,796,0
870,100,253,0
871,973,665,1
872,795,163,1
873,700,136,1
874,963,82,1
875,489,828,0
876,437,102,1
877,994,585,1
878,701,452,1
879,609,753,0
880,830,64,1
881,735,731,1
882,406,91,1
883,758,986,0
884,921,892,1
885,223,213,1
886,977,209,1
887,610,792,0
888,522,843,0
889,588,118,1
890,796,740,1
891,563,120,1
892,706,198,1
893,549,367,1
894,399,889,0
895,710,50,1
896,200,552,0
897,599,932,0
898,564,616,0
899,20,502,0
900,760,982,0
901,630,780,0
902,200,60,1
903,215,975,0
904,504,976,0
905,621,887,0
906,8,170,0
907,749,962,0
908,166,903,0
909,441,997,0
910,469,150,1
911,964,597,1
912,387,223,1
913,81,195,0
914,968,795,1
915,796,578,1
916,954,884,1
917,8,342,0
918,118,161,0
919,168,827,0
920,984,830,1
921,953,231,1
922,564,998,0
923,628,941,0
924,806,958,0
925,978,831,1
926,939,936,1
927,399,911,0
928,842,376,1
929,633,218,1
930,901,607,1
931,106,745,0
932,977,961,1
933,201,958,0
934,429,981,0
935,664,63,1
936,248,329,0
937,78,298,0
938,75,607,0
939,227,694,0
940,365,79,1
941,780,81,1
942,29,882,0
943,749,611,1
944,650,417,1
945,211,270,0
946,487,616,0
947,116,401,0
948,834,707,1
949,685,111,1
950,563,787,0
951,83,137,0
952,186,572,0
953,886,165,1
954,929,814,1
955,783,640,1
956,313,511,0
957,635,159,1
958,184,505,0
959,959,430,1
960,183,221,0
961,643,876,0
962,386,331,1
963,235,915,0
964,665,373,1
965,576,863,0
966,244,15,1
967,454,731,0
968,555,109,1
969,206,682,0
970,362,938,0
971,756,808,1
972,428,831,0
973,931,622,1
974,927,976,1
975,548,420,1
976,469,335,1
977,845,510,1
978,403,660,0
979,694,158,1
980,945,754,1
981,830,290,1
982,962,30,1
983,909,777,1
984,742,750,1
985,227,247,1
986,707,996,0
987,237,866,0
988,947,70,1
989,376,793,0
990,814,148,1
991,837,352,1
992,871,413,1
993,205,722,0
994,125,541,0
995,926,204,1
996,144,799,0
997,404,274,1
998,811,155,1
999,291,816,0
1000,41,253,0
1001,983,959,1
1002,583,514,1
1003,487,74,1
1004,665,775,0
1005,998,708,1
1006,545,928,0
1007,41,783,0
1008,3,993,0
1009,983,611,1
1010,68,453,0
1011,970,626,1
1012,672,184,1
1013,788,700,1
1014,162,563,0
1015,276,988,0
1016,486,540,0
1017,88,942,0
1018,859,711,1
1019,101,499,0
1020,12,94,0
1021,785,723,1
1022,781,256,1
1023,354,141,1
1024,947,465,1
1025,119,270,0
1026,372,901,0
1027,436,915,0
1028,998,418,1
1029,211,885,0
1030,299,81,1
1031,365,313,1
1032,978,976,1
1033,465,704,0
1034,665,120,1
1035,195,970,0
1036,134,758,0
1037,846,866,1
1038,877,969,0
1039,172,646,0
1040,196,375,0
1041,761,397,1
1042,538,35,1
1043,600,725,0
1044,590,447,1
1045,917,408,1
1046,363,986,0
1047,498,418,1
1048,489,294,1
1049,437,122,1
1050,183,632,0
1051,742,714,1
1052,140,373,0
1053,263,261,1
1054,958,374,1
1055,804,901,0
1056,825,864,1
1057,665,173,1
1058,657,650,1
1059,611,465,1
1060,131,260,0
1061,407,185,1
1062,485,992,0
1063,950,36,1
1064,958,920,1
1065,770,646,1
1066,664,340,1
1067,570,792,0
1068,58,125,0
1069,177,409,0
1070,866,307,1
1071,709,502,1
1072,808,152,1
1073,628,603,1
1074,445,903,0
1075,456,150,1
1076,922,524,1
1077,459,700,0
1078,941,770,1
1079,150,594,0
1080,999,851,1
1081,651,250,1
1082,393,807,0
1083,346,496,0
1084,356,988,0
1085,504,368,1
1086,567,309,1
1087,588,783,0
1088,731,555,1
1089,884,170,1
1090,531,125,1
1091,404,406,1
1092,383,685,0
1093,6,365,0
1094,384,889,0
1095,309,209,1
1096,102,499,0
1097,91,185,0
1098,828,357,1
1099,395,502,0
1100,181,876,0
1101,881,504,1
1102,240,576,0
1103,237,274,0
1104,951,445,1
1105,966,150,1
1106,318,457,0
1107,315,974,0
1108,614,338,1
1109,605,744,0
1110,665,875,0
1111,792,85,1
1112,176,339,0
1113,568,831,0
1114,983,571,1
1115,88,749,0
1116,346,282,1
1117,654,892,0
1118,954,623,1
1119,307,843,0
1120,744,793,1
1121,118,459,0
1122,218,654,0
1123,608,193,1
1124,947,766,1
1125,698,258,1
1126,220,116,1
1127,650,426,1
1128,896,929,1
1129,613,416,1
1130,38,556,0
1131,422,594,0
1132,903,346,1
1133,637,936,0
1134,848,190,1
1135,890,903,1
1136,1,661,0
1137,97,341,0
1138,867,232,1
1139,864,804,1
1140,609,463,1
1141,778,750,1
1142,693,983,0
1143,784,627,1
1144,964,960,1
1145,870,417,1
1146,779,133,1
1147,873,872,1
1148,1000,344,1
1149,16,832,0
1150,782,505,1
1151,600,458,1
1152,464,563,0
1153,361,353,1
1154,598,548,1
1155,726,91,1
1156,917,343,1
1157,690,831,0
1158,881,168,1
1159,621,997,0
1160,470,459,1
1161,935,180,1
1162,100,737,0
1163,619,532,1
1164,273,784,0
1165,380,705,0
1166,904,325,1
1167,118,352,0
1168,15,545,0
1169,539,665,0
1170,246,877,0
1171,678,857,0
1172,99,764,0
1173,532,91,1
1174,619,876,0
1175,478,627,0
1176,707,959,0
1177,363,231,1
1178,740,532,1
1179,627,642,1
1180,797,102,1
1181,382,998,0
1182,34,150,0
1183,714,764,1
1184,291,609,0
1185,268,891,0
1186,919,472,1
1187,350,820,0
1188,535,824,0
1189,710,894,0
1190,175,470,0
1191,439,34,1
1192,663,105,1
1193,520,557,1
1194,312,299,1
1195,219,501,0
1196,537,373,1
1197,737,666,1
1198,857,806,1
1199,704,315,1
1200,463,80,1
1201,374,874,0
1202,102,96,1
1203,55,645,0
1204,980,176,1
1205,114,410,0
1206,642,146,1
1207,859,710,1
1208,381,707,0
1209,833,354,1
1210,570,937,0
1211,271,834,0
1212,281,979,0
1213,160,91,1
1214,688,860,0
1215,987,953,1
1216,449,915,0
1217,439,370,1
1218,662,722,0
1219,799,467,1
1220,208,64,1
1221,326,820,0
1222,646,301,1
1223,446,682,0
1224,475,762,0
1225,298,34,1
1226,984,875,1
1227,196,901,0
1228,313,522,0
1229,769,844,0
1230,404,497,0
1231,592,505,1
1232,419,420,1
1233,625,495,1
1234,307,800,0
1235,402,872,0
1236,573,220,1
1237,485,97,1
1238,489,515,1
1239,909,691,1
1240,795,618,1
1241,743,169,1
1242,350,20,1
1243,190,409,0
1244,924,168,1
1245,990,305,1
1246,536,779,0
1247,826,776,1
1248,498,616,0
1249,906,22,1
1250,777,953,0
1251,28,128,0
1252,576,752,0
1253,122,84,1
1254,415,46,1
1255,532,373,1
1256,610,175,1
1257,580,644,0
1258,718,40,1
1259,88,571,0
1260,663,767,0
1261,477,7,1
1262,232,422,0
1263,438,786,0
1264,818,315,1
1265,668,905,0
1266,949,342,1
1267,951,593,1
1268,604,15,1
1269,243,625,0
1270,658,244,1
1271,726,708,1
1272,643,869,0
1273,21,21,1
1274,78,948,0
1275,263,959,0
1276,718,460,1
1277,641,768,0
1278,736,293,1
1279,608,722,0
1280,295,712,0
1281,181,70,1
1282,674,637,1
1283,378,941,0
1284,711,55,1
1285,787,396,1
1286,872,353,1
1287,104,531,0
1288,452,168,1
1289,190,490,0
1290,809,476,1
1291,942,632,1
1292,741,827,0
1293,21,802,0
1294,620,36,1
1295,962,277,1
1296,876,109,1
1297,271,256,1
1298,124,786,0
1299,735,288,1
1300,403,859,0
1301,341,913,0
1302,973,344,1
1303,117,254,0
1304,535,203,1
1305,940,838,1
1306,76,826,0
1307,921,235,1
1308,864,344,1
1309,743,368,1
1310,761,871,0
1311,299,46,1
1312,158,453,0
1313,272,291,0
1314,928,432,1
1315,722,488,1
1316,61,886,0
1317,815,469,1
1318,531,501,1
1319,737,355,1
1320,729,732,1
1321,561,709,0
1322,457,148,1
1323,478,716,0
1324,42,447,0
1325,154,102,1
1326,546,411,1
1327,621,18,1
1328,417,755,0
1329,827,315,1
1330,457,203,1
1331,656,255,1
1332,353,117,1
1333,132,426,0
1334,832,565,1
1335,538,604,0
1336,574,357,1
1337,962,371,1
1338,350,510,0
1339,6,958,0
1340,592,660,0
1341,330,784,0
1342,476,948,0
1343,828,69,1
1344,417,461,0
1345,611,188,1
1346,555,640,0
1347,989,121,1
1348,122,317,0
1349,536,742,0
1350,359,91,1
1351,921,349,1
1352,18,492,0
1353,331,637,0
1354,182,355,0
1355,992,982,1
1356,870,571,1
1357,155,426,0
1358,809,333,1
1359,837,603,1
1360,873,981,0
1361,30,35,0
1362,122,882,0
1363,348,739,0
1364,21,280,0
1365,791,716,1
1366,708,612,1
1367,405,260,1
1368,504,43,1
1369,208,885,0
1370,526,871,0
1371,997,816,1
1372,680,871,0
1373,577,321,1
1374,551,346,1
1375,828,87,1
1376,103,648,0
1377,247,434,0
1378,787,813,1
1379,177,785,0
1380,151,723,0
1381,821,152,1
1382,748,179,1
1383,584,227,1
1384,285,967,0
1385,918,833,1
1386,673,319,1
1387,100,935,0
1388,474,950,0
1389,552,647,0
1390,722,120,1
1391,796,254,1
1392,381,426,0
1393,826,455,1
1394,785,798,1
1395,473,567,0
1396,385,730,0
1397,654,694,1
1398,922,428,1
1399,22,142,0
1400,821,604,1
1401,479,572,0
1402,331,790,0
1403,990,264,1
1404,391,546,0
1405,923,522,1
1406,724,866,0
1407,826,83,1
1408,967,983,1
1409,186,165,1
1410,520,744,0
1411,712,456,1
1412,418,729,0
1413,694,738,1
1414,970,548,1
1415,12,666,0
1416,460,750,0
1417,696,778,0
1418,264,464,0
1419,522,206,1
1420,980,256,1
1421,528,941,0
1422,3,436,0
1423,553,395,1
1424,659,987,0
1425,317,800,0
1426,148,592,0
1427,705,449,1
1428,781,324,1
1429,465,705,0
1430,496,526,1
1431,661,35,1
1432,93,529,0
1433,782,119,1
1434,405,2,1
1435,458,535,0
1436,517,805,0
1437,994,236,1
1438,90,947,0
1439,517,282,1
1440,3,58,0
1441,766,301,1
1442,970,833,1
1443,929,606,1
1444,397,766,0
1445,571,646,0
1446,785,23,1
1447,798,749,1
1448,558,465,1
1449,339,367,0
1450,965,840,1
1451,242,901,0
1452,301,811,0
1453,710,483,1
1454,293,291,1
1455,652,203,1
1456,933,480,1
1457,481,262,1
1458,717,216,1
1459,851,26,1
1460,303,877,0
1461,832,564,1
1462,928,98,1
1463,611,243,1
1464,545,818,0
1465,941,303,1
1466,964,156,1
1467,751,668,1
1468,794,975,0
1469,486,239,1
1470,777,542,1
1471,543,219,1
1472,931,88,1
1473,578,608,1
1474,242,312,0
1475,956,706,1
1476,839,251,1
1477,284,201,1
1478,905,803,1
1479,47,74,0
1480,371,303,1
1481,174,137,1
1482,870,508,1
1483,525,553,1
1484,302,517,0
1485,151,354,0
1486,281,426,0
1487,5,534,0
1488,633,808,0
1489,309,512,0
1490,579,141,1
1491,951,465,1
1492,232,326,0
1493,3,513,0
1494,809,927,0
1495,190,750,0
1496,903,78,1
1497,708,971,0
1498,432,484,0
1499,631,48,1
1500,526,217,1
1501,21,586,0
1502,177,27,1
1503,63,176,0
1504,949,362,1
1505,310,201,1
1506,806,84,1
1507,25,516,0
1508,839,320,1
1509,553,742,0
1510,483,361,1
1511,29,834,0
1512,179,809,0
1513,49,232,0
1514,901,559,1
1515,249,597,0
1516,230,119,1
1517,356,522,0
1518,278,684,0
1519,444,228,1
1520,497,396,1
1521,993,367,1
1522,582,776,0
1523,341,215,1
1524,721,38,1
1525,146,133,1
1526,11,862,0
1527,568,459,1
1528,105,69,1
1529,323,220,1
1530,578,793,0
1531,352,203,1
1532,417,594,0
1533,808,710,1
1534,979,713,1
1535,230,478,0
1536,402,656,0
1537,738,886,0
1538,952,421,1
1539,880,878,1
1540,335,69,1
1541,482,107,1
1542,805,545,1
1543,330,52,1
1544,446,703,0
1545,164,860,0
1546,97,615,0
1547,696,495,1
1548,60,608,0
1549,333,514,0
1550,284,383,0
1551,721,692,1
1552,388,939,0
1553,245,771,0
1554,590,848,0
1555,869,540,1
1556,872,503,1
1557,950,667,1
1558,950,662,1
1559,544,827,0
1560,726,569,1
1561,266,202,1
1562,264,556,0
1563,260,868,0
1564,667,635,1
1565,912,947,1
1566,685,993,0
1567,826,1000,0
1568,947,561,1
1569,207,672,0
1570,790,333,1
1571,209,654,0
1572,47,281,0
1573,560,457,1
1574,553,762,0
1575,325,425,0
1576,172,672,0
1577,464,380,1
1578,882,965,0
1579,705,439,1
1580,938,305,1
1581,379,987,0
1582,331,100,1
1583,180,30,1
1584,978,366,1
1585,954,395,1
1586,4,703,0
1587,136,95,1
1588,367,758,0
1589,781,217,1
1590,242,296,0
1591,357,333,1
1592,101,144,0
1593,345,364,1
1594,876,725,1
1595,810,316,1
1596,93,228,0
1597,251,400,0
1598,472,266,1
1599,212,44,1
1600,742,430,1
1601,91,999,0
1602,122,434,0
1603,581,164,1
1604,149,732,0
1605,274,535,0
1606,22,797,0
1607,38,201,0
1608,766,485,1
1609,587,528,1
1610,832,656,1
1611,396,903,0
1612,511,201,1
1613,829,517,1
1614,723,114,1
1615,990,916,1
1616,691,949,0
1617,678,336,1
1618,670,154,1
1619,828,473,1
1620,773,206,1
1621,57,591,0
1622,32,204,0
1623,889,882,1
1624,288,490,0
1625,161,603,0
1626,540,755,0
1627,930,595,1
1628,638,948,0
1629,291,406,0
1630,477,206,1
1631,605,962,0
1632,853,471,1
1633,343,826,0
1634,619,492,1
1635,698,250,1
1636,746,391,1
1637,991,254,1
1638,204,465,0
1639,909,379,1
1640,698,253,1
1641,87,146,0
1642,60,745,0
1643,97,916,0
1644,196,697,0
1645,259,935,0
1646,612,586,1
1647,638,780,0
1648,856,552,1
1649,891,185,1
1650,582,852,0
1651,491,178,1
1652,474,325,1
1653,281,815,0
1654,582,881,0
1655,884,449,1
1656,63,385,0
1657,832,863,1
1658,970,487,1
1659,220,920,0
1660,669,484,1
1661,807,164,1
1662,883,266,1
1663,324,516,0
1664,855,571,1
1665,244,930,0
1666,218,69,1
1667,162,173,1
1668,959,658,1
1669,49,837,0
1670,483,128,1
1671,826,528,1
1672,482,17,1
1673,18,815,0
1674,564,216,1
1675,888,393,1
1676,631,233,1
1677,300,761,0
1678,950,363,1
1679,987,214,1
1680,231,566,0
1681,479,71,1
1682,75,827,0
1683,92,233,0
1684,326,956,0
1685,885,366,1
1686,726,616,1
1687,492,364,1
1688,296,139,1
1689,176,463,0
1690,565,992,0
1691,193,148,1
1692,316,140,1
1693,863,675,1
1694,274,129,1
1695,768,423,1
1696,116,867,0
1697,9,518,0
1698,533,938,0
1699,900,568,1
1700,627,981,0
1701,455,934,0
1702,595,295,1
1703,661,104,1
1704,333,537,0
1705,166,418,0
1706,90,812,0
1707,58,524,0
1708,121,905,0
1709,483,605,0
1710,354,927,0
1711,895,691,1
1712,226,223,1
1713,276,90,1
1714,940,919,1
1715,855,223,1
1716,57,434,0
1717,445,759,0
1718,982,785,1
1719,506,313,1
1720,836,136,1
1721,16,988,0
1722,133,391,0
1723,239,102,1
1724,290,787,0
1725,995,955,1
1726,362,921,0
1727,379,790,0
1728,228,94,1
1729,126,703,0
1730,613,966,0
1731,808,809,1
1732,869,975,0
1733,858,286,1
1734,500,433,1
1735,775,34,1
1736,971,996,1
1737,458,297,1
1738,300,318,1
1739,765,446,1
1740,859,104,1
1741,461,769,0
1742,470,539,0
1743,201,139,1
1744,304,820,0
1745,385,169,1
1746,803,746,1
1747,356,243,1
1748,635,400,1
1749,49,544,0
1750,832,579,1
1751,839,672,1
1752,60,57,1
1753,128,973,0
1754,763,116,1
1755,48,703,0
1756,751,490,1
1757,11,91,0
1758,459,2,1
1759,84,183,0
1760,760,333,1
1761,843,644,1
1762,291,887,0
1763,950,489,1
1764,615,161,1
1765,720,560,1
1766,111,36,1
1767,486,31,1
1768,164,379,0
1769,886,285,1
1770,460,973,0
1771,379,942,0
1772,4,422,0
1773,739,181,1
1774,724,850,0
1775,409,726,0
1776,432,501,0
1777,126,733,0
1778,56,818,0
1779,939,654,1
1780,661,869,0
1781,985,826,1
1782,659,71,1
1783,874,874,1
1784,574,942,0
1785,80,323,0
1786,69,550,0
1787,98,879,0
1788,844,984,0
1789,112,636,0
1790,269,254,1
1791,548,643,0
1792,622,776,0
1793,808,847,1
1794,109,766,0
1795,22,207,0
1796,40,962,0
1797,762,594,1
1798,338,552,0
1799,700,238,1
1800,704,590,1
1801,226,749,0
1802,81,634,0
1803,962,397,1
1804,675,413,1
1805,77,827,0
1806,803,682,1
1807,208,19,1
1808,500,602,0
1809,299,390,0
1810,409,167,1
1811,524,616,0
1812,149,51,1
1813,934,740,1
1814,847,708,1
1815,418,207,1
1816,244,886,0
1817,760,230,1
1818,245,230,1
1819,311,573,0
1820,199,423,0
1821,400,781,0
1822,649,626,1
1823,385,65,1
1824,183,54,1
1825,197,366,0
1826,37,306,0
1827,80,684,0
1828,920,267,1
1829,17,757,0
1830,111,47,1
1831,848,960,0
1832,775,356,1
1833,134,442,0
1834,243,253,1
1835,140,323,0
1836,858,666,1
1837,276,496,0
1838,283,52,1
1839,84,650,0
1840,459,962,0
1841,601,771,0
1842,359,346,1
1843,551,608,0
1844,397,703,0
1845,479,143,1
1846,253,371,0
1847,641,470,1
1848,125,986,0
1849,873,61,1
1850,73,548,0
1851,198,18,1
1852,242,732,0
1853,885,984,0
1854,573,721,0
1855,236,610,0
1856,516,832,0
1857,235,393,0
1858,442,76,1
1859,237,264,0
1860,192,252,0
1861,739,912,0
1862,781,535,1
1863,394,709,0
1864,50,230,0
1865,507,668,0
1866,546,917,0
1867,704,23,1
1868,160,808,0
1869,575,751,0
1870,644,487,1
1871,502,189,1
1872,102,446,0
1873,302,637,0
1874,211,987,0
1875,725,87,1
1876,52,780,0
1877,179,859,0
1878,771,876,0
1879,142,840,0
1880,257,858,0
1881,401,753,0
1882,267,127,1
1883,151,86,1
1884,163,242,0
1885,574,962,0
1886,259,161,1
1887,158,446,0
1888,388,958,0
1889,32,641,0
1890,460,995,0
1891,451,610,0
1892,478,412,1
1893,290,412,0
1894,964,584,1
1895,194,588,0
1896,991,259,1
1897,639,362,1
1898,367,859,0
1899,246,466,0
1900,302,933,0
1901,797,142,1
1902,958,868,1
1903,807,386,1
1904,27,77,0
1905,956,299,1
1906,659,513,1
1907,21,700,0
1908,986,496,1
1909,260,599,0
1910,690,263,1
1911,361,53,1
1912,776,997,0
1913,42,170,0
1914,898,408,1
1915,418,272,1
1916,164,751,0
1917,130,150,0
1918,769,939,0
1919,166,628,0
1920,335,879,0
1921,990,342,1
1922,203,737,0
1923,756,627,1
1924,180,620,0
1925,925,536,1
1926,588,715,0
1927,936,462,1
1928,312,164,1
1929,412,325,1
1930,40,615,0
1931,463,363,1
1932,458,186,1
1933,984,350,1
1934,489,570,0
1935,574,577,1
1936,707,680,1
1937,842,550,1
1938,105,877,0
1939,606,896,0
1940,655,316,1
1941,745,388,1
1942,27,178,0
1943,827,500,1
1944,882,588,1
1945,618,79,1
1946,558,494,1
1947,160,225,0
1948,788,739,1
1949,259,458,0
1950,961,966,1
1951,508,485,1
1952,477,620,0
1953,163,159,1
1954,656,795,0
1955,575,682,0
1956,176,275,0
1957,796,550,1
1958,93,528,0
1959,677,35,1
1960,212,537,0
1961,329,589,0
1962,127,856,0
1963,441,811,0
1964,53,430,0
1965,63,878,0
1966,502,539,1
1967,875,939,1
1968,167,302,0
1969,495,558,0
1970,652,151,1
1971,322,75,1
1972,91,87,1
1973,434,601,0
1974,405,584,0
1975,146,126,1
1976,832,631,1
1977,451,689,0
1978,319,914,0
1979,655,960,0
1980,747,911,0
1981,889,14,1
1982,154,947,0
1983,87,560,0
1984,654,20,1
1985,841,717,1
1986,1,900,0
1987,772,816,1
1988,740,186,1
1989,623,427,1
1990,711,982,0
1991,287,26,1
1992,658,545,1
1993,526,769,0
1994,234,135,1
1995,494,10,1
1996,336,834,0
1997,251,423,0
1998,739,492,1
1999,326,584,0
2000,982,921,1
