n 500
c 153696
z 221210
time 0.00
1,966,829,1
2,66,534,0
3,280,912,0
4,288,653,0
5,145,322,0
6,253,587,0
7,609,387,1
8,911,789,1
9,182,99,1
10,750,748,1
11,391,785,1
12,119,189,1
13,91,810,0
14,174,238,1
15,439,842,1
16,360,142,1
17,614,467,1
18,366,162,1
19,962,479,1
20,229,240,1
21,721,899,1
22,771,889,1
23,988,266,1
24,884,224,1
25,433,394,1
26,682,26,1
27,24,336,0
28,835,721,1
29,642,827,1
30,404,569,1
31,325,663,1
32,460,45,1
33,68,273,0
34,651,167,1
35,915,26,1
36,929,3,1
37,273,458,1
38,771,374,1
39,518,434,1
40,599,296,1
41,220,949,0
42,689,379,1
43,569,572,1
44,327,79,1
45,642,837,1
46,607,428,1
47,684,247,1
48,400,107,1
49,748,77,1
50,365,914,0
51,399,308,1
52,814,466,1
53,291,291,1
54,681,910,1
55,788,158,1
56,678,889,1
57,210,7,1
58,32,476,0
59,48,418,0
60,327,804,0
61,648,418,1
62,954,44,1
63,537,333,1
64,729,420,1
65,850,497,1
66,457,566,1
67,681,186,1
68,97,592,0
69,492,810,1
70,865,371,1
71,57,835,0
72,83,559,0
73,185,884,0
74,393,977,0
75,238,333,1
76,46,930,0
77,734,960,1
78,529,365,1
79,24,22,1
80,179,756,0
81,699,107,1
82,554,639,1
83,509,208,1
84,126,419,0
85,913,283,1
86,72,75,1
87,362,237,1
88,339,974,0
89,652,848,1
90,698,173,1
91,218,394,1
92,473,486,1
93,689,394,1
94,88,921,0
95,716,54,1
96,90,903,0
97,193,311,1
98,764,418,1
99,392,722,1
100,968,510,1
101,612,147,1
102,609,482,1
103,434,104,1
104,81,314,0
105,695,575,1
106,463,996,1
107,614,13,1
108,404,172,1
109,446,548,1
110,628,767,1
111,121,752,0
112,250,481,1
113,49,823,0
114,795,75,1
115,414,987,0
116,869,324,1
117,275,789,0
118,761,643,1
119,302,775,0
120,643,6,1
121,597,637,1
122,322,938,0
123,310,553,1
124,371,824,0
125,727,755,1
126,176,416,0
127,316,753,0
128,918,213,1
129,23,280,0
130,700,485,1
131,98,831,0
132,175,115,1
133,600,204,1
134,818,442,1
135,761,294,1
136,563,832,1
137,236,271,1
138,913,692,1
139,999,291,1
140,841,302,1
141,514,369,1
142,744,442,1
143,177,805,0
144,99,513,0
145,928,503,1
146,882,156,1
147,49,532,0
148,251,789,0
149,944,126,1
150,242,300,1
151,416,75,1
152,134,10,1
153,415,359,1
154,759,54,1
155,404,567,1
156,76,570,0
157,849,548,1
158,97,665,0
159,627,183,1
160,349,631,1
161,334,239,1
162,193,556,0
163,806,884,1
164,157,191,1
165,400,911,0
166,13,892,0
167,999,976,1
168,576,657,1
169,506,459,1
170,329,843,0
171,242,632,0
172,958,551,1
173,466,638,1
174,86,879,0
175,895,52,1
176,592,180,1
177,423,396,1
178,886,499,1
179,182,740,0
180,200,53,1
181,531,121,1
182,645,574,1
183,17,130,0
184,597,930,1
185,793,94,1
186,745,255,1
187,445,228,1
188,964,827,1
189,567,365,1
190,803,651,1
191,488,920,1
192,711,292,1
193,757,218,1
194,244,978,0
195,532,791,1
196,777,475,1
197,788,297,1
198,640,63,1
199,458,516,1
200,880,423,1
201,416,628,1
202,149,246,1
203,696,132,1
204,682,640,1
205,910,92,1
206,596,638,1
207,715,446,1
208,855,131,1
209,966,709,1
210,591,663,1
211,29,818,0
212,325,149,1
213,697,644,1
214,817,746,1
215,287,891,0
216,958,725,1
217,907,466,1
218,585,221,1
219,359,575,1
220,299,972,0
221,209,823,0
222,254,230,1
223,739,163,1
224,924,229,1
225,52,129,0
226,755,541,1
227,36,185,0
228,205,391,1
229,308,437,1
230,508,268,1
231,812,691,1
232,11,112,0
233,606,642,1
234,887,864,1
235,959,855,1
236,700,161,1
237,142,43,1
238,700,767,1
239,717,210,1
240,194,470,0
241,37,147,0
242,429,921,1
243,150,95,1
244,656,453,1
245,611,240,1
246,158,24,1
247,156,343,0
248,699,859,1
249,37,58,1
250,581,50,1
251,796,104,1
252,825,836,1
253,448,122,1
254,210,419,1
255,820,969,1
256,461,250,1
257,211,470,0
258,928,182,1
259,454,505,1
260,888,346,1
261,953,881,1
262,778,411,1
263,235,684,0
264,33,940,0
265,332,789,0
266,238,903,0
267,313,448,1
268,750,153,1
269,667,978,1
270,141,369,0
271,861,241,1
272,800,749,1
273,556,725,1
274,384,640,1
275,369,387,1
276,83,132,1
277,26,492,0
278,884,40,1
279,727,302,1
280,466,574,1
281,559,926,1
282,199,156,1
283,531,833,1
284,215,748,0
285,754,758,1
286,232,114,1
287,876,929,1
288,680,858,1
289,771,174,1
290,266,700,0
291,618,408,1
292,75,293,0
293,977,182,1
294,273,411,1
295,537,520,1
296,426,796,1
297,450,332,1
298,938,132,1
299,229,543,0
300,575,129,1
301,627,906,1
302,903,900,1
303,772,123,1
304,433,631,1
305,171,373,0
306,49,877,0
307,718,445,1
308,564,523,1
309,196,769,0
310,571,145,1
311,328,71,1
312,69,252,0
313,90,192,0
314,669,683,1
315,324,215,1
316,19,948,0
317,401,314,1
318,702,91,1
319,289,468,1
320,799,142,1
321,794,908,1
322,441,872,1
323,641,381,1
324,556,960,1
325,110,99,1
326,352,133,1
327,69,999,0
328,423,408,1
329,129,271,1
330,827,622,1
331,979,773,1
332,335,9,1
333,800,314,1
334,578,914,1
335,912,55,1
336,773,61,1
337,827,792,1
338,350,584,1
339,126,742,0
340,853,641,1
341,307,119,1
342,652,380,1
343,823,659,1
344,563,166,1
345,596,430,1
346,33,176,0
347,687,741,1
348,55,451,0
349,908,943,1
350,358,197,1
351,965,346,1
352,105,38,1
353,545,38,1
354,589,402,1
355,282,978,0
356,660,122,1
357,79,889,0
358,993,633,1
359,87,544,0
360,662,904,1
361,7,127,0
362,50,110,1
363,83,474,0
364,446,24,1
365,497,747,1
366,54,713,0
367,83,46,1
368,221,750,0
369,466,721,1
370,897,728,1
371,128,685,0
372,773,255,1
373,342,245,1
374,597,296,1
375,484,258,1
376,772,315,1
377,127,88,1
378,218,867,0
379,788,137,1
380,234,882,0
381,51,924,0
382,375,345,1
383,334,890,0
384,214,929,0
385,761,341,1
386,886,617,1
387,892,549,1
388,580,12,1
389,108,503,0
390,131,22,1
391,840,964,1
392,649,691,1
393,86,524,0
394,885,212,1
395,37,582,0
396,813,831,1
397,494,589,1
398,763,89,1
399,124,960,0
400,311,171,1
401,890,966,1
402,64,271,0
403,435,99,1
404,60,701,0
405,797,172,1
406,16,750,0
407,127,987,0
408,497,52,1
409,689,352,1
410,200,468,0
411,579,268,1
412,955,625,1
413,542,434,1
414,185,62,1
415,870,269,1
416,294,792,0
417,497,264,1
418,20,726,0
419,17,598,0
420,426,525,1
421,213,591,0
422,678,76,1
423,46,531,0
424,695,601,1
425,5,558,0
426,70,143,0
427,122,568,0
428,138,589,0
429,999,816,1
430,898,99,1
431,290,884,0
432,805,219,1
433,170,895,0
434,277,514,1
435,473,744,1
436,930,890,1
437,80,691,0
438,123,605,0
439,456,551,1
440,560,448,1
441,804,731,1
442,19,338,0
443,877,629,1
444,228,775,0
445,565,225,1
446,980,309,1
447,804,898,1
448,905,322,1
449,465,456,1
450,648,856,1
451,512,862,1
452,200,399,1
453,170,222,1
454,987,37,1
455,514,212,1
456,144,708,0
457,164,92,1
458,915,816,1
459,176,457,0
460,39,547,0
461,108,251,0
462,426,567,1
463,431,59,1
464,222,384,1
465,442,654,1
466,215,667,0
467,473,732,1
468,96,599,0
469,583,260,1
470,664,295,1
471,784,862,1
472,546,336,1
473,263,812,0
474,651,397,1
475,424,421,1
476,885,709,1
477,928,512,1
478,1000,966,1
479,872,538,1
480,343,848,0
481,169,445,0
482,984,728,1
483,561,77,1
484,205,183,1
485,451,71,1
486,280,687,0
487,93,224,0
488,84,178,1
489,179,655,0
490,990,550,1
491,769,232,1
492,122,297,0
493,301,494,1
494,482,149,1
495,483,364,1
496,753,528,1
497,442,121,1
498,862,146,1
499,187,166,1
500,692,652,1
