n 500
c 136933
z 219717
time 0.00
1,850,617,1
2,158,258,0
3,892,660,1
4,876,705,1
5,333,822,0
6,913,951,1
7,597,263,1
8,899,97,1
9,634,639,1
10,466,848,0
11,603,93,1
12,723,521,1
13,663,974,1
14,426,58,1
15,179,910,0
16,596,682,1
17,954,447,1
18,34,46,1
19,230,435,0
20,937,796,1
21,85,743,0
22,823,957,1
23,992,582,1
24,368,212,1
25,125,910,0
26,662,422,1
27,780,732,1
28,783,149,1
29,374,311,1
30,128,189,1
31,953,723,1
32,424,273,1
33,592,133,1
34,887,979,1
35,375,766,0
36,789,391,1
37,637,254,1
38,423,218,1
39,970,230,1
40,291,628,0
41,296,793,0
42,373,895,0
43,133,504,0
44,499,931,0
45,870,97,1
46,731,688,1
47,400,395,1
48,572,47,1
49,856,497,1
50,249,310,1
51,291,168,1
52,98,382,0
53,47,63,1
54,477,802,0
55,552,602,1
56,74,965,0
57,574,611,1
58,36,264,0
59,68,126,0
60,875,864,1
61,660,414,1
62,182,368,0
63,469,529,1
64,813,216,1
65,846,381,1
66,37,154,0
67,605,734,1
68,789,980,1
69,424,174,1
70,157,663,0
71,365,695,0
72,583,43,1
73,325,344,1
74,389,877,0
75,218,81,1
76,626,262,1
77,354,684,0
78,405,697,0
79,700,210,1
80,519,608,1
81,503,407,1
82,614,267,1
83,417,68,1
84,394,183,1
85,669,271,1
86,196,319,0
87,582,409,1
88,423,914,0
89,520,692,1
90,534,353,1
91,398,534,1
92,13,610,0
93,989,286,1
94,284,493,0
95,240,746,0
96,846,427,1
97,981,203,1
98,760,238,1
99,4,102,0
100,44,802,0
101,936,31,1
102,765,606,1
103,950,732,1
104,189,670,0
105,179,291,0
106,339,16,1
107,738,273,1
108,336,888,0
109,330,432,1
110,360,275,1
111,349,796,0
112,630,349,1
113,613,827,1
114,567,775,1
115,746,95,1
116,873,960,1
117,127,609,0
118,77,831,0
119,986,427,1
120,943,826,1
121,993,849,1
122,966,278,1
123,506,749,1
124,47,388,0
125,755,255,1
126,732,196,1
127,680,509,1
128,298,865,0
129,707,492,1
130,408,409,1
131,582,515,1
132,939,159,1
133,332,592,0
134,582,902,0
135,501,842,0
136,831,372,1
137,128,915,0
138,405,280,1
139,955,967,1
140,765,898,1
141,374,789,0
142,308,646,0
143,509,321,1
144,847,445,1
145,396,715,0
146,422,184,1
147,117,344,0
148,143,265,0
149,772,778,1
150,78,144,0
151,884,815,1
152,874,966,1
153,795,451,1
154,411,738,0
155,136,651,0
156,376,190,1
157,181,48,1
158,925,381,1
159,39,75,0
160,1,107,0
161,154,763,0
162,133,872,0
163,658,256,1
164,609,75,1
165,636,115,1
166,57,608,0
167,587,804,1
168,900,637,1
169,654,679,1
170,805,271,1
171,974,428,1
172,562,115,1
173,94,354,0
174,682,715,1
175,899,864,1
176,28,816,0
177,779,296,1
178,178,527,0
179,314,864,0
180,532,633,1
181,999,229,1
182,961,202,1
183,549,422,1
184,49,926,0
185,101,554,0
186,533,939,0
187,489,184,1
188,776,711,1
189,915,937,1
190,743,799,1
191,820,820,1
192,683,176,1
193,89,78,1
194,160,94,1
195,856,387,1
196,21,583,0
197,112,957,0
198,156,371,0
199,478,192,1
200,260,339,1
201,156,752,0
202,441,146,1
203,868,664,1
204,54,852,0
205,938,488,1
206,1000,458,1
207,567,234,1
208,755,703,1
209,34,161,0
210,139,779,0
211,809,366,1
212,49,633,0
213,13,216,0
214,741,702,1
215,475,999,0
216,794,201,1
217,871,166,1
218,805,921,1
219,155,243,0
220,559,272,1
221,125,867,0
222,314,722,0
223,175,503,0
224,960,401,1
225,760,677,1
226,263,929,0
227,952,45,1
228,337,995,0
229,440,873,0
230,912,272,1
231,512,231,1
232,439,52,1
233,762,382,1
234,107,692,0
235,139,539,0
236,624,941,1
237,986,535,1
238,208,43,1
239,553,806,1
240,974,802,1
241,17,991,0
242,313,685,0
243,826,35,1
244,716,289,1
245,7,612,0
246,746,324,1
247,552,739,1
248,639,551,1
249,521,846,0
250,105,254,0
251,96,828,0
252,869,944,1
253,564,70,1
254,326,935,0
255,800,37,1
256,57,830,0
257,943,386,1
258,868,786,1
259,338,173,1
260,756,14,1
261,101,797,0
262,710,983,1
263,823,312,1
264,605,232,1
265,160,537,0
266,722,179,1
267,381,204,1
268,114,717,0
269,231,14,1
270,273,989,0
271,129,333,0
272,628,609,1
273,544,833,1
274,204,28,1
275,501,543,1
276,527,304,1
277,630,680,1
278,8,412,0
279,843,962,1
280,926,458,1
281,563,330,1
282,123,768,0
283,695,109,1
284,75,1000,0
285,542,722,1
286,860,398,1
287,504,813,0
288,28,206,0
289,15,170,0
290,702,176,1
291,510,636,1
292,575,833,1
293,133,258,0
294,949,487,1
295,533,316,1
296,934,768,1
297,694,752,1
298,190,792,0
299,25,499,0
300,259,933,0
301,599,910,0
302,755,520,1
303,232,551,0
304,229,27,1
305,343,649,0
306,629,929,1
307,826,441,1
308,136,311,0
309,568,117,1
310,735,85,1
311,340,179,1
312,217,248,1
313,750,772,1
314,313,23,1
315,24,99,0
316,127,272,0
317,117,382,0
318,226,7,1
319,629,112,1
320,139,266,0
321,766,376,1
322,661,996,0
323,893,425,1
324,280,772,0
325,402,343,1
326,156,121,1
327,601,195,1
328,59,924,0
329,669,763,1
330,279,370,1
331,711,857,1
332,971,101,1
333,4,742,0
334,118,606,0
335,932,219,1
336,801,593,1
337,495,764,0
338,442,460,1
339,42,762,0
340,697,269,1
341,791,3,1
342,880,504,1
343,515,847,0
344,263,82,1
345,888,74,1
346,237,684,0
347,259,793,0
348,243,15,1
349,296,587,0
350,978,729,1
351,41,550,0
352,429,482,1
353,653,346,1
354,753,366,1
355,502,894,0
356,952,550,1
357,771,693,1
358,885,5,1
359,947,228,1
360,962,420,1
361,507,67,1
362,654,122,1
363,511,174,1
364,714,396,1
365,245,735,0
366,122,317,0
367,695,146,1
368,793,962,1
369,782,949,1
370,421,300,1
371,940,417,1
372,729,835,1
373,122,721,0
374,433,284,1
375,952,718,1
376,288,959,0
377,107,12,1
378,398,47,1
379,824,365,1
380,30,150,0
381,287,592,0
382,923,189,1
383,186,606,0
384,858,885,1
385,197,241,1
386,378,29,1
387,704,601,1
388,480,640,1
389,248,587,0
390,647,18,1
391,76,80,1
392,253,255,1
393,698,24,1
394,169,24,1
395,937,186,1
396,89,715,0
397,530,601,1
398,423,509,1
399,320,52,1
400,491,847,0
401,86,690,0
402,868,235,1
403,247,31,1
404,720,641,1
405,841,272,1
406,932,50,1
407,427,63,1
408,141,768,0
409,901,156,1
410,996,944,1
411,335,592,0
412,935,301,1
413,642,606,1
414,661,34,1
415,442,9,1
416,994,340,1
417,941,188,1
418,744,666,1
419,653,906,1
420,726,881,1
421,689,355,1
422,874,704,1
423,74,175,0
424,939,909,1
425,665,2,1
426,786,59,1
427,230,924,0
428,550,161,1
429,259,644,0
430,438,711,0
431,22,880,0
432,353,87,1
433,670,387,1
434,377,334,1
435,349,276,1
436,934,486,1
437,140,831,0
438,111,785,0
439,660,795,1
440,692,524,1
441,928,991,1
442,591,446,1
443,569,121,1
444,720,803,1
445,681,61,1
446,608,641,1
447,704,622,1
448,797,134,1
449,29,812,0
450,788,116,1
451,516,50,1
452,36,251,0
453,654,42,1
454,143,369,0
455,654,336,1
456,60,992,0
457,648,248,1
458,335,964,0
459,836,861,1
460,411,575,1
461,256,71,1
462,358,163,1
463,963,23,1
464,298,412,1
465,454,514,1
466,555,815,1
467,437,360,1
468,428,443,1
469,899,184,1
470,644,987,1
471,516,274,1
472,574,652,1
473,115,784,0
474,439,649,1
475,876,9,1
476,561,681,1
477,292,500,0
478,580,658,1
479,372,118,1
480,259,540,0
481,157,321,0
482,244,220,1
483,437,569,1
484,761,243,1
485,751,707,1
486,900,267,1
487,33,284,0
488,808,262,1
489,343,971,0
490,314,66,1
491,693,540,1
492,678,789,1
493,545,810,1
494,542,937,0
495,39,920,0
496,213,980,0
497,958,277,1
498,258,270,1
499,223,650,0
500,88,576,0
