n 1000
c 417079
z 489122
time 0.00
1,551,394,1
2,507,979,1
3,769,229,1
4,377,786,1
5,634,535,1
6,342,856,1
7,562,504,1
8,776,698,1
9,327,352,1
10,991,185,1
11,576,814,1
12,232,90,1
13,892,927,1
14,903,643,1
15,288,703,1
16,857,459,1
17,687,984,1
18,511,775,1
19,563,532,1
20,534,429,1
21,314,440,1
22,668,574,1
23,877,935,1
24,397,765,1
25,802,895,1
26,51,223,0
27,249,269,1
28,540,846,1
29,259,840,1
30,437,910,1
31,662,588,1
32,893,578,1
33,301,542,1
34,796,988,1
35,764,199,1
36,290,232,1
37,602,167,1
38,980,651,1
39,191,319,1
40,704,549,1
41,813,226,1
42,474,616,1
43,962,577,1
44,56,148,1
45,819,354,1
46,152,209,1
47,397,636,1
48,985,80,1
49,213,498,1
50,38,463,0
51,832,873,1
52,735,775,1
53,252,392,1
54,66,315,0
55,333,659,1
56,639,454,1
57,507,236,1
58,657,217,1
59,17,487,0
60,432,169,1
61,769,663,1
62,483,889,1
63,778,554,1
64,202,689,1
65,123,110,1
66,930,715,1
67,986,879,1
68,906,821,1
69,997,79,1
70,810,728,1
71,554,960,1
72,884,132,1
73,842,465,1
74,226,262,1
75,167,618,0
76,255,743,1
77,279,109,1
78,234,354,1
79,369,747,1
80,604,793,1
81,612,520,1
82,243,300,1
83,438,509,1
84,375,376,1
85,698,736,1
86,177,128,1
87,43,938,0
88,196,35,1
89,421,389,1
90,507,194,1
91,387,79,1
92,642,443,1
93,690,799,1
94,337,222,1
95,565,483,1
96,611,372,1
97,698,332,1
98,389,823,1
99,913,247,1
100,649,307,1
101,693,968,1
102,962,527,1
103,787,557,1
104,250,999,0
105,768,228,1
106,520,729,1
107,247,706,1
108,85,33,1
109,295,73,1
110,421,860,1
111,210,653,1
112,955,630,1
113,970,388,1
114,484,352,1
115,871,304,1
116,110,953,0
117,108,666,0
118,930,808,1
119,175,956,0
120,116,851,0
121,766,322,1
122,563,423,1
123,679,158,1
124,452,805,1
125,928,704,1
126,953,133,1
127,525,390,1
128,887,42,1
129,864,141,1
130,445,994,1
131,907,852,1
132,456,544,1
133,481,257,1
134,11,319,0
135,874,723,1
136,636,589,1
137,405,364,1
138,690,17,1
139,288,48,1
140,466,947,1
141,547,822,1
142,489,247,1
143,578,866,1
144,916,166,1
145,273,804,1
146,51,121,1
147,322,441,1
148,804,426,1
149,169,835,0
150,171,929,0
151,113,984,0
152,455,743,1
153,296,916,1
154,352,635,1
155,109,276,1
156,341,439,1
157,866,937,1
158,146,878,0
159,996,468,1
160,206,972,0
161,767,796,1
162,578,993,1
163,991,121,1
164,774,276,1
165,721,804,1
166,942,633,1
167,56,997,0
168,657,966,1
169,483,904,1
170,698,408,1
171,979,637,1
172,775,796,1
173,155,379,1
174,231,12,1
175,872,345,1
176,745,73,1
177,168,33,1
178,215,200,1
179,927,225,1
180,689,586,1
181,260,350,1
182,846,851,1
183,394,927,1
184,566,879,1
185,26,795,0
186,986,68,1
187,758,49,1
188,165,176,1
189,256,842,1
190,452,744,1
191,625,381,1
192,288,937,1
193,246,695,1
194,285,791,1
195,437,612,1
196,418,496,1
197,309,326,1
198,257,884,0
199,163,361,1
200,289,228,1
201,297,233,1
202,302,443,1
203,161,97,1
204,771,29,1
205,375,937,1
206,877,779,1
207,636,835,1
208,960,344,1
209,591,706,1
210,256,772,1
211,862,511,1
212,326,370,1
213,866,769,1
214,210,743,0
215,776,648,1
216,239,330,1
217,516,831,1
218,90,794,0
219,40,396,0
220,316,473,1
221,426,900,1
222,119,299,1
223,948,120,1
224,741,18,1
225,269,174,1
226,964,802,1
227,725,662,1
228,806,180,1
229,557,178,1
230,525,273,1
231,149,152,1
232,932,525,1
233,167,111,1
234,688,589,1
235,920,316,1
236,917,318,1
237,743,320,1
238,733,956,1
239,998,943,1
240,203,371,1
241,878,896,1
242,806,86,1
243,351,628,1
244,697,762,1
245,868,917,1
246,127,701,0
247,117,100,1
248,172,80,1
249,726,151,1
250,638,415,1
251,797,989,1
252,666,593,1
253,585,63,1
254,435,624,1
255,453,830,1
256,134,959,0
257,36,395,0
258,313,587,1
259,303,710,1
260,449,991,1
261,930,246,1
262,19,240,0
263,412,521,1
264,570,241,1
265,381,74,1
266,927,796,1
267,26,821,0
268,783,486,1
269,412,471,1
270,830,710,1
271,670,710,1
272,409,402,1
273,509,42,1
274,641,781,1
275,882,152,1
276,348,481,1
277,491,9,1
278,813,893,1
279,40,715,0
280,931,187,1
281,64,707,0
282,768,441,1
283,236,670,1
284,16,593,0
285,555,43,1
286,953,975,1
287,389,894,1
288,809,311,1
289,588,771,1
290,35,217,0
291,259,469,1
292,788,842,1
293,450,11,1
294,970,240,1
295,986,405,1
296,195,785,0
297,827,577,1
298,371,633,1
299,734,68,1
300,536,422,1
301,116,207,1
302,736,857,1
303,325,456,1
304,730,92,1
305,636,442,1
306,554,186,1
307,799,426,1
308,189,472,1
309,461,398,1
310,364,206,1
311,801,356,1
312,486,553,1
313,179,165,1
314,734,816,1
315,309,124,1
316,748,145,1
317,202,175,1
318,287,488,1
319,186,769,0
320,432,803,1
321,843,281,1
322,298,445,1
323,778,74,1
324,325,957,1
325,967,272,1
326,145,322,1
327,798,572,1
328,608,701,1
329,354,516,1
330,588,323,1
331,860,218,1
332,168,478,1
333,929,823,1
334,979,959,1
335,529,524,1
336,238,378,1
337,60,869,0
338,319,229,1
339,695,331,1
340,630,654,1
341,380,468,1
342,269,217,1
343,840,648,1
344,812,563,1
345,69,347,0
346,250,533,1
347,16,666,0
348,456,992,1
349,285,772,1
350,759,426,1
351,502,63,1
352,978,11,1
353,626,67,1
354,86,247,1
355,875,783,1
356,989,71,1
357,624,566,1
358,986,134,1
359,32,5,1
360,311,933,1
361,984,308,1
362,691,699,1
363,708,487,1
364,871,613,1
365,754,24,1
366,327,382,1
367,780,659,1
368,670,963,1
369,931,782,1
370,42,149,0
371,65,978,0
372,742,348,1
373,351,202,1
374,54,13,1
375,5,47,0
376,597,440,1
377,464,597,1
378,563,624,1
379,309,198,1
380,179,191,1
381,580,273,1
382,480,710,1
383,519,839,1
384,103,718,0
385,826,626,1
386,71,574,0
387,269,594,1
388,277,673,1
389,765,476,1
390,484,619,1
391,809,129,1
392,730,56,1
393,695,825,1
394,982,825,1
395,262,283,1
396,30,268,0
397,311,2,1
398,204,630,1
399,21,165,0
400,656,664,1
401,907,707,1
402,297,884,1
403,284,136,1
404,973,202,1
405,990,609,1
406,145,987,0
407,336,288,1
408,562,353,1
409,402,645,1
410,673,601,1
411,332,113,1
412,796,206,1
413,391,311,1
414,114,875,0
415,407,706,1
416,367,837,1
417,410,125,1
418,437,611,1
419,114,419,0
420,603,914,1
421,878,636,1
422,663,441,1
423,423,832,1
424,336,422,1
425,566,707,1
426,223,716,1
427,643,957,1
428,475,978,1
429,104,189,1
430,331,120,1
431,555,217,1
432,646,368,1
433,619,788,1
434,302,711,1
435,442,325,1
436,787,623,1
437,121,464,0
438,460,890,1
439,113,692,0
440,41,189,0
441,789,248,1
442,292,567,1
443,686,434,1
444,445,860,1
445,494,446,1
446,141,650,0
447,501,815,1
448,722,759,1
449,594,933,1
450,393,757,1
451,281,995,0
452,273,380,1
453,507,99,1
454,636,26,1
455,259,345,1
456,745,921,1
457,325,713,1
458,692,85,1
459,825,710,1
460,952,424,1
461,821,568,1
462,963,740,1
463,984,200,1
464,551,205,1
465,355,483,1
466,288,56,1
467,82,953,0
468,849,52,1
469,608,857,1
470,209,692,1
471,225,731,1
472,835,949,1
473,744,185,1
474,420,594,1
475,953,890,1
476,86,962,0
477,641,53,1
478,737,571,1
479,937,423,1
480,504,101,1
481,738,946,1
482,297,357,1
483,266,354,1
484,190,284,1
485,540,172,1
486,33,396,0
487,742,797,1
488,909,535,1
489,268,268,1
490,687,699,1
491,218,701,1
492,195,278,1
493,590,195,1
494,171,154,1
495,996,729,1
496,954,437,1
497,59,798,0
498,735,15,1
499,268,179,1
500,301,513,1
501,635,809,1
502,719,807,1
503,871,804,1
504,969,937,1
505,387,718,1
506,890,660,1
507,383,473,1
508,93,135,1
509,216,533,1
510,566,85,1
511,955,306,1
512,857,527,1
513,98,403,0
514,815,563,1
515,653,431,1
516,466,661,1
517,946,661,1
518,816,984,1
519,183,379,1
520,388,280,1
521,795,987,1
522,703,135,1
523,260,947,0
524,982,315,1
525,444,95,1
526,93,129,1
527,421,221,1
528,825,992,1
529,539,349,1
530,627,332,1
531,449,43,1
532,553,949,1
533,955,299,1
534,942,243,1
535,570,447,1
536,10,680,0
537,367,760,1
538,820,83,1
539,591,502,1
540,651,620,1
541,564,374,1
542,892,753,1
543,116,791,0
544,198,316,1
545,786,633,1
546,217,534,1
547,491,251,1
548,605,973,1
549,123,527,0
550,471,405,1
551,150,316,1
552,478,54,1
553,394,991,1
554,812,73,1
555,473,552,1
556,920,848,1
557,157,492,1
558,792,721,1
559,260,500,1
560,251,591,1
561,883,73,1
562,565,990,1
563,991,747,1
564,548,65,1
565,694,405,1
566,519,841,1
567,396,174,1
568,654,3,1
569,762,814,1
570,284,991,0
571,769,250,1
572,465,817,1
573,819,535,1
574,436,766,1
575,314,167,1
576,758,13,1
577,51,339,0
578,601,71,1
579,930,62,1
580,528,644,1
581,873,961,1
582,184,36,1
583,547,800,1
584,252,630,1
585,650,368,1
586,966,225,1
587,880,75,1
588,729,252,1
589,539,938,1
590,332,428,1
591,210,373,1
592,385,506,1
593,492,330,1
594,787,182,1
595,688,896,1
596,77,132,1
597,78,151,1
598,752,1,1
599,988,743,1
600,573,362,1
601,197,17,1
602,528,697,1
603,565,125,1
604,733,22,1
605,527,337,1
606,365,30,1
607,231,778,1
608,984,930,1
609,59,338,0
610,422,806,1
611,484,751,1
612,745,388,1
613,219,564,1
614,26,316,0
615,806,894,1
616,156,931,0
617,161,845,0
618,198,694,0
619,233,589,1
620,561,985,1
621,981,424,1
622,817,248,1
623,861,881,1
624,241,696,1
625,780,864,1
626,463,963,1
627,298,669,1
628,766,303,1
629,522,427,1
630,499,154,1
631,723,698,1
632,471,796,1
633,753,256,1
634,930,225,1
635,467,878,1
636,689,498,1
637,127,667,0
638,678,446,1
639,282,551,1
640,446,154,1
641,60,854,0
642,185,546,1
643,135,991,0
644,394,202,1
645,256,895,0
646,893,502,1
647,735,647,1
648,584,67,1
649,673,839,1
650,506,840,1
651,317,629,1
652,697,932,1
653,91,926,0
654,584,845,1
655,999,936,1
656,228,914,0
657,981,194,1
658,240,342,1
659,287,288,1
660,615,298,1
661,714,110,1
662,78,501,0
663,255,761,1
664,108,90,1
665,717,629,1
666,281,919,1
667,747,670,1
668,284,981,0
669,507,398,1
670,265,289,1
671,18,31,0
672,167,582,0
673,636,782,1
674,856,236,1
675,421,645,1
676,289,993,0
677,802,476,1
678,873,90,1
679,998,411,1
680,295,967,1
681,761,709,1
682,828,112,1
683,938,372,1
684,447,848,1
685,661,398,1
686,119,308,1
687,383,449,1
688,67,552,0
689,614,104,1
690,5,927,0
691,542,602,1
692,510,132,1
693,534,59,1
694,875,418,1
695,513,73,1
696,236,548,1
697,321,789,1
698,621,738,1
699,133,988,0
700,366,224,1
701,315,770,1
702,277,197,1
703,73,378,0
704,4,861,0
705,693,923,1
706,380,995,1
707,661,386,1
708,192,335,1
709,657,160,1
710,711,800,1
711,972,481,1
712,217,246,1
713,545,465,1
714,98,734,0
715,57,298,0
716,621,987,1
717,67,134,1
718,376,21,1
719,221,853,0
720,789,569,1
721,871,100,1
722,616,77,1
723,583,682,1
724,188,38,1
725,126,112,1
726,73,16,1
727,954,885,1
728,40,681,0
729,261,939,0
730,759,690,1
731,874,889,1
732,543,83,1
733,631,574,1
734,898,426,1
735,30,519,0
736,803,488,1
737,182,957,0
738,862,792,1
739,271,870,1
740,630,917,1
741,835,78,1
742,237,471,1
743,567,946,1
744,286,713,1
745,497,600,1
746,694,306,1
747,363,118,1
748,657,605,1
749,525,590,1
750,921,952,1
751,665,291,1
752,946,982,1
753,560,828,1
754,536,25,1
755,866,393,1
756,682,720,1
757,179,254,1
758,544,24,1
759,192,619,1
760,951,514,1
761,313,589,1
762,757,121,1
763,233,501,1
764,367,886,1
765,216,715,1
766,897,730,1
767,138,975,0
768,309,279,1
769,671,555,1
770,308,955,1
771,227,528,1
772,691,778,1
773,361,12,1
774,477,167,1
775,801,853,1
776,70,711,0
777,681,685,1
778,671,131,1
779,463,97,1
780,213,480,1
781,612,928,1
782,76,404,0
783,923,724,1
784,970,150,1
785,665,8,1
786,982,554,1
787,999,55,1
788,46,985,0
789,171,740,0
790,1000,225,1
791,437,620,1
792,616,630,1
793,325,132,1
794,153,796,0
795,729,735,1
796,487,584,1
797,836,32,1
798,624,666,1
799,115,297,1
800,795,641,1
801,841,182,1
802,936,75,1
803,34,329,0
804,671,335,1
805,916,627,1
806,197,306,1
807,441,475,1
808,841,562,1
809,441,966,1
810,141,234,1
811,749,747,1
812,120,578,0
813,286,353,1
814,128,17,1
815,172,536,1
816,965,90,1
817,466,977,1
818,440,2,1
819,983,779,1
820,282,346,1
821,240,491,1
822,57,812,0
823,128,511,0
824,133,118,1
825,657,319,1
826,505,22,1
827,812,616,1
828,709,409,1
829,213,519,1
830,337,717,1
831,282,958,1
832,435,575,1
833,226,734,1
834,793,697,1
835,770,633,1
836,986,740,1
837,154,322,1
838,79,878,0
839,807,300,1
840,672,559,1
841,2,835,0
842,576,510,1
843,301,547,1
844,146,699,0
845,349,732,1
846,757,217,1
847,194,926,0
848,187,754,0
849,868,143,1
850,992,110,1
851,8,126,0
852,645,658,1
853,840,987,1
854,211,945,0
855,9,61,0
856,949,442,1
857,758,175,1
858,383,717,1
859,921,112,1
860,515,443,1
861,762,21,1
862,74,121,1
863,896,910,1
864,823,360,1
865,540,162,1
866,943,989,1
867,349,183,1
868,109,376,0
869,181,874,0
870,906,811,1
871,947,935,1
872,385,1,1
873,442,502,1
874,953,272,1
875,631,650,1
876,539,28,1
877,288,919,1
878,75,514,0
879,471,287,1
880,364,54,1
881,101,705,0
882,948,393,1
883,4,504,0
884,687,602,1
885,141,187,1
886,727,687,1
887,944,70,1
888,216,449,1
889,18,188,0
890,610,946,1
891,633,694,1
892,56,852,0
893,307,341,1
894,453,463,1
895,452,760,1
896,574,86,1
897,293,586,1
898,98,958,0
899,218,140,1
900,190,100,1
901,100,282,1
902,854,314,1
903,149,165,1
904,718,414,1
905,419,445,1
906,750,872,1
907,467,72,1
908,148,949,0
909,743,83,1
910,467,540,1
911,290,11,1
912,705,557,1
913,879,993,1
914,54,625,0
915,722,296,1
916,744,258,1
917,566,956,1
918,196,687,0
919,54,297,0
920,110,884,0
921,471,693,1
922,906,764,1
923,306,699,1
924,140,228,1
925,56,757,0
926,369,926,1
927,845,805,1
928,848,974,1
929,943,800,1
930,387,357,1
931,496,431,1
932,527,855,1
933,607,772,1
934,803,3,1
935,350,325,1
936,798,351,1
937,668,504,1
938,401,125,1
939,561,980,1
940,195,717,0
941,402,215,1
942,155,176,1
943,715,505,1
944,280,855,1
945,161,540,1
946,301,30,1
947,458,255,1
948,96,889,0
949,251,749,1
950,193,289,1
951,761,639,1
952,176,106,1
953,340,707,1
954,367,36,1
955,941,894,1
956,351,5,1
957,545,949,1
958,318,519,1
959,501,972,1
960,541,867,1
961,225,442,1
962,920,257,1
963,561,185,1
964,767,851,1
965,310,221,1
966,210,885,0
967,580,593,1
968,241,739,1
969,196,752,0
970,224,56,1
971,762,62,1
972,634,453,1
973,585,684,1
974,277,814,1
975,466,122,1
976,323,733,1
977,595,420,1
978,601,490,1
979,260,580,1
980,39,160,0
981,820,272,1
982,960,388,1
983,755,175,1
984,60,132,1
985,41,669,0
986,281,346,1
987,115,832,0
988,969,964,1
989,30,647,0
990,924,98,1
991,59,30,1
992,685,131,1
993,699,848,1
994,219,595,1
995,652,442,1
996,86,885,0
997,610,288,1
998,185,905,0
999,329,478,1
1000,695,259,1
