n 2000
c 376457
z 708495
time 0.00
1,764,334,1
2,53,690,0
3,46,288,0
4,978,129,1
5,736,354,1
6,119,832,0
7,328,35,1
8,290,426,0
9,437,571,0
10,65,944,0
11,613,66,1
12,273,337,0
13,65,282,0
14,552,778,0
15,517,579,0
16,642,139,1
17,4,515,0
18,472,270,1
19,737,751,1
20,568,484,1
21,656,115,1
22,749,214,1
23,330,290,1
24,790,413,1
25,231,819,0
26,453,878,0
27,38,936,0
28,630,534,1
29,216,484,0
30,679,205,1
31,819,600,1
32,310,218,1
33,690,74,1
34,285,259,1
35,466,90,1
36,859,863,1
37,751,218,1
38,957,107,1
39,685,930,0
40,618,565,1
41,506,357,1
42,12,24,0
43,304,740,0
44,585,124,1
45,377,413,0
46,465,609,0
47,939,136,1
48,523,472,1
49,523,797,0
50,32,766,0
51,101,637,0
52,81,974,0
53,673,491,1
54,251,626,0
55,970,231,1
56,88,718,0
57,793,15,1
58,594,865,0
59,446,962,0
60,345,432,0
61,790,51,1
62,12,777,0
63,1000,974,1
64,844,841,1
65,793,754,1
66,99,490,0
67,871,499,1
68,236,573,0
69,411,258,1
70,476,336,1
71,311,972,0
72,557,524,1
73,847,716,1
74,820,373,1
75,317,758,0
76,584,535,1
77,92,913,0
78,323,881,0
79,358,935,0
80,718,553,1
81,329,340,1
82,196,796,0
83,764,905,0
84,752,984,0
85,735,780,0
86,739,496,1
87,664,686,1
88,525,410,1
89,322,712,0
90,837,817,1
91,936,867,1
92,692,51,1
93,688,787,0
94,67,822,0
95,618,910,0
96,781,347,1
97,111,807,0
98,502,663,0
99,935,962,1
100,475,18,1
101,315,563,0
102,108,414,0
103,257,952,0
104,4,110,0
105,261,447,0
106,729,248,1
107,988,149,1
108,911,529,1
109,348,85,1
110,791,275,1
111,488,49,1
112,516,109,1
113,344,799,0
114,438,511,0
115,932,11,1
116,655,529,1
117,201,797,0
118,211,895,0
119,668,975,0
120,581,267,1
121,316,286,1
122,989,887,1
123,580,794,0
124,749,853,0
125,750,803,0
126,363,637,0
127,355,298,1
128,112,618,0
129,790,313,1
130,407,73,1
131,857,800,1
132,401,471,0
133,630,301,1
134,29,774,0
135,768,151,1
136,454,668,0
137,659,983,0
138,396,353,1
139,389,332,1
140,756,482,1
141,992,689,1
142,979,911,1
143,576,685,0
144,846,357,1
145,734,903,0
146,453,560,0
147,463,140,1
148,69,657,0
149,607,63,1
150,349,384,0
151,695,211,1
152,801,559,1
153,742,24,1
154,18,978,0
155,347,328,1
156,854,942,0
157,1000,316,1
158,875,197,1
159,370,608,0
160,887,795,1
161,37,79,0
162,764,401,1
163,204,204,1
164,55,388,0
165,95,71,1
166,471,456,1
167,941,769,1
168,778,870,0
169,864,644,1
170,99,671,0
171,785,97,1
172,232,860,0
173,608,879,0
174,16,180,0
175,77,909,0
176,10,665,0
177,629,940,0
178,216,271,0
179,916,836,1
180,643,754,0
181,585,249,1
182,168,11,1
183,775,786,1
184,967,182,1
185,943,367,1
186,884,211,1
187,475,468,1
188,14,479,0
189,182,326,0
190,653,863,0
191,431,376,1
192,346,473,0
193,348,2,1
194,358,582,0
195,146,559,0
196,844,120,1
197,683,930,0
198,242,332,0
199,225,101,1
200,266,67,1
201,918,45,1
202,568,99,1
203,998,685,1
204,372,909,0
205,564,973,0
206,527,251,1
207,833,862,1
208,226,664,0
209,204,565,0
210,65,971,0
211,779,954,0
212,351,642,0
213,471,781,0
214,699,575,1
215,54,404,0
216,713,993,0
217,993,946,1
218,651,186,1
219,134,815,0
220,125,544,0
221,912,560,1
222,809,627,1
223,954,875,1
224,23,898,0
225,699,914,0
226,118,298,0
227,650,969,0
228,776,355,1
229,731,325,1
230,159,761,0
231,482,499,1
232,277,668,0
233,588,587,1
234,658,452,1
235,694,487,1
236,23,750,0
237,565,627,0
238,151,779,0
239,620,611,1
240,533,443,1
241,923,523,1
242,391,997,0
243,996,767,1
244,946,489,1
245,402,400,1
246,232,509,0
247,66,856,0
248,813,704,1
249,179,946,0
250,496,326,1
251,618,777,0
252,916,25,1
253,390,683,0
254,845,288,1
255,547,177,1
256,303,687,0
257,298,230,1
258,26,426,0
259,709,345,1
260,899,175,1
261,135,185,0
262,92,343,0
263,970,429,1
264,404,961,0
265,259,389,0
266,57,740,0
267,272,888,0
268,377,6,1
269,873,563,1
270,607,181,1
271,148,538,0
272,211,945,0
273,802,574,1
274,675,429,1
275,424,91,1
276,37,256,0
277,152,893,0
278,463,260,1
279,933,359,1
280,621,506,1
281,478,783,0
282,993,728,1
283,297,225,1
284,985,305,1
285,377,6,1
286,122,823,0
287,282,185,1
288,811,855,1
289,897,455,1
290,612,249,1
291,305,816,0
292,653,498,1
293,592,86,1
294,931,696,1
295,40,193,0
296,949,313,1
297,913,492,1
298,437,528,0
299,971,256,1
300,633,718,0
301,42,778,0
302,153,169,0
303,442,772,0
304,812,115,1
305,826,445,1
306,115,90,1
307,773,621,1
308,303,423,0
309,299,474,0
310,206,405,0
311,942,320,1
312,944,328,1
313,808,584,1
314,896,808,1
315,170,176,1
316,574,976,0
317,375,875,0
318,825,143,1
319,768,988,0
320,673,3,1
321,368,172,1
322,331,189,1
323,463,694,0
324,726,964,0
325,325,163,1
326,339,673,0
327,476,168,1
328,673,821,0
329,143,432,0
330,38,395,0
331,833,254,1
332,762,333,1
333,606,699,0
334,4,846,0
335,663,352,1
336,104,937,0
337,977,177,1
338,897,293,1
339,300,830,0
340,216,798,0
341,697,447,1
342,78,800,0
343,621,852,0
344,190,42,1
345,739,230,1
346,707,789,0
347,45,30,1
348,777,464,1
349,490,199,1
350,80,529,0
351,483,770,0
352,795,226,1
353,600,318,1
354,695,134,1
355,392,298,1
356,991,23,1
357,613,49,1
358,356,733,0
359,22,705,0
360,689,36,1
361,70,504,0
362,588,579,1
363,497,955,0
364,985,316,1
365,287,156,1
366,969,885,1
367,361,127,1
368,871,106,1
369,593,953,0
370,827,69,1
371,574,774,0
372,616,588,1
373,4,310,0
374,88,572,0
375,850,546,1
376,183,599,0
377,973,825,1
378,876,880,1
379,682,370,1
380,788,743,1
381,81,77,1
382,569,325,1
383,733,114,1
384,704,421,1
385,136,237,0
386,960,5,1
387,355,805,0
388,182,520,0
389,770,720,1
390,278,626,0
391,62,893,0
392,732,791,0
393,469,573,0
394,64,792,0
395,524,30,1
396,663,203,1
397,268,470,0
398,454,278,1
399,778,152,1
400,146,783,0
401,160,326,0
402,891,147,1
403,338,868,0
404,15,977,0
405,35,692,0
406,674,394,1
407,462,684,0
408,427,600,0
409,472,912,0
410,490,120,1
411,978,325,1
412,342,605,0
413,444,147,1
414,115,843,0
415,565,965,0
416,832,724,1
417,951,1,1
418,543,898,0
419,48,542,0
420,661,970,0
421,363,199,1
422,25,881,0
423,156,579,0
424,233,46,1
425,811,158,1
426,840,107,1
427,16,336,0
428,661,682,1
429,517,256,1
430,924,392,1
431,217,357,0
432,367,848,0
433,496,408,1
434,64,247,0
435,696,225,1
436,997,263,1
437,518,532,1
438,942,354,1
439,471,16,1
440,42,661,0
441,3,308,0
442,109,494,0
443,339,246,1
444,727,148,1
445,347,569,0
446,710,826,0
447,83,995,0
448,3,695,0
449,271,769,0
450,178,829,0
451,534,367,1
452,619,75,1
453,16,231,0
454,13,729,0
455,897,12,1
456,418,240,1
457,570,661,0
458,222,588,0
459,527,577,0
460,345,232,1
461,186,275,0
462,268,660,0
463,926,171,1
464,552,124,1
465,72,86,0
466,930,232,1
467,912,900,1
468,642,772,0
469,222,188,1
470,523,51,1
471,798,558,1
472,317,565,0
473,14,252,0
474,526,250,1
475,103,246,0
476,407,505,0
477,830,377,1
478,746,234,1
479,303,387,0
480,426,117,1
481,167,341,0
482,515,109,1
483,856,133,1
484,552,708,0
485,994,215,1
486,475,651,0
487,620,336,1
488,198,966,0
489,193,735,0
490,769,3,1
491,447,529,0
492,837,325,1
493,868,415,1
494,949,993,1
495,241,669,0
496,924,516,1
497,368,281,1
498,729,639,1
499,714,998,0
500,455,712,0
501,177,549,0
502,169,590,0
503,436,199,1
504,707,697,1
505,193,65,1
506,67,891,0
507,972,701,1
508,262,927,0
509,566,625,0
510,751,237,1
511,585,142,1
512,115,470,0
513,551,398,1
514,96,802,0
515,83,195,0
516,164,964,0
517,287,1000,0
518,321,239,1
519,548,407,1
520,446,848,0
521,120,287,0
522,353,983,0
523,146,6,1
524,184,186,1
525,113,475,0
526,439,56,1
527,346,961,0
528,555,1000,0
529,969,393,1
530,501,3,1
531,270,503,0
532,314,268,1
533,688,510,1
534,608,907,0
535,288,963,0
536,267,368,0
537,812,475,1
538,350,266,1
539,372,314,1
540,629,924,0
541,185,753,0
542,150,168,0
543,313,219,1
544,712,908,0
545,544,524,1
546,723,390,1
547,160,399,0
548,551,372,1
549,377,642,0
550,937,620,1
551,515,56,1
552,416,333,1
553,288,723,0
554,958,913,1
555,775,675,1
556,730,927,0
557,459,864,0
558,842,153,1
559,538,328,1
560,877,287,1
561,201,325,0
562,254,397,0
563,669,910,0
564,581,680,0
565,788,16,1
566,904,881,1
567,162,849,0
568,127,779,0
569,519,393,1
570,885,31,1
571,246,334,0
572,66,225,0
573,873,378,1
574,877,238,1
575,560,779,0
576,319,493,0
577,400,919,0
578,75,583,0
579,784,409,1
580,873,716,1
581,86,668,0
582,162,627,0
583,928,195,1
584,437,806,0
585,727,11,1
586,208,504,0
587,286,302,0
588,171,76,1
589,176,909,0
590,910,675,1
591,863,977,0
592,90,289,0
593,945,110,1
594,933,805,1
595,13,772,0
596,111,459,0
597,956,11,1
598,138,896,0
599,82,458,0
600,94,170,0
601,507,68,1
602,122,25,1
603,50,608,0
604,279,749,0
605,53,124,0
606,262,773,0
607,180,94,1
608,258,1,1
609,649,894,0
610,840,629,1
611,657,234,1
612,235,419,0
613,872,127,1
614,964,860,1
615,891,850,1
616,974,794,1
617,783,521,1
618,807,917,0
619,63,520,0
620,635,184,1
621,826,435,1
622,83,167,0
623,211,997,0
624,258,368,0
625,154,219,0
626,112,723,0
627,136,264,0
628,296,647,0
629,103,246,0
630,644,666,1
631,568,526,1
632,8,660,0
633,183,796,0
634,172,153,1
635,24,922,0
636,299,737,0
637,861,183,1
638,816,454,1
639,7,315,0
640,320,41,1
641,193,226,0
642,106,601,0
643,957,370,1
644,659,546,1
645,206,915,0
646,895,86,1
647,364,435,0
648,322,314,1
649,294,602,0
650,76,512,0
651,170,369,0
652,82,644,0
653,128,546,0
654,737,597,1
655,365,755,0
656,838,562,1
657,891,141,1
658,497,950,0
659,517,500,1
660,552,441,1
661,471,818,0
662,464,77,1
663,308,204,1
664,414,466,0
665,50,488,0
666,731,230,1
667,601,761,0
668,637,845,0
669,121,434,0
670,347,216,1
671,176,267,0
672,49,29,1
673,330,306,1
674,721,763,0
675,59,449,0
676,259,712,0
677,576,647,0
678,587,258,1
679,980,262,1
680,256,550,0
681,934,849,1
682,213,440,0
683,695,232,1
684,505,7,1
685,338,321,1
686,697,540,1
687,437,565,0
688,245,959,0
689,507,36,1
690,735,534,1
691,115,973,0
692,479,156,1
693,548,854,0
694,108,137,0
695,615,533,1
696,198,971,0
697,966,857,1
698,927,801,1
699,907,648,1
700,591,856,0
701,473,365,1
702,463,828,0
703,735,333,1
704,525,428,1
705,267,431,0
706,510,147,1
707,883,614,1
708,330,559,0
709,566,572,1
710,88,255,0
711,673,292,1
712,962,373,1
713,566,908,0
714,828,278,1
715,231,150,1
716,390,626,0
717,1000,889,1
718,953,333,1
719,579,256,1
720,910,865,1
721,380,431,0
722,738,573,1
723,764,758,1
724,638,853,0
725,324,60,1
726,538,943,0
727,383,192,1
728,977,472,1
729,194,214,0
730,712,402,1
731,352,725,0
732,625,547,1
733,285,129,1
734,564,914,0
735,796,18,1
736,468,608,0
737,20,185,0
738,159,336,0
739,333,937,0
740,47,428,0
741,216,857,0
742,183,78,1
743,565,981,0
744,335,848,0
745,462,860,0
746,264,681,0
747,41,690,0
748,155,909,0
749,795,186,1
750,763,487,1
751,295,727,0
752,731,933,0
753,853,295,1
754,674,792,0
755,640,253,1
756,419,775,0
757,40,633,0
758,49,559,0
759,318,150,1
760,672,369,1
761,782,185,1
762,351,200,1
763,950,801,1
764,793,869,0
765,957,934,1
766,930,297,1
767,431,122,1
768,847,198,1
769,109,31,1
770,558,571,1
771,225,676,0
772,37,834,0
773,927,31,1
774,142,599,0
775,287,336,0
776,904,279,1
777,430,208,1
778,601,954,0
779,68,621,0
780,783,79,1
781,57,147,0
782,134,907,0
783,441,688,0
784,539,574,1
785,743,76,1
786,167,66,1
787,717,130,1
788,1000,672,1
789,81,752,0
790,481,753,0
791,307,239,1
792,362,382,0
793,146,567,0
794,466,492,0
795,31,171,0
796,248,103,1
797,250,220,1
798,130,610,0
799,184,68,1
800,452,128,1
801,278,986,0
802,858,467,1
803,311,565,0
804,833,143,1
805,105,798,0
806,687,41,1
807,814,295,1
808,899,185,1
809,559,137,1
810,215,177,1
811,930,71,1
812,786,257,1
813,620,813,0
814,690,777,0
815,193,276,0
816,782,794,1
817,160,77,1
818,114,521,0
819,716,95,1
820,91,889,0
821,133,199,0
822,875,348,1
823,934,219,1
824,983,326,1
825,975,579,1
826,467,462,1
827,442,540,0
828,951,401,1
829,170,338,0
830,578,756,0
831,848,906,0
832,685,214,1
833,368,793,0
834,635,425,1
835,864,436,1
836,500,627,0
837,784,949,0
838,97,909,0
839,84,359,0
840,57,471,0
841,519,271,1
842,250,893,0
843,42,671,0
844,316,691,0
845,42,527,0
846,503,768,0
847,984,90,1
848,820,890,0
849,545,83,1
850,649,638,1
851,142,2,1
852,70,169,0
853,854,374,1
854,149,841,0
855,975,400,1
856,415,97,1
857,579,650,0
858,64,557,0
859,135,611,0
860,884,874,1
861,71,737,0
862,532,697,0
863,853,865,1
864,9,608,0
865,801,253,1
866,185,284,0
867,986,803,1
868,694,680,1
869,499,5,1
870,108,939,0
871,1000,450,1
872,107,40,1
873,488,809,0
874,650,823,0
875,492,782,0
876,189,68,1
877,925,274,1
878,669,937,0
879,644,275,1
880,22,413,0
881,963,669,1
882,494,776,0
883,345,555,0
884,552,434,1
885,667,103,1
886,696,279,1
887,382,369,1
888,242,976,0
889,976,735,1
890,875,370,1
891,438,538,0
892,57,611,0
893,120,224,0
894,414,734,0
895,169,131,1
896,912,565,1
897,747,334,1
898,804,318,1
899,967,591,1
900,864,571,1
901,26,358,0
902,144,146,1
903,467,16,1
904,95,325,0
905,216,464,0
906,216,967,0
907,641,627,1
908,341,517,0
909,780,702,1
910,964,164,1
911,759,623,1
912,346,332,1
913,605,780,0
914,447,744,0
915,743,435,1
916,641,593,1
917,492,463,1
918,885,647,1
919,11,76,0
920,480,787,0
921,821,928,0
922,467,484,1
923,815,686,1
924,77,532,0
925,517,384,1
926,690,478,1
927,867,872,1
928,778,774,1
929,669,323,1
930,852,188,1
931,822,259,1
932,545,607,0
933,141,271,0
934,389,659,0
935,331,409,0
936,463,134,1
937,833,660,1
938,698,548,1
939,871,583,1
940,621,797,0
941,55,283,0
942,597,928,0
943,392,645,0
944,914,527,1
945,318,32,1
946,558,262,1
947,351,634,0
948,34,504,0
949,73,185,0
950,715,569,1
951,374,202,1
952,753,618,1
953,849,302,1
954,376,940,0
955,75,210,0
956,384,636,0
957,382,849,0
958,15,655,0
959,195,648,0
960,23,298,0
961,14,765,0
962,618,289,1
963,119,997,0
964,272,706,0
965,828,17,1
966,195,941,0
967,481,764,0
968,434,2,1
969,498,108,1
970,90,239,0
971,959,546,1
972,659,125,1
973,182,863,0
974,94,462,0
975,559,742,0
976,300,829,0
977,936,816,1
978,146,649,0
979,881,703,1
980,89,719,0
981,234,483,0
982,202,628,0
983,896,723,1
984,550,972,0
985,806,761,1
986,739,202,1
987,544,44,1
988,114,740,0
989,611,2,1
990,229,545,0
991,617,450,1
992,903,322,1
993,296,436,0
994,260,467,0
995,642,966,0
996,519,29,1
997,863,995,0
998,978,449,1
999,22,610,0
1000,968,866,1
1001,859,129,1
1002,191,632,0
1003,706,635,1
1004,601,189,1
1005,538,597,0
1006,529,165,1
1007,484,801,0
1008,802,935,0
1009,867,261,1
1010,35,58,0
1011,453,563,0
1012,519,798,0
1013,975,742,1
1014,266,137,1
1015,488,334,1
1016,869,850,1
1017,300,640,0
1018,130,445,0
1019,808,949,0
1020,579,139,1
1021,885,428,1
1022,389,622,0
1023,765,991,0
1024,66,326,0
1025,251,455,0
1026,388,835,0
1027,447,789,0
1028,965,87,1
1029,607,582,1
1030,99,679,0
1031,897,978,0
1032,977,590,1
1033,644,994,0
1034,425,286,1
1035,479,795,0
1036,94,500,0
1037,849,131,1
1038,525,470,1
1039,247,487,0
1040,443,972,0
1041,357,974,0
1042,513,801,0
1043,108,926,0
1044,821,348,1
1045,313,473,0
1046,883,983,0
1047,685,603,1
1048,952,427,1
1049,145,683,0
1050,263,406,0
1051,2,628,0
1052,476,466,1
1053,994,975,1
1054,933,451,1
1055,895,678,1
1056,833,653,1
1057,93,791,0
1058,176,24,1
1059,294,203,1
1060,371,137,1
1061,298,946,0
1062,637,646,1
1063,130,669,0
1064,750,813,0
1065,997,776,1
1066,232,321,0
1067,262,322,0
1068,898,475,1
1069,389,490,0
1070,658,489,1
1071,809,776,1
1072,711,941,0
1073,263,533,0
1074,389,589,0
1075,100,983,0
1076,546,754,0
1077,142,173,0
1078,93,279,0
1079,345,516,0
1080,214,720,0
1081,566,580,1
1082,816,84,1
1083,782,706,1
1084,891,49,1
1085,676,898,0
1086,839,571,1
1087,480,616,0
1088,35,512,0
1089,799,139,1
1090,938,819,1
1091,344,728,0
1092,967,875,1
1093,378,254,1
1094,95,111,0
1095,385,651,0
1096,397,600,0
1097,487,627,0
1098,652,459,1
1099,135,583,0
1100,293,425,0
1101,964,962,1
1102,344,701,0
1103,888,363,1
1104,503,754,0
1105,81,583,0
1106,69,799,0
1107,534,599,0
1108,910,743,1
1109,256,162,1
1110,144,977,0
1111,899,855,1
1112,983,977,1
1113,252,353,0
1114,551,529,1
1115,92,558,0
1116,226,71,1
1117,818,638,1
1118,961,916,1
1119,726,757,1
1120,303,719,0
1121,650,309,1
1122,897,292,1
1123,891,491,1
1124,802,300,1
1125,365,19,1
1126,3,585,0
1127,326,499,0
1128,752,166,1
1129,616,986,0
1130,709,562,1
1131,794,483,1
1132,567,759,0
1133,416,394,1
1134,63,131,0
1135,462,265,1
1136,921,554,1
1137,596,623,1
1138,795,534,1
1139,187,230,0
1140,185,700,0
1141,86,799,0
1142,861,692,1
1143,988,572,1
1144,723,925,0
1145,81,778,0
1146,907,954,1
1147,308,873,0
1148,24,813,0
1149,412,730,0
1150,773,759,1
1151,939,780,1
1152,551,873,0
1153,868,922,1
1154,638,554,1
1155,353,373,1
1156,69,533,0
1157,597,537,1
1158,440,381,1
1159,945,566,1
1160,285,409,0
1161,10,94,0
1162,948,318,1
1163,503,246,1
1164,8,93,0
1165,952,554,1
1166,367,803,0
1167,818,570,1
1168,158,470,0
1169,735,867,0
1170,542,67,1
1171,314,883,0
1172,187,889,0
1173,136,669,0
1174,962,201,1
1175,186,885,0
1176,298,285,1
1177,711,952,0
1178,460,410,1
1179,478,659,0
1180,237,747,0
1181,346,279,1
1182,770,667,1
1183,734,422,1
1184,378,223,1
1185,103,981,0
1186,759,14,1
1187,177,765,0
1188,158,261,0
1189,985,295,1
1190,463,683,0
1191,266,300,0
1192,534,342,1
1193,804,726,1
1194,159,257,0
1195,790,55,1
1196,697,627,1
1197,412,364,1
1198,985,92,1
1199,876,749,1
1200,63,926,0
1201,986,556,1
1202,189,966,0
1203,243,215,1
1204,788,53,1
1205,662,859,0
1206,17,88,0
1207,406,631,0
1208,149,896,0
1209,69,179,0
1210,826,719,1
1211,643,572,1
1212,65,840,0
1213,68,229,0
1214,32,969,0
1215,759,474,1
1216,320,720,0
1217,538,388,1
1218,93,711,0
1219,539,724,0
1220,575,973,0
1221,522,998,0
1222,862,939,0
1223,330,884,0
1224,786,512,1
1225,302,771,0
1226,688,545,1
1227,224,422,0
1228,840,136,1
1229,428,614,0
1230,651,767,0
1231,772,939,0
1232,491,809,0
1233,541,705,0
1234,138,470,0
1235,414,425,1
1236,580,521,1
1237,224,971,0
1238,177,656,0
1239,505,141,1
1240,954,704,1
1241,523,11,1
1242,757,266,1
1243,953,451,1
1244,396,125,1
1245,610,659,0
1246,215,241,0
1247,382,289,1
1248,490,709,0
1249,85,335,0
1250,297,398,0
1251,951,314,1
1252,815,285,1
1253,622,445,1
1254,6,348,0
1255,127,87,1
1256,145,660,0
1257,488,253,1
1258,982,590,1
1259,635,245,1
1260,687,524,1
1261,865,488,1
1262,335,755,0
1263,298,131,1
1264,457,904,0
1265,480,771,0
1266,300,852,0
1267,795,362,1
1268,268,813,0
1269,431,626,0
1270,658,514,1
1271,561,765,0
1272,227,706,0
1273,497,367,1
1274,814,226,1
1275,114,176,0
1276,230,290,0
1277,484,994,0
1278,287,890,0
1279,699,659,1
1280,998,806,1
1281,248,359,0
1282,129,347,0
1283,613,342,1
1284,46,997,0
1285,454,381,1
1286,480,318,1
1287,819,372,1
1288,931,261,1
1289,210,28,1
1290,425,609,0
1291,73,346,0
1292,629,881,0
1293,801,700,1
1294,652,361,1
1295,366,518,0
1296,611,995,0
1297,683,393,1
1298,4,743,0
1299,98,354,0
1300,450,32,1
1301,537,603,0
1302,4,957,0
1303,904,160,1
1304,447,121,1
1305,111,399,0
1306,283,712,0
1307,973,325,1
1308,183,662,0
1309,715,9,1
1310,529,117,1
1311,638,736,0
1312,422,114,1
1313,619,492,1
1314,871,253,1
1315,606,713,0
1316,868,948,0
1317,643,494,1
1318,395,651,0
1319,381,628,0
1320,273,657,0
1321,572,279,1
1322,305,402,0
1323,145,117,1
1324,346,317,1
1325,854,239,1
1326,210,209,1
1327,216,268,0
1328,857,121,1
1329,6,124,0
1330,48,488,0
1331,260,136,1
1332,192,299,0
1333,848,516,1
1334,391,378,1
1335,917,461,1
1336,534,155,1
1337,677,29,1
1338,790,235,1
1339,842,552,1
1340,848,625,1
1341,21,978,0
1342,963,81,1
1343,792,791,1
1344,48,522,0
1345,919,254,1
1346,890,221,1
1347,416,395,1
1348,874,842,1
1349,995,551,1
1350,262,353,0
1351,405,47,1
1352,737,417,1
1353,239,686,0
1354,638,448,1
1355,147,776,0
1356,734,792,0
1357,222,340,0
1358,145,690,0
1359,817,396,1
1360,705,394,1
1361,554,700,0
1362,138,647,0
1363,647,157,1
1364,333,613,0
1365,194,69,1
1366,12,121,0
1367,944,333,1
1368,752,48,1
1369,516,743,0
1370,517,28,1
1371,321,129,1
1372,416,485,0
1373,324,146,1
1374,71,632,0
1375,807,72,1
1376,462,854,0
1377,74,572,0
1378,474,899,0
1379,197,651,0
1380,822,688,1
1381,216,169,1
1382,75,352,0
1383,867,676,1
1384,285,61,1
1385,297,562,0
1386,144,804,0
1387,287,232,1
1388,225,779,0
1389,651,641,1
1390,753,269,1
1391,840,607,1
1392,76,544,0
1393,381,649,0
1394,816,764,1
1395,605,328,1
1396,177,111,1
1397,569,32,1
1398,553,65,1
1399,513,264,1
1400,765,618,1
1401,219,309,0
1402,866,331,1
1403,978,41,1
1404,806,56,1
1405,807,948,0
1406,100,999,0
1407,173,516,0
1408,671,637,1
1409,734,247,1
1410,519,822,0
1411,635,130,1
1412,730,686,1
1413,753,716,1
1414,353,193,1
1415,807,940,0
1416,187,236,0
1417,148,379,0
1418,360,726,0
1419,933,824,1
1420,835,966,0
1421,540,439,1
1422,739,218,1
1423,476,45,1
1424,771,201,1
1425,353,978,0
1426,612,102,1
1427,837,211,1
1428,628,401,1
1429,20,898,0
1430,168,419,0
1431,825,901,0
1432,661,175,1
1433,401,584,0
1434,388,888,0
1435,53,752,0
1436,580,946,0
1437,134,470,0
1438,954,1,1
1439,305,891,0
1440,275,376,0
1441,818,750,1
1442,594,487,1
1443,220,919,0
1444,276,252,1
1445,558,367,1
1446,696,516,1
1447,922,199,1
1448,805,806,1
1449,487,785,0
1450,676,149,1
1451,662,414,1
1452,13,392,0
1453,81,269,0
1454,77,96,0
1455,111,661,0
1456,92,269,0
1457,205,311,0
1458,261,181,1
1459,534,235,1
1460,462,458,1
1461,459,342,1
1462,719,311,1
1463,94,357,0
1464,128,895,0
1465,680,568,1
1466,619,2,1
1467,19,238,0
1468,833,732,1
1469,745,432,1
1470,569,260,1
1471,99,741,0
1472,898,550,1
1473,206,866,0
1474,505,573,0
1475,639,163,1
1476,958,729,1
1477,887,723,1
1478,769,984,0
1479,10,796,0
1480,626,669,0
1481,314,307,1
1482,982,618,1
1483,736,243,1
1484,861,978,0
1485,250,332,0
1486,737,496,1
1487,496,144,1
1488,553,686,0
1489,41,458,0
1490,675,99,1
1491,770,67,1
1492,936,971,1
1493,86,106,0
1494,520,164,1
1495,866,479,1
1496,767,507,1
1497,655,685,1
1498,192,265,0
1499,754,58,1
1500,933,358,1
1501,304,132,1
1502,145,584,0
1503,787,241,1
1504,700,304,1
1505,818,667,1
1506,430,377,1
1507,684,590,1
1508,23,886,0
1509,293,503,0
1510,266,886,0
1511,153,907,0
1512,218,15,1
1513,853,546,1
1514,637,756,0
1515,925,150,1
1516,165,484,0
1517,712,660,1
1518,717,865,0
1519,303,701,0
1520,673,313,1
1521,165,721,0
1522,934,533,1
1523,913,1,1
1524,120,116,1
1525,78,223,0
1526,218,467,0
1527,531,36,1
1528,384,299,1
1529,118,846,0
1530,841,495,1
1531,988,676,1
1532,241,192,1
1533,60,944,0
1534,882,15,1
1535,129,672,0
1536,930,382,1
1537,70,568,0
1538,7,971,0
1539,603,359,1
1540,503,98,1
1541,358,876,0
1542,77,886,0
1543,629,950,0
1544,445,860,0
1545,624,349,1
1546,825,669,1
1547,508,656,0
1548,436,973,0
1549,393,900,0
1550,651,372,1
1551,421,869,0
1552,396,937,0
1553,697,476,1
1554,78,430,0
1555,545,389,1
1556,448,132,1
1557,425,844,0
1558,597,268,1
1559,171,700,0
1560,317,870,0
1561,693,780,0
1562,400,170,1
1563,832,710,1
1564,427,545,0
1565,523,388,1
1566,92,318,0
1567,925,857,1
1568,146,583,0
1569,890,538,1
1570,54,106,0
1571,645,303,1
1572,974,78,1
1573,699,330,1
1574,424,799,0
1575,920,955,1
1576,596,597,1
1577,595,125,1
1578,706,178,1
1579,620,361,1
1580,58,782,0
1581,863,421,1
1582,906,793,1
1583,32,880,0
1584,474,516,0
1585,637,532,1
1586,683,108,1
1587,595,33,1
1588,222,868,0
1589,449,522,0
1590,698,526,1
1591,601,758,0
1592,477,909,0
1593,389,806,0
1594,867,954,0
1595,862,14,1
1596,612,554,1
1597,951,921,1
1598,112,568,0
1599,552,349,1
1600,118,820,0
1601,590,328,1
1602,722,495,1
1603,232,62,1
1604,708,586,1
1605,285,936,0
1606,853,930,0
1607,801,859,0
1608,421,642,0
1609,79,714,0
1610,648,814,0
1611,975,144,1
1612,863,919,0
1613,616,566,1
1614,418,367,1
1615,793,477,1
1616,763,763,1
1617,306,769,0
1618,478,248,1
1619,488,75,1
1620,636,827,0
1621,573,569,1
1622,383,969,0
1623,277,683,0
1624,736,640,1
1625,4,693,0
1626,932,608,1
1627,830,164,1
1628,509,282,1
1629,903,359,1
1630,237,571,0
1631,832,452,1
1632,813,916,0
1633,707,155,1
1634,35,2,1
1635,278,147,1
1636,610,165,1
1637,963,935,1
1638,899,911,1
1639,112,349,0
1640,794,403,1
1641,354,595,0
1642,203,519,0
1643,549,742,0
1644,859,503,1
1645,150,584,0
1646,675,399,1
1647,385,221,1
1648,375,277,1
1649,286,267,1
1650,981,177,1
1651,798,755,1
1652,49,298,0
1653,900,216,1
1654,342,87,1
1655,519,611,0
1656,686,310,1
1657,156,256,0
1658,978,980,1
1659,752,961,0
1660,845,314,1
1661,546,549,1
1662,754,104,1
1663,807,877,0
1664,415,969,0
1665,456,459,1
1666,985,282,1
1667,590,87,1
1668,598,552,1
1669,197,583,0
1670,546,213,1
1671,142,34,1
1672,161,271,0
1673,446,105,1
1674,812,109,1
1675,364,474,0
1676,518,343,1
1677,664,411,1
1678,614,993,0
1679,455,832,0
1680,95,835,0
1681,227,233,1
1682,58,440,0
1683,175,298,0
1684,293,521,0
1685,872,392,1
1686,125,102,1
1687,55,381,0
1688,71,408,0
1689,212,393,0
1690,965,206,1
1691,260,845,0
1692,460,497,0
1693,634,732,0
1694,465,926,0
1695,836,241,1
1696,548,376,1
1697,340,55,1
1698,836,208,1
1699,655,537,1
1700,314,418,0
1701,827,855,1
1702,426,165,1
1703,865,353,1
1704,436,654,0
1705,514,467,1
1706,361,161,1
1707,301,294,1
1708,33,550,0
1709,198,422,0
1710,481,532,0
1711,403,501,0
1712,465,109,1
1713,720,603,1
1714,28,853,0
1715,578,728,0
1716,17,991,0
1717,720,816,0
1718,974,734,1
1719,958,250,1
1720,908,790,1
1721,435,853,0
1722,21,5,1
1723,219,168,1
1724,778,545,1
1725,447,516,0
1726,185,894,0
1727,375,655,0
1728,60,84,0
1729,433,368,1
1730,45,387,0
1731,875,842,1
1732,677,364,1
1733,629,472,1
1734,44,342,0
1735,42,979,0
1736,682,386,1
1737,509,427,1
1738,252,643,0
1739,169,335,0
1740,186,237,0
1741,32,634,0
1742,614,777,0
1743,501,285,1
1744,383,130,1
1745,981,387,1
1746,43,303,0
1747,615,988,0
1748,219,453,0
1749,133,842,0
1750,144,113,1
1751,658,402,1
1752,387,959,0
1753,211,399,0
1754,146,225,0
1755,435,433,1
1756,671,63,1
1757,535,876,0
1758,386,744,0
1759,664,881,0
1760,127,435,0
1761,918,166,1
1762,90,356,0
1763,521,210,1
1764,415,838,0
1765,547,129,1
1766,558,57,1
1767,98,608,0
1768,11,449,0
1769,746,510,1
1770,188,979,0
1771,278,848,0
1772,675,660,1
1773,534,95,1
1774,715,335,1
1775,149,127,1
1776,192,779,0
1777,90,847,0
1778,671,519,1
1779,958,584,1
1780,68,675,0
1781,405,779,0
1782,387,948,0
1783,821,484,1
1784,990,779,1
1785,900,157,1
1786,573,908,0
1787,510,800,0
1788,699,982,0
1789,139,309,0
1790,637,731,0
1791,383,612,0
1792,213,533,0
1793,379,560,0
1794,925,923,1
1795,498,617,0
1796,856,247,1
1797,782,643,1
1798,834,574,1
1799,984,720,1
1800,207,747,0
1801,22,487,0
1802,529,856,0
1803,694,215,1
1804,803,442,1
1805,681,852,0
1806,162,175,0
1807,523,372,1
1808,916,127,1
1809,959,23,1
1810,504,509,1
1811,967,113,1
1812,909,24,1
1813,169,918,0
1814,511,34,1
1815,830,296,1
1816,748,876,0
1817,236,192,1
1818,108,244,0
1819,131,743,0
1820,503,644,0
1821,756,247,1
1822,896,888,1
1823,812,699,1
1824,295,572,0
1825,281,271,1
1826,869,535,1
1827,68,693,0
1828,520,56,1
1829,492,710,0
1830,286,68,1
1831,884,362,1
1832,151,657,0
1833,370,804,0
1834,35,411,0
1835,928,60,1
1836,90,192,0
1837,839,818,1
1838,810,273,1
1839,895,724,1
1840,587,751,0
1841,44,332,0
1842,567,392,1
1843,411,257,1
1844,13,13,1
1845,666,265,1
1846,92,481,0
1847,781,152,1
1848,884,112,1
1849,476,391,1
1850,505,337,1
1851,634,132,1
1852,569,226,1
1853,136,89,1
1854,949,190,1
1855,904,844,1
1856,348,126,1
1857,726,99,1
1858,938,857,1
1859,552,513,1
1860,847,73,1
1861,63,225,0
1862,220,76,1
1863,661,30,1
1864,857,379,1
1865,358,461,0
1866,154,267,0
1867,420,744,0
1868,736,549,1
1869,114,264,0
1870,179,652,0
1871,626,582,1
1872,725,251,1
1873,378,22,1
1874,338,72,1
1875,728,264,1
1876,300,401,0
1877,759,500,1
1878,450,802,0
1879,498,90,1
1880,256,632,0
1881,101,915,0
1882,34,116,0
1883,179,311,0
1884,803,191,1
1885,977,444,1
1886,226,639,0
1887,25,871,0
1888,451,307,1
1889,468,67,1
1890,676,257,1
1891,119,947,0
1892,910,425,1
1893,38,517,0
1894,147,574,0
1895,278,518,0
1896,79,961,0
1897,955,444,1
1898,998,785,1
1899,410,291,1
1900,349,331,1
1901,953,511,1
1902,269,449,0
1903,491,771,0
1904,714,738,1
1905,271,836,0
1906,747,543,1
1907,224,574,0
1908,618,509,1
1909,976,489,1
1910,890,324,1
1911,997,62,1
1912,872,403,1
1913,653,852,0
1914,89,85,1
1915,134,417,0
1916,115,236,0
1917,38,983,0
1918,897,952,1
1919,561,438,1
1920,342,420,0
1921,841,663,1
1922,547,502,1
1923,656,980,0
1924,259,913,0
1925,449,898,0
1926,539,249,1
1927,172,80,1
1928,927,122,1
1929,64,951,0
1930,48,389,0
1931,482,117,1
1932,937,399,1
1933,556,655,0
1934,33,888,0
1935,905,51,1
1936,107,125,0
1937,469,55,1
1938,664,379,1
1939,450,834,0
1940,47,257,0
1941,349,109,1
1942,907,336,1
1943,734,270,1
1944,98,434,0
1945,158,841,0
1946,173,652,0
1947,427,626,0
1948,115,33,1
1949,63,915,0
1950,977,420,1
1951,71,470,0
1952,748,105,1
1953,839,217,1
1954,887,833,1
1955,147,596,0
1956,576,569,1
1957,280,607,0
1958,436,518,0
1959,448,52,1
1960,243,102,1
1961,212,358,0
1962,950,582,1
1963,429,781,0
1964,517,932,0
1965,771,615,1
1966,717,520,1
1967,486,725,0
1968,710,844,0
1969,915,279,1
1970,427,925,0
1971,982,533,1
1972,947,892,1
1973,926,539,1
1974,788,734,1
1975,894,223,1
1976,7,252,0
1977,783,611,1
1978,326,352,0
1979,163,185,0
1980,874,477,1
1981,724,904,0
1982,594,825,0
1983,123,762,0
1984,765,114,1
1985,981,607,1
1986,881,425,1
1987,959,98,1
1988,228,128,1
1989,379,597,0
1990,967,100,1
1991,435,899,0
1992,690,71,1
1993,857,682,1
1994,754,101,1
1995,801,484,1
1996,871,168,1
1997,382,504,0
1998,699,266,1
1999,281,330,0
2000,829,958,0
