n 2000
c 731518
z 947389
time 0.00
1,582,112,1
2,287,580,1
3,24,570,0
4,508,395,1
5,714,428,1
6,297,722,1
7,586,621,1
8,668,244,1
9,79,725,0
10,547,466,1
11,983,124,1
12,499,139,1
13,667,868,1
14,714,940,1
15,863,597,1
16,284,125,1
17,150,549,0
18,762,144,1
19,939,505,1
20,882,510,1
21,194,493,0
22,895,232,1
23,756,924,1
24,464,495,1
25,617,821,1
26,543,624,1
27,136,802,0
28,688,784,1
29,450,510,1
30,745,239,1
31,493,802,1
32,176,988,0
33,508,908,1
34,223,253,1
35,164,788,0
36,285,617,1
37,761,988,1
38,375,13,1
39,31,52,1
40,828,423,1
41,692,263,1
42,582,498,1
43,442,750,1
44,691,614,1
45,731,95,1
46,555,819,1
47,717,266,1
48,693,770,1
49,805,287,1
50,378,864,1
51,615,767,1
52,275,944,0
53,595,341,1
54,373,436,1
55,60,233,0
56,658,496,1
57,683,121,1
58,844,347,1
59,32,452,0
60,203,162,1
61,32,541,0
62,718,467,1
63,834,768,1
64,142,379,0
65,987,980,1
66,693,140,1
67,833,533,1
68,502,383,1
69,421,444,1
70,14,50,0
71,305,222,1
72,159,670,0
73,513,174,1
74,486,943,1
75,527,976,1
76,650,513,1
77,182,211,1
78,381,859,1
79,696,385,1
80,568,275,1
81,155,814,0
82,222,470,1
83,974,859,1
84,250,898,0
85,305,686,1
86,301,602,1
87,26,88,0
88,591,180,1
89,860,794,1
90,103,859,0
91,978,237,1
92,734,965,1
93,690,597,1
94,213,72,1
95,316,768,1
96,175,637,0
97,121,497,0
98,400,121,1
99,977,660,1
100,485,908,1
101,829,557,1
102,462,504,1
103,611,506,1
104,990,832,1
105,55,401,0
106,491,362,1
107,254,535,1
108,921,603,1
109,694,487,1
110,25,813,0
111,666,203,1
112,926,55,1
113,186,281,1
114,464,713,1
115,142,645,0
116,489,139,1
117,515,551,1
118,845,225,1
119,414,689,1
120,879,253,1
121,358,656,1
122,119,857,0
123,670,356,1
124,911,815,1
125,504,53,1
126,565,775,1
127,421,572,1
128,402,628,1
129,120,35,1
130,249,739,0
131,827,842,1
132,315,329,1
133,40,55,1
134,415,880,1
135,994,9,1
136,600,534,1
137,645,817,1
138,302,355,1
139,319,846,0
140,654,124,1
141,706,595,1
142,117,169,1
143,378,159,1
144,184,15,1
145,776,153,1
146,791,138,1
147,9,662,0
148,527,931,1
149,57,481,0
150,207,290,1
151,89,29,1
152,795,377,1
153,856,138,1
154,556,844,1
155,757,98,1
156,384,328,1
157,682,742,1
158,621,271,1
159,812,826,1
160,953,477,1
161,551,841,1
162,886,275,1
163,574,678,1
164,289,910,0
165,737,857,1
166,977,938,1
167,703,811,1
168,940,136,1
169,170,182,1
170,189,801,0
171,611,459,1
172,866,350,1
173,986,9,1
174,658,446,1
175,383,199,1
176,668,803,1
177,119,214,1
178,874,25,1
179,54,806,0
180,269,820,0
181,395,59,1
182,570,213,1
183,529,28,1
184,905,80,1
185,409,769,1
186,366,485,1
187,101,462,0
188,64,825,0
189,912,280,1
190,303,697,1
191,57,650,0
192,500,115,1
193,326,956,0
194,440,208,1
195,308,201,1
196,422,162,1
197,725,988,1
198,124,974,0
199,635,439,1
200,84,325,0
201,680,255,1
202,226,845,0
203,928,615,1
204,902,335,1
205,142,15,1
206,737,885,1
207,675,640,1
208,84,738,0
209,454,207,1
210,99,893,0
211,445,988,1
212,1,436,0
213,105,383,0
214,837,569,1
215,32,270,0
216,275,203,1
217,211,324,1
218,661,332,1
219,200,809,0
220,807,898,1
221,642,362,1
222,187,765,0
223,20,141,0
224,657,124,1
225,485,652,1
226,536,172,1
227,380,923,1
228,682,285,1
229,933,807,1
230,193,771,0
231,156,421,0
232,471,494,1
233,710,877,1
234,964,902,1
235,616,761,1
236,809,416,1
237,119,181,1
238,217,861,0
239,182,77,1
240,199,245,1
241,957,21,1
242,793,327,1
243,750,537,1
244,676,107,1
245,564,754,1
246,818,863,1
247,636,722,1
248,111,146,1
249,557,780,1
250,610,56,1
251,620,547,1
252,246,539,1
253,16,917,0
254,999,698,1
255,813,899,1
256,297,105,1
257,948,432,1
258,796,884,1
259,703,107,1
260,669,169,1
261,441,563,1
262,222,1,1
263,324,103,1
264,126,915,0
265,357,607,1
266,83,526,0
267,346,634,1
268,443,320,1
269,715,549,1
270,985,215,1
271,766,476,1
272,429,899,1
273,708,208,1
274,189,711,0
275,802,269,1
276,215,306,1
277,82,927,0
278,25,966,0
279,207,833,0
280,199,380,1
281,488,641,1
282,483,298,1
283,59,251,0
284,291,347,1
285,331,224,1
286,268,545,1
287,308,411,1
288,69,409,0
289,179,297,1
290,150,283,1
291,939,938,1
292,431,244,1
293,890,96,1
294,621,650,1
295,938,963,1
296,135,291,1
297,963,630,1
298,655,882,1
299,981,306,1
300,555,952,1
301,372,380,1
302,819,379,1
303,548,790,1
304,758,685,1
305,404,583,1
306,477,708,1
307,935,935,1
308,553,321,1
309,829,84,1
310,792,175,1
311,888,538,1
312,778,226,1
313,634,178,1
314,378,74,1
315,140,994,0
316,384,370,1
317,625,245,1
318,995,289,1
319,562,294,1
320,939,973,1
321,818,270,1
322,45,983,0
323,385,728,1
324,616,958,1
325,39,509,0
326,925,403,1
327,934,962,1
328,339,55,1
329,241,570,1
330,208,797,0
331,243,496,1
332,428,567,1
333,864,69,1
334,454,936,1
335,545,290,1
336,330,219,1
337,443,331,1
338,835,583,1
339,86,360,0
340,418,472,1
341,843,793,1
342,960,474,1
343,655,478,1
344,688,188,1
345,333,64,1
346,141,855,0
347,351,880,0
348,931,546,1
349,596,857,1
350,882,987,1
351,557,204,1
352,541,524,1
353,410,376,1
354,337,824,1
355,578,556,1
356,649,273,1
357,351,51,1
358,990,383,1
359,560,275,1
360,987,742,1
361,672,218,1
362,870,405,1
363,395,981,0
364,835,142,1
365,801,62,1
366,867,223,1
367,755,353,1
368,121,532,0
369,875,427,1
370,469,263,1
371,96,656,0
372,258,126,1
373,22,224,0
374,2,654,0
375,244,476,1
376,185,201,1
377,295,843,0
378,566,746,1
379,372,492,1
380,30,713,0
381,139,775,0
382,427,351,1
383,751,364,1
384,482,999,1
385,618,807,1
386,978,919,1
387,757,895,1
388,928,842,1
389,436,314,1
390,984,820,1
391,648,223,1
392,190,873,0
393,391,175,1
394,258,18,1
395,974,432,1
396,97,373,0
397,902,296,1
398,984,360,1
399,572,562,1
400,484,417,1
401,898,160,1
402,357,77,1
403,684,942,1
404,841,275,1
405,717,566,1
406,580,868,1
407,232,638,0
408,205,202,1
409,546,498,1
410,436,34,1
411,132,367,0
412,376,415,1
413,790,549,1
414,325,469,1
415,639,487,1
416,330,814,1
417,777,371,1
418,729,668,1
419,890,184,1
420,15,44,0
421,45,289,0
422,347,259,1
423,910,181,1
424,515,688,1
425,285,456,1
426,146,253,1
427,706,762,1
428,983,108,1
429,727,2,1
430,438,786,1
431,99,727,0
432,49,794,0
433,394,842,1
434,466,289,1
435,282,35,1
436,359,433,1
437,600,78,1
438,616,924,1
439,785,298,1
440,300,495,1
441,973,990,1
442,655,952,1
443,957,856,1
444,161,318,1
445,205,659,0
446,384,156,1
447,477,181,1
448,637,217,1
449,529,19,1
450,20,631,0
451,72,929,0
452,61,389,0
453,338,337,1
454,311,707,1
455,387,278,1
456,620,314,1
457,244,903,0
458,128,126,1
459,825,83,1
460,819,986,1
461,964,909,1
462,694,654,1
463,384,453,1
464,562,470,1
465,898,744,1
466,76,362,0
467,778,342,1
468,148,326,1
469,272,382,1
470,261,493,1
471,328,296,1
472,191,143,1
473,328,998,0
474,360,996,0
475,513,480,1
476,161,659,0
477,608,459,1
478,868,444,1
479,81,157,1
480,748,975,1
481,953,695,1
482,141,719,0
483,914,39,1
484,874,558,1
485,820,121,1
486,981,717,1
487,918,834,1
488,496,680,1
489,723,961,1
490,163,949,0
491,993,467,1
492,335,287,1
493,446,169,1
494,327,651,1
495,915,47,1
496,678,982,1
497,250,283,1
498,475,81,1
499,228,672,0
500,321,82,1
501,355,687,1
502,139,104,1
503,654,753,1
504,117,219,1
505,419,987,1
506,925,917,1
507,830,319,1
508,456,905,1
509,616,563,1
510,473,927,1
511,963,944,1
512,109,904,0
513,729,872,1
514,682,540,1
515,869,573,1
516,6,510,0
517,73,458,0
518,787,305,1
519,174,585,0
520,800,394,1
521,930,977,1
522,115,305,0
523,908,488,1
524,482,100,1
525,907,901,1
526,33,514,0
527,676,499,1
528,901,994,1
529,507,947,1
530,343,525,1
531,72,417,0
532,364,342,1
533,42,152,0
534,146,765,0
535,114,221,1
536,861,18,1
537,526,773,1
538,256,108,1
539,606,724,1
540,47,670,0
541,747,731,1
542,144,306,1
543,955,677,1
544,90,494,0
545,338,870,0
546,789,824,1
547,154,81,1
548,865,582,1
549,763,668,1
550,635,966,1
551,493,594,1
552,866,591,1
553,162,149,1
554,960,771,1
555,993,517,1
556,564,993,1
557,829,426,1
558,732,267,1
559,116,266,1
560,447,201,1
561,947,135,1
562,32,71,1
563,727,720,1
564,543,858,1
565,902,338,1
566,866,779,1
567,20,579,0
568,689,429,1
569,713,59,1
570,263,529,1
571,464,56,1
572,396,899,1
573,371,844,1
574,335,272,1
575,634,749,1
576,281,439,1
577,450,385,1
578,837,585,1
579,90,931,0
580,867,718,1
581,304,302,1
582,180,13,1
583,82,949,0
584,159,584,0
585,865,885,1
586,74,10,1
587,880,320,1
588,829,6,1
589,666,391,1
590,48,77,1
591,81,435,0
592,596,203,1
593,923,616,1
594,887,247,1
595,623,542,1
596,673,597,1
597,654,453,1
598,900,250,1
599,196,956,0
600,136,324,1
601,589,238,1
602,388,563,1
603,132,810,0
604,113,967,0
605,151,494,0
606,544,167,1
607,950,960,1
608,28,203,0
609,307,520,1
610,506,911,1
611,59,188,0
612,373,853,1
613,690,617,1
614,614,414,1
615,493,556,1
616,520,644,1
617,97,699,0
618,449,79,1
619,281,586,1
620,717,554,1
621,220,885,0
622,941,561,1
623,261,975,0
624,844,642,1
625,396,5,1
626,122,445,0
627,866,58,1
628,402,113,1
629,97,920,0
630,398,668,1
631,962,264,1
632,178,510,0
633,569,694,1
634,438,11,1
635,178,828,0
636,541,275,1
637,815,841,1
638,506,448,1
639,297,693,1
640,962,731,1
641,875,788,1
642,580,827,1
643,511,996,1
644,717,860,1
645,576,829,1
646,305,8,1
647,190,5,1
648,732,716,1
649,408,732,1
650,750,586,1
651,828,707,1
652,444,134,1
653,98,980,0
654,955,407,1
655,943,429,1
656,80,244,0
657,493,583,1
658,491,64,1
659,263,142,1
660,402,467,1
661,65,452,0
662,626,287,1
663,806,238,1
664,440,484,1
665,572,130,1
666,101,640,0
667,659,299,1
668,95,343,0
669,19,676,0
670,141,474,0
671,850,949,1
672,3,71,0
673,516,428,1
674,899,141,1
675,149,747,0
676,213,866,0
677,98,169,1
678,757,524,1
679,254,840,0
680,298,24,1
681,536,667,1
682,575,578,1
683,289,474,1
684,259,809,0
685,796,723,1
686,435,614,1
687,335,343,1
688,503,433,1
689,333,950,0
690,281,48,1
691,45,935,0
692,233,78,1
693,878,88,1
694,262,891,0
695,193,95,1
696,888,21,1
697,520,403,1
698,553,539,1
699,677,450,1
700,681,762,1
701,347,159,1
702,633,734,1
703,865,639,1
704,367,374,1
705,797,825,1
706,688,485,1
707,165,232,1
708,820,321,1
709,968,854,1
710,186,561,0
711,123,902,0
712,836,71,1
713,408,294,1
714,174,232,1
715,233,280,1
716,256,444,1
717,42,155,0
718,891,295,1
719,93,74,1
720,272,499,1
721,302,425,1
722,100,447,0
723,430,568,1
724,360,871,1
725,766,502,1
726,436,1,1
727,169,746,0
728,627,50,1
729,388,264,1
730,738,844,1
731,970,127,1
732,19,117,0
733,703,3,1
734,902,924,1
735,254,148,1
736,206,642,0
737,150,3,1
738,921,42,1
739,495,283,1
740,913,78,1
741,522,963,1
742,897,192,1
743,367,823,1
744,25,610,0
745,8,782,0
746,938,451,1
747,899,44,1
748,757,607,1
749,109,180,1
750,749,977,1
751,521,49,1
752,773,431,1
753,807,121,1
754,164,178,1
755,810,847,1
756,429,601,1
757,210,859,0
758,315,401,1
759,888,984,1
760,954,955,1
761,936,779,1
762,617,618,1
763,176,491,0
764,771,223,1
765,23,88,0
766,692,643,1
767,537,804,1
768,217,192,1
769,159,569,0
770,888,949,1
771,227,158,1
772,431,460,1
773,345,345,1
774,680,65,1
775,769,490,1
776,826,225,1
777,560,130,1
778,939,84,1
779,854,591,1
780,57,329,0
781,219,701,0
782,888,693,1
783,627,506,1
784,565,624,1
785,81,222,0
786,89,716,0
787,543,740,1
788,578,122,1
789,483,954,1
790,907,931,1
791,741,873,1
792,436,792,1
793,348,537,1
794,156,406,0
795,249,893,0
796,50,817,0
797,660,470,1
798,796,244,1
799,58,262,0
800,326,938,0
801,928,332,1
802,380,365,1
803,89,295,0
804,163,697,0
805,435,320,1
806,425,123,1
807,104,369,0
808,253,827,0
809,865,611,1
810,897,163,1
811,44,753,0
812,924,243,1
813,94,375,0
814,100,51,1
815,35,814,0
816,528,772,1
817,594,527,1
818,116,787,0
819,270,713,0
820,773,643,1
821,807,833,1
822,421,190,1
823,760,53,1
824,33,360,0
825,321,901,0
826,757,640,1
827,68,390,0
828,17,267,0
829,804,412,1
830,444,54,1
831,466,748,1
832,15,32,0
833,714,475,1
834,373,643,1
835,330,934,0
836,430,517,1
837,10,647,0
838,283,295,1
839,462,841,1
840,419,601,1
841,305,993,0
842,652,127,1
843,508,513,1
844,710,757,1
845,828,161,1
846,977,738,1
847,682,100,1
848,454,452,1
849,203,261,1
850,723,416,1
851,824,972,1
852,1000,771,1
853,784,864,1
854,999,395,1
855,873,10,1
856,113,243,1
857,581,740,1
858,530,15,1
859,505,741,1
860,670,788,1
861,753,35,1
862,766,107,1
863,287,371,1
864,531,610,1
865,3,239,0
866,803,518,1
867,676,237,1
868,496,826,1
869,845,759,1
870,806,37,1
871,546,708,1
872,541,138,1
873,122,563,0
874,492,593,1
875,662,936,1
876,599,366,1
877,615,660,1
878,135,939,0
879,846,685,1
880,496,255,1
881,685,439,1
882,328,210,1
883,531,573,1
884,130,180,1
885,317,841,0
886,850,665,1
887,832,859,1
888,340,354,1
889,210,97,1
890,733,20,1
891,864,804,1
892,515,333,1
893,858,58,1
894,56,776,0
895,995,845,1
896,442,263,1
897,325,736,1
898,310,160,1
899,449,889,1
900,66,53,1
901,956,16,1
902,642,140,1
903,413,946,1
904,393,207,1
905,778,178,1
906,562,161,1
907,491,301,1
908,727,63,1
909,150,136,1
910,166,254,1
911,913,593,1
912,692,430,1
913,295,150,1
914,73,578,0
915,785,253,1
916,523,995,1
917,622,457,1
918,863,409,1
919,645,782,1
920,514,205,1
921,871,210,1
922,277,838,0
923,937,296,1
924,527,630,1
925,559,682,1
926,244,96,1
927,109,218,1
928,564,664,1
929,559,693,1
930,950,182,1
931,232,997,0
932,931,17,1
933,303,353,1
934,791,453,1
935,357,83,1
936,201,896,0
937,171,406,1
938,660,950,1
939,353,41,1
940,551,63,1
941,473,29,1
942,503,938,1
943,450,863,1
944,596,601,1
945,592,450,1
946,352,136,1
947,577,60,1
948,484,882,1
949,275,707,0
950,909,675,1
951,272,692,0
952,691,868,1
953,771,296,1
954,98,406,0
955,509,428,1
956,698,542,1
957,512,859,1
958,857,217,1
959,381,578,1
960,449,212,1
961,864,447,1
962,60,875,0
963,273,159,1
964,938,92,1
965,814,251,1
966,477,215,1
967,419,486,1
968,620,132,1
969,116,694,0
970,68,233,0
971,1,348,0
972,309,799,0
973,904,449,1
974,840,944,1
975,273,776,0
976,918,823,1
977,474,818,1
978,180,451,0
979,595,545,1
980,979,201,1
981,44,125,0
982,820,766,1
983,642,685,1
984,88,830,0
985,312,347,1
986,973,788,1
987,530,134,1
988,68,990,0
989,205,588,0
990,255,787,0
991,371,444,1
992,729,428,1
993,818,566,1
994,86,981,0
995,980,888,1
996,113,303,0
997,801,429,1
998,932,603,1
999,208,564,0
1000,690,780,1
1001,381,507,1
1002,337,794,1
1003,212,805,0
1004,403,63,1
1005,4,223,0
1006,771,391,1
1007,758,395,1
1008,332,537,1
1009,61,231,0
1010,725,276,1
1011,231,685,0
1012,977,728,1
1013,113,656,0
1014,36,771,0
1015,818,392,1
1016,839,780,1
1017,870,490,1
1018,820,703,1
1019,562,935,1
1020,261,133,1
1021,855,366,1
1022,15,704,0
1023,215,761,0
1024,188,776,0
1025,869,609,1
1026,38,509,0
1027,737,511,1
1028,95,969,0
1029,161,232,1
1030,741,537,1
1031,763,524,1
1032,107,96,1
1033,54,204,0
1034,179,496,0
1035,977,301,1
1036,88,526,0
1037,443,205,1
1038,87,840,0
1039,81,617,0
1040,997,150,1
1041,15,384,0
1042,619,115,1
1043,206,544,0
1044,583,174,1
1045,91,187,1
1046,53,297,0
1047,431,557,1
1048,266,525,1
1049,267,613,1
1050,401,488,1
1051,68,534,0
1052,230,764,0
1053,140,65,1
1054,391,309,1
1055,673,464,1
1056,227,583,0
1057,295,985,0
1058,434,42,1
1059,280,821,0
1060,549,859,1
1061,20,740,0
1062,799,752,1
1063,612,47,1
1064,592,647,1
1065,343,58,1
1066,82,707,0
1067,608,892,1
1068,732,821,1
1069,383,444,1
1070,236,123,1
1071,59,946,0
1072,481,351,1
1073,905,647,1
1074,15,631,0
1075,398,369,1
1076,604,788,1
1077,704,423,1
1078,135,881,0
1079,843,46,1
1080,216,770,0
1081,496,142,1
1082,34,390,0
1083,976,908,1
1084,317,371,1
1085,38,148,0
1086,585,213,1
1087,962,834,1
1088,109,746,0
1089,137,533,0
1090,580,613,1
1091,42,338,0
1092,665,477,1
1093,412,792,1
1094,833,137,1
1095,219,981,0
1096,687,890,1
1097,529,253,1
1098,782,341,1
1099,809,649,1
1100,519,715,1
1101,110,788,0
1102,450,495,1
1103,506,253,1
1104,465,36,1
1105,291,105,1
1106,15,97,0
1107,888,81,1
1108,864,809,1
1109,42,652,0
1110,642,195,1
1111,285,169,1
1112,801,395,1
1113,958,595,1
1114,881,3,1
1115,910,840,1
1116,828,945,1
1117,972,376,1
1118,619,422,1
1119,792,55,1
1120,953,65,1
1121,388,855,1
1122,43,838,0
1123,997,245,1
1124,396,334,1
1125,743,165,1
1126,485,219,1
1127,696,77,1
1128,10,672,0
1129,178,76,1
1130,591,212,1
1131,956,477,1
1132,49,777,0
1133,466,756,1
1134,433,645,1
1135,904,139,1
1136,483,684,1
1137,670,49,1
1138,853,568,1
1139,429,432,1
1140,539,726,1
1141,368,905,1
1142,975,630,1
1143,198,406,1
1144,917,815,1
1145,595,188,1
1146,21,844,0
1147,518,723,1
1148,322,983,0
1149,174,604,0
1150,487,929,1
1151,621,334,1
1152,345,123,1
1153,38,660,0
1154,104,76,1
1155,835,831,1
1156,895,359,1
1157,887,419,1
1158,762,87,1
1159,891,920,1
1160,759,875,1
1161,980,504,1
1162,158,904,0
1163,233,656,0
1164,810,135,1
1165,786,28,1
1166,201,429,1
1167,692,516,1
1168,456,408,1
1169,681,485,1
1170,904,805,1
1171,604,541,1
1172,757,667,1
1173,130,327,0
1174,316,35,1
1175,308,559,1
1176,804,735,1
1177,425,810,1
1178,726,156,1
1179,176,565,0
1180,599,61,1
1181,68,849,0
1182,852,725,1
1183,512,288,1
1184,724,505,1
1185,393,447,1
1186,57,336,0
1187,979,431,1
1188,808,751,1
1189,291,713,1
1190,833,701,1
1191,572,486,1
1192,904,200,1
1193,486,808,1
1194,209,195,1
1195,496,425,1
1196,547,797,1
1197,206,846,0
1198,59,590,0
1199,238,439,1
1200,721,616,1
1201,228,446,1
1202,335,384,1
1203,661,417,1
1204,942,535,1
1205,416,973,1
1206,459,362,1
1207,328,937,0
1208,95,978,0
1209,791,205,1
1210,660,361,1
1211,901,78,1
1212,171,306,1
1213,46,671,0
1214,314,563,1
1215,265,884,0
1216,2,498,0
1217,52,854,0
1218,79,553,0
1219,637,566,1
1220,249,159,1
1221,244,312,1
1222,64,525,0
1223,988,838,1
1224,868,178,1
1225,656,965,1
1226,490,499,1
1227,642,648,1
1228,18,402,0
1229,542,264,1
1230,853,673,1
1231,478,221,1
1232,861,883,1
1233,215,387,1
1234,596,88,1
1235,424,259,1
1236,998,467,1
1237,378,765,1
1238,371,394,1
1239,619,807,1
1240,492,178,1
1241,125,717,0
1242,863,444,1
1243,819,157,1
1244,830,967,1
1245,972,469,1
1246,401,91,1
1247,400,707,1
1248,428,431,1
1249,343,921,0
1250,467,80,1
1251,889,300,1
1252,969,359,1
1253,640,687,1
1254,288,534,1
1255,577,921,1
1256,483,886,1
1257,594,495,1
1258,88,120,1
1259,125,927,0
1260,433,958,1
1261,899,82,1
1262,129,621,0
1263,60,29,1
1264,675,978,1
1265,786,909,1
1266,942,734,1
1267,429,676,1
1268,182,847,0
1269,865,236,1
1270,492,108,1
1271,3,639,0
1272,997,964,1
1273,563,57,1
1274,944,772,1
1275,908,682,1
1276,184,836,0
1277,598,580,1
1278,545,140,1
1279,813,373,1
1280,544,256,1
1281,130,569,0
1282,379,381,1
1283,967,792,1
1284,392,959,1
1285,240,143,1
1286,962,560,1
1287,301,430,1
1288,205,431,1
1289,508,990,1
1290,787,875,1
1291,619,788,1
1292,87,123,1
1293,891,334,1
1294,318,219,1
1295,640,640,1
1296,893,21,1
1297,885,387,1
1298,46,905,0
1299,716,644,1
1300,404,586,1
1301,315,781,1
1302,182,575,0
1303,18,378,0
1304,465,891,1
1305,937,817,1
1306,885,410,1
1307,695,287,1
1308,457,456,1
1309,837,451,1
1310,603,631,1
1311,232,970,0
1312,712,708,1
1313,69,30,1
1314,441,455,1
1315,872,3,1
1316,726,662,1
1317,261,40,1
1318,69,125,1
1319,935,430,1
1320,243,491,1
1321,214,425,1
1322,515,812,1
1323,59,327,0
1324,972,759,1
1325,728,921,1
1326,900,811,1
1327,314,398,1
1328,203,35,1
1329,728,222,1
1330,402,842,1
1331,550,306,1
1332,282,317,1
1333,626,334,1
1334,137,556,0
1335,143,631,0
1336,952,501,1
1337,975,63,1
1338,952,765,1
1339,468,682,1
1340,850,315,1
1341,647,268,1
1342,61,147,1
1343,754,593,1
1344,242,716,0
1345,945,856,1
1346,364,303,1
1347,418,605,1
1348,820,332,1
1349,341,409,1
1350,936,659,1
1351,871,641,1
1352,595,323,1
1353,793,976,1
1354,984,602,1
1355,717,114,1
1356,536,394,1
1357,144,398,0
1358,531,508,1
1359,499,198,1
1360,547,116,1
1361,836,238,1
1362,60,353,0
1363,921,111,1
1364,967,143,1
1365,164,863,0
1366,718,171,1
1367,874,295,1
1368,802,370,1
1369,358,73,1
1370,79,670,0
1371,99,139,1
1372,458,935,1
1373,190,892,0
1374,977,962,1
1375,769,370,1
1376,560,88,1
1377,748,822,1
1378,428,117,1
1379,439,213,1
1380,392,434,1
1381,426,835,1
1382,77,162,1
1383,941,46,1
1384,303,431,1
1385,747,44,1
1386,610,958,1
1387,425,114,1
1388,171,253,1
1389,773,667,1
1390,323,551,1
1391,666,273,1
1392,926,682,1
1393,975,403,1
1394,554,230,1
1395,503,378,1
1396,315,417,1
1397,811,106,1
1398,835,371,1
1399,539,738,1
1400,463,300,1
1401,445,999,1
1402,604,909,1
1403,484,347,1
1404,160,234,1
1405,833,78,1
1406,710,673,1
1407,327,118,1
1408,753,983,1
1409,488,817,1
1410,225,384,1
1411,189,532,0
1412,364,32,1
1413,203,950,0
1414,531,603,1
1415,281,190,1
1416,773,446,1
1417,134,893,0
1418,922,680,1
1419,527,370,1
1420,149,592,0
1421,254,993,0
1422,853,284,1
1423,510,999,1
1424,573,995,1
1425,75,516,0
1426,462,632,1
1427,271,21,1
1428,542,907,1
1429,502,172,1
1430,458,437,1
1431,843,783,1
1432,103,937,0
1433,859,250,1
1434,478,474,1
1435,839,178,1
1436,422,36,1
1437,128,176,1
1438,36,227,0
1439,235,133,1
1440,501,946,1
1441,852,808,1
1442,20,497,0
1443,190,353,1
1444,22,350,0
1445,160,897,0
1446,770,46,1
1447,740,17,1
1448,447,568,1
1449,769,611,1
1450,6,247,0
1451,280,448,1
1452,175,554,0
1453,315,175,1
1454,911,338,1
1455,217,503,1
1456,926,647,1
1457,287,697,1
1458,511,31,1
1459,744,525,1
1460,328,396,1
1461,741,352,1
1462,969,921,1
1463,96,775,0
1464,546,89,1
1465,986,210,1
1466,877,268,1
1467,613,608,1
1468,299,374,1
1469,107,522,0
1470,115,966,0
1471,245,487,1
1472,564,736,1
1473,80,316,0
1474,611,383,1
1475,753,173,1
1476,472,891,1
1477,145,245,1
1478,923,522,1
1479,916,750,1
1480,244,679,0
1481,12,869,0
1482,96,156,1
1483,866,941,1
1484,311,924,0
1485,820,734,1
1486,43,730,0
1487,338,2,1
1488,579,560,1
1489,723,492,1
1490,661,717,1
1491,324,557,1
1492,186,733,0
1493,264,652,0
1494,202,966,0
1495,348,89,1
1496,769,877,1
1497,785,95,1
1498,186,131,1
1499,660,252,1
1500,63,56,1
1501,970,382,1
1502,611,474,1
1503,389,235,1
1504,478,538,1
1505,156,557,0
1506,872,587,1
1507,646,776,1
1508,217,584,0
1509,895,977,1
1510,260,96,1
1511,395,389,1
1512,812,657,1
1513,799,708,1
1514,247,926,0
1515,735,744,1
1516,599,270,1
1517,378,966,0
1518,711,627,1
1519,993,583,1
1520,779,579,1
1521,103,995,0
1522,632,615,1
1523,651,467,1
1524,146,958,0
1525,784,777,1
1526,324,189,1
1527,141,670,0
1528,714,517,1
1529,112,960,0
1530,427,777,1
1531,982,926,1
1532,387,906,1
1533,206,394,1
1534,948,809,1
1535,875,538,1
1536,628,24,1
1537,560,34,1
1538,489,725,1
1539,741,321,1
1540,897,668,1
1541,232,878,0
1542,135,152,1
1543,255,936,0
1544,151,502,0
1545,66,767,0
1546,635,263,1
1547,438,82,1
1548,102,167,1
1549,395,134,1
1550,421,622,1
1551,927,15,1
1552,958,179,1
1553,259,78,1
1554,512,976,1
1555,283,311,1
1556,898,766,1
1557,531,438,1
1558,639,654,1
1559,357,422,1
1560,151,944,0
1561,655,974,1
1562,482,932,1
1563,722,656,1
1564,141,99,1
1565,861,750,1
1566,254,864,0
1567,7,395,0
1568,4,737,0
1569,932,564,1
1570,216,852,0
1571,615,753,1
1572,992,664,1
1573,13,404,0
1574,642,281,1
1575,74,245,0
1576,630,239,1
1577,493,247,1
1578,116,532,0
1579,438,907,1
1580,868,112,1
1581,33,223,0
1582,708,915,1
1583,770,2,1
1584,596,950,1
1585,607,286,1
1586,869,310,1
1587,477,595,1
1588,352,166,1
1589,419,860,1
1590,356,96,1
1591,259,512,1
1592,71,887,0
1593,487,248,1
1594,989,508,1
1595,728,944,1
1596,110,228,1
1597,433,115,1
1598,386,138,1
1599,610,591,1
1600,808,870,1
1601,648,634,1
1602,956,225,1
1603,314,8,1
1604,734,140,1
1605,743,242,1
1606,847,860,1
1607,131,837,0
1608,783,972,1
1609,457,76,1
1610,402,216,1
1611,425,154,1
1612,985,569,1
1613,378,896,1
1614,380,465,1
1615,331,223,1
1616,333,645,1
1617,180,643,0
1618,128,546,0
1619,282,165,1
1620,606,173,1
1621,351,619,1
1622,857,19,1
1623,103,237,1
1624,130,202,1
1625,118,991,0
1626,390,162,1
1627,728,774,1
1628,559,868,1
1629,369,977,0
1630,159,453,0
1631,362,606,1
1632,439,582,1
1633,309,957,0
1634,725,252,1
1635,80,653,0
1636,636,151,1
1637,157,249,1
1638,805,593,1
1639,418,927,1
1640,212,445,1
1641,948,229,1
1642,741,449,1
1643,351,912,0
1644,13,225,0
1645,760,666,1
1646,93,353,0
1647,387,415,1
1648,713,791,1
1649,272,669,1
1650,151,611,0
1651,248,965,0
1652,979,236,1
1653,78,562,0
1654,1000,929,1
1655,417,317,1
1656,352,120,1
1657,878,514,1
1658,4,342,0
1659,714,299,1
1660,823,468,1
1661,372,151,1
1662,380,714,1
1663,401,31,1
1664,513,307,1
1665,842,709,1
1666,507,244,1
1667,344,273,1
1668,872,242,1
1669,959,297,1
1670,316,319,1
1671,376,948,0
1672,147,681,0
1673,56,131,1
1674,918,351,1
1675,510,556,1
1676,736,641,1
1677,970,85,1
1678,304,403,1
1679,793,474,1
1680,601,205,1
1681,597,715,1
1682,500,298,1
1683,353,572,1
1684,207,107,1
1685,874,234,1
1686,559,824,1
1687,321,767,1
1688,561,466,1
1689,198,99,1
1690,543,80,1
1691,294,15,1
1692,350,627,1
1693,788,438,1
1694,371,400,1
1695,886,715,1
1696,734,426,1
1697,814,849,1
1698,966,266,1
1699,217,875,0
1700,988,948,1
1701,877,329,1
1702,236,199,1
1703,75,923,0
1704,286,776,0
1705,4,797,0
1706,811,339,1
1707,815,40,1
1708,955,144,1
1709,936,792,1
1710,427,70,1
1711,45,175,0
1712,675,895,1
1713,810,453,1
1714,838,967,1
1715,828,418,1
1716,899,737,1
1717,506,322,1
1718,592,496,1
1719,744,724,1
1720,558,432,1
1721,109,343,0
1722,423,695,1
1723,309,626,1
1724,524,627,1
1725,433,118,1
1726,467,144,1
1727,777,241,1
1728,734,574,1
1729,363,594,1
1730,551,525,1
1731,781,156,1
1732,863,678,1
1733,575,330,1
1734,886,472,1
1735,780,701,1
1736,772,900,1
1737,455,765,1
1738,870,37,1
1739,347,905,0
1740,652,303,1
1741,826,828,1
1742,320,243,1
1743,271,751,0
1744,561,524,1
1745,191,93,1
1746,309,105,1
1747,961,94,1
1748,309,383,1
1749,959,796,1
1750,874,147,1
1751,916,900,1
1752,965,857,1
1753,653,97,1
1754,44,227,0
1755,541,691,1
1756,769,529,1
1757,97,430,0
1758,308,402,1
1759,114,659,0
1760,769,373,1
1761,384,504,1
1762,84,102,1
1763,579,732,1
1764,481,40,1
1765,885,963,1
1766,648,931,1
1767,364,506,1
1768,149,667,0
1769,140,704,0
1770,142,61,1
1771,744,106,1
1772,837,886,1
1773,544,801,1
1774,205,545,0
1775,615,25,1
1776,386,957,1
1777,532,281,1
1778,529,689,1
1779,48,514,0
1780,862,973,1
1781,359,581,1
1782,677,262,1
1783,655,470,1
1784,696,237,1
1785,606,279,1
1786,631,374,1
1787,568,370,1
1788,253,776,0
1789,557,839,1
1790,631,501,1
1791,377,782,1
1792,439,615,1
1793,525,130,1
1794,511,757,1
1795,196,931,0
1796,778,601,1
1797,896,661,1
1798,500,856,1
1799,282,754,0
1800,985,317,1
1801,216,121,1
1802,627,50,1
1803,344,377,1
1804,421,676,1
1805,307,726,1
1806,332,721,1
1807,405,870,1
1808,958,305,1
1809,457,201,1
1810,82,623,0
1811,73,331,0
1812,863,386,1
1813,931,584,1
1814,977,356,1
1815,792,818,1
1816,862,886,1
1817,118,394,0
1818,334,518,1
1819,701,897,1
1820,225,870,0
1821,550,41,1
1822,266,898,0
1823,646,45,1
1824,449,830,1
1825,611,633,1
1826,551,833,1
1827,166,439,0
1828,882,338,1
1829,654,88,1
1830,784,902,1
1831,518,964,1
1832,889,563,1
1833,132,958,0
1834,485,685,1
1835,986,694,1
1836,180,146,1
1837,721,780,1
1838,724,819,1
1839,417,870,1
1840,333,777,1
1841,134,62,1
1842,337,626,1
1843,133,875,0
1844,487,295,1
1845,452,427,1
1846,222,611,0
1847,575,730,1
1848,118,2,1
1849,806,825,1
1850,603,11,1
1851,252,438,1
1852,779,796,1
1853,362,403,1
1854,871,640,1
1855,378,30,1
1856,910,928,1
1857,864,957,1
1858,860,243,1
1859,138,331,1
1860,137,867,0
1861,785,403,1
1862,270,270,1
1863,735,512,1
1864,659,941,1
1865,464,655,1
1866,508,485,1
1867,86,826,0
1868,570,39,1
1869,780,906,1
1870,365,934,0
1871,460,952,1
1872,223,661,0
1873,716,552,1
1874,820,498,1
1875,290,802,0
1876,262,915,0
1877,377,758,1
1878,900,316,1
1879,276,180,1
1880,458,362,1
1881,919,469,1
1882,52,382,0
1883,709,97,1
1884,429,529,1
1885,283,150,1
1886,340,153,1
1887,387,385,1
1888,629,301,1
1889,46,565,0
1890,30,251,0
1891,905,533,1
1892,224,827,0
1893,368,255,1
1894,989,64,1
1895,48,72,1
1896,185,131,1
1897,301,638,1
1898,800,115,1
1899,860,797,1
1900,807,37,1
1901,115,689,0
1902,183,627,0
1903,813,469,1
1904,740,700,1
1905,521,558,1
1906,453,833,1
1907,826,256,1
1908,644,431,1
1909,66,411,0
1910,188,166,1
1911,119,592,0
1912,618,269,1
1913,655,558,1
1914,419,679,1
1915,64,363,0
1916,637,926,1
1917,256,569,1
1918,715,226,1
1919,859,1000,1
1920,128,646,0
1921,555,737,1
1922,517,224,1
1923,330,734,1
1924,301,475,1
1925,27,868,0
1926,285,395,1
1927,694,74,1
1928,953,540,1
1929,906,249,1
1930,538,191,1
1931,868,783,1
1932,155,457,0
1933,870,137,1
1934,595,546,1
1935,691,61,1
1936,869,143,1
1937,359,97,1
1938,802,749,1
1939,620,884,1
1940,969,571,1
1941,143,823,0
1942,45,226,0
1943,304,752,1
1944,748,420,1
1945,808,523,1
1946,903,910,1
1947,573,116,1
1948,973,819,1
1949,617,837,1
1950,531,222,1
1951,209,680,0
1952,566,883,1
1953,449,595,1
1954,1,299,0
1955,373,622,1
1956,306,59,1
1957,930,449,1
1958,718,696,1
1959,578,790,1
1960,589,744,1
1961,870,952,1
1962,712,816,1
1963,175,639,0
1964,887,342,1
1965,429,193,1
1966,719,610,1
1967,160,263,1
1968,496,406,1
1969,237,969,0
1970,197,839,0
1971,872,583,1
1972,501,446,1
1973,544,845,1
1974,334,112,1
1975,520,993,1
1976,705,622,1
1977,905,533,1
1978,888,562,1
1979,261,307,1
1980,468,263,1
1981,574,234,1
1982,84,995,0
1983,749,396,1
1984,471,452,1
1985,311,457,1
1986,715,899,1
1987,729,204,1
1988,566,770,1
1989,165,567,0
1990,233,518,1
1991,181,157,1
1992,540,193,1
1993,715,908,1
1994,68,975,0
1995,363,326,1
1996,97,90,1
1997,760,530,1
1998,453,516,1
1999,419,84,1
2000,711,240,1
