n 500
c 220074
z 258836
time 0.00
1,962,465,1
2,438,10,1
3,500,668,1
4,524,497,1
5,581,822,1
6,921,847,1
7,997,111,1
8,947,217,1
9,826,535,1
10,306,96,1
11,755,157,1
12,603,841,1
13,375,966,1
14,714,778,1
15,571,638,1
16,4,466,0
17,594,823,1
18,658,862,1
19,214,667,1
20,753,924,1
21,629,719,1
22,967,37,1
23,272,374,1
24,784,612,1
25,709,846,1
26,742,190,1
27,108,796,0
28,991,437,1
29,798,727,1
30,232,357,1
31,793,131,1
32,920,657,1
33,496,397,1
34,943,379,1
35,479,158,1
36,645,191,1
37,829,70,1
38,167,194,1
39,866,398,1
40,523,300,1
41,344,769,1
42,637,127,1
43,877,480,1
44,515,523,1
45,662,409,1
46,883,704,1
47,536,99,1
48,180,639,1
49,368,521,1
50,713,430,1
51,75,728,0
52,610,662,1
53,23,975,0
54,645,234,1
55,848,826,1
56,842,309,1
57,822,195,1
58,316,464,1
59,988,294,1
60,683,624,1
61,908,78,1
62,326,720,1
63,93,745,0
64,477,328,1
65,862,197,1
66,421,98,1
67,205,542,1
68,725,132,1
69,48,718,0
70,341,847,1
71,837,551,1
72,935,107,1
73,61,208,1
74,53,573,0
75,594,145,1
76,306,582,1
77,578,492,1
78,901,17,1
79,700,754,1
80,863,904,1
81,583,207,1
82,22,755,0
83,81,628,0
84,674,127,1
85,941,671,1
86,996,47,1
87,54,721,0
88,383,154,1
89,344,20,1
90,542,985,1
91,678,974,1
92,149,762,0
93,141,718,0
94,852,205,1
95,848,626,1
96,118,979,0
97,533,339,1
98,480,606,1
99,204,638,1
100,92,338,1
101,288,791,1
102,845,758,1
103,238,924,1
104,405,894,1
105,891,779,1
106,539,640,1
107,890,937,1
108,312,672,1
109,794,248,1
110,784,891,1
111,141,620,1
112,406,229,1
113,61,811,0
114,479,327,1
115,122,959,0
116,857,64,1
117,719,625,1
118,869,431,1
119,250,467,1
120,391,898,1
121,57,1,1
122,742,918,1
123,370,909,1
124,695,132,1
125,995,255,1
126,212,724,1
127,928,837,1
128,778,201,1
129,27,644,0
130,928,65,1
131,294,427,1
132,235,687,1
133,108,40,1
134,526,62,1
135,245,650,1
136,111,508,0
137,560,395,1
138,733,576,1
139,835,967,1
140,773,162,1
141,990,405,1
142,404,182,1
143,477,553,1
144,207,717,1
145,172,571,1
146,558,776,1
147,845,96,1
148,223,305,1
149,460,522,1
150,30,120,1
151,12,503,0
152,562,438,1
153,923,435,1
154,451,946,1
155,912,963,1
156,880,62,1
157,205,48,1
158,261,165,1
159,687,563,1
160,393,203,1
161,578,315,1
162,725,256,1
163,602,416,1
164,97,539,0
165,44,3,1
166,585,96,1
167,291,788,1
168,900,69,1
169,710,503,1
170,605,263,1
171,342,188,1
172,498,211,1
173,286,842,1
174,946,723,1
175,531,560,1
176,580,272,1
177,299,344,1
178,658,767,1
179,842,720,1
180,500,665,1
181,71,445,0
182,697,42,1
183,69,310,0
184,889,646,1
185,221,362,1
186,733,555,1
187,313,8,1
188,232,175,1
189,819,1,1
190,335,207,1
191,436,868,1
192,147,936,0
193,409,638,1
194,200,278,1
195,856,3,1
196,397,503,1
197,816,669,1
198,796,491,1
199,398,192,1
200,92,379,1
201,140,200,1
202,569,842,1
203,884,536,1
204,918,708,1
205,178,552,1
206,736,178,1
207,511,730,1
208,211,63,1
209,466,705,1
210,595,259,1
211,41,174,1
212,209,345,1
213,805,928,1
214,693,174,1
215,723,919,1
216,450,649,1
217,719,70,1
218,925,769,1
219,619,571,1
220,871,424,1
221,813,691,1
222,722,754,1
223,783,439,1
224,464,713,1
225,576,837,1
226,583,321,1
227,640,605,1
228,457,227,1
229,208,425,1
230,648,608,1
231,712,423,1
232,23,996,0
233,786,718,1
234,523,380,1
235,123,155,1
236,224,821,1
237,610,511,1
238,176,587,1
239,209,422,1
240,206,770,1
241,393,263,1
242,481,925,1
243,418,923,1
244,476,649,1
245,719,476,1
246,450,476,1
247,320,803,1
248,231,487,1
249,289,398,1
250,657,86,1
251,896,284,1
252,397,512,1
253,748,926,1
254,862,927,1
255,880,117,1
256,25,214,0
257,311,370,1
258,460,722,1
259,802,797,1
260,284,990,1
261,157,133,1
262,982,399,1
263,119,800,0
264,965,8,1
265,496,601,1
266,490,427,1
267,813,828,1
268,10,813,0
269,327,518,1
270,393,157,1
271,705,965,1
272,612,169,1
273,944,697,1
274,628,828,1
275,621,623,1
276,751,616,1
277,214,632,1
278,808,628,1
279,27,618,0
280,734,274,1
281,899,66,1
282,75,320,1
283,39,301,0
284,635,992,1
285,390,570,1
286,644,262,1
287,992,981,1
288,636,110,1
289,95,186,1
290,958,272,1
291,590,372,1
292,927,673,1
293,509,306,1
294,301,831,1
295,253,484,1
296,550,232,1
297,718,424,1
298,182,800,1
299,785,27,1
300,523,69,1
301,63,190,1
302,347,392,1
303,744,135,1
304,397,795,1
305,7,249,0
306,957,73,1
307,394,753,1
308,848,455,1
309,784,725,1
310,79,677,0
311,292,451,1
312,625,968,1
313,758,156,1
314,441,311,1
315,520,859,1
316,991,328,1
317,901,462,1
318,482,639,1
319,917,888,1
320,75,122,1
321,526,856,1
322,485,852,1
323,589,305,1
324,32,172,1
325,234,663,1
326,644,169,1
327,825,763,1
328,219,916,1
329,861,147,1
330,175,322,1
331,487,817,1
332,779,733,1
333,188,678,1
334,662,190,1
335,500,915,1
336,41,817,0
337,471,228,1
338,426,12,1
339,434,978,1
340,321,757,1
341,503,819,1
342,24,712,0
343,747,743,1
344,111,362,1
345,776,554,1
346,421,652,1
347,675,641,1
348,491,55,1
349,96,715,0
350,442,953,1
351,681,86,1
352,485,354,1
353,869,410,1
354,801,862,1
355,622,934,1
356,432,838,1
357,355,773,1
358,965,869,1
359,563,140,1
360,410,708,1
361,859,251,1
362,238,778,1
363,799,374,1
364,346,260,1
365,957,783,1
366,202,605,1
367,895,746,1
368,153,818,0
369,870,37,1
370,325,956,1
371,692,841,1
372,849,163,1
373,354,521,1
374,441,684,1
375,728,878,1
376,872,383,1
377,243,316,1
378,678,327,1
379,32,101,1
380,494,78,1
381,639,272,1
382,731,813,1
383,130,38,1
384,282,765,1
385,749,937,1
386,466,677,1
387,160,393,1
388,176,128,1
389,984,899,1
390,935,34,1
391,780,968,1
392,189,943,0
393,250,376,1
394,681,480,1
395,337,66,1
396,985,179,1
397,34,257,0
398,783,477,1
399,536,332,1
400,771,495,1
401,598,738,1
402,708,323,1
403,999,599,1
404,376,585,1
405,369,872,1
406,620,850,1
407,171,407,1
408,917,904,1
409,757,292,1
410,164,744,0
411,15,296,0
412,311,949,1
413,890,270,1
414,757,146,1
415,802,401,1
416,842,852,1
417,813,844,1
418,144,258,1
419,813,26,1
420,230,809,1
421,433,651,1
422,442,896,1
423,666,599,1
424,667,29,1
425,321,522,1
426,274,691,1
427,150,204,1
428,254,873,1
429,923,980,1
430,574,911,1
431,94,896,0
432,809,967,1
433,318,67,1
434,977,110,1
435,197,852,1
436,622,102,1
437,900,271,1
438,455,769,1
439,900,523,1
440,516,220,1
441,784,303,1
442,599,310,1
443,857,153,1
444,400,987,1
445,921,69,1
446,96,313,1
447,400,22,1
448,877,886,1
449,69,740,0
450,524,724,1
451,204,354,1
452,396,491,1
453,718,58,1
454,167,689,1
455,390,488,1
456,396,208,1
457,712,920,1
458,951,76,1
459,140,893,0
460,923,167,1
461,960,439,1
462,926,131,1
463,835,463,1
464,346,596,1
465,758,778,1
466,195,519,1
467,285,792,1
468,100,771,0
469,283,840,1
470,724,275,1
471,588,570,1
472,814,36,1
473,355,544,1
474,991,345,1
475,364,361,1
476,505,145,1
477,780,900,1
478,964,890,1
479,724,502,1
480,891,68,1
481,261,465,1
482,500,900,1
483,285,897,1
484,185,651,1
485,903,107,1
486,68,299,0
487,625,988,1
488,616,870,1
489,631,355,1
490,18,298,0
491,701,308,1
492,454,173,1
493,569,546,1
494,950,489,1
495,167,400,1
496,21,172,0
497,598,5,1
498,26,422,0
499,79,66,1
500,504,584,1
