n 2000
c 406616
z 746448
time 0.00
1,822,264,1
2,7,828,0
3,416,914,0
4,860,603,1
5,466,428,1
6,289,826,0
7,186,773,0
8,620,772,0
9,887,477,1
10,707,218,1
11,183,412,0
12,971,819,1
13,603,524,1
14,426,868,0
15,823,221,1
16,524,693,0
17,510,525,1
18,138,328,0
19,955,273,1
20,714,30,1
21,650,869,0
22,399,504,0
23,476,132,1
24,48,95,0
25,385,885,0
26,463,856,0
27,160,738,0
28,480,496,1
29,26,94,0
30,641,719,1
31,5,394,0
32,680,604,1
33,604,644,1
34,167,853,0
35,60,396,0
36,429,169,1
37,569,820,0
38,631,37,1
39,135,532,0
40,596,399,1
41,292,935,0
42,670,266,1
43,698,774,1
44,675,22,1
45,939,783,1
46,403,803,0
47,581,562,1
48,85,178,0
49,645,263,1
50,914,744,1
51,479,207,1
52,115,664,0
53,971,429,1
54,853,4,1
55,764,9,1
56,890,504,1
57,787,537,1
58,916,795,1
59,112,284,0
60,747,402,1
61,784,877,1
62,574,115,1
63,210,552,0
64,478,619,0
65,619,164,1
66,309,196,1
67,585,725,0
68,566,879,0
69,445,900,0
70,830,514,1
71,833,718,1
72,807,606,1
73,777,310,1
74,470,247,1
75,503,560,1
76,970,193,1
77,958,51,1
78,885,539,1
79,696,841,0
80,224,979,0
81,75,14,1
82,166,982,0
83,310,299,1
84,618,602,1
85,681,286,1
86,501,874,0
87,906,424,1
88,983,940,1
89,388,114,1
90,95,227,0
91,346,797,0
92,598,165,1
93,538,165,1
94,645,360,1
95,356,888,0
96,903,85,1
97,217,361,0
98,680,753,1
99,777,772,1
100,437,372,1
101,477,797,0
102,30,1000,0
103,323,314,1
104,774,256,1
105,343,913,0
106,291,738,0
107,102,871,0
108,945,171,1
109,582,319,1
110,601,845,0
111,874,27,1
112,150,175,0
113,738,297,1
114,552,161,1
115,766,781,1
116,153,35,1
117,275,887,0
118,53,977,0
119,150,649,0
120,431,181,1
121,294,504,0
122,991,217,1
123,806,196,1
124,911,71,1
125,912,53,1
126,85,247,0
127,173,596,0
128,922,292,1
129,800,883,1
130,377,435,0
131,115,282,0
132,19,801,0
133,264,607,0
134,471,720,0
135,898,553,1
136,320,398,0
137,213,337,0
138,974,59,1
139,87,494,0
140,646,508,1
141,738,627,1
142,21,633,0
143,410,927,0
144,824,743,1
145,1000,297,1
146,7,546,0
147,281,910,0
148,799,243,1
149,369,737,0
150,255,962,0
151,961,341,1
152,755,905,0
153,728,154,1
154,516,636,0
155,333,786,0
156,880,456,1
157,10,390,0
158,285,487,0
159,164,338,0
160,561,381,1
161,127,641,0
162,294,891,0
163,278,518,0
164,153,446,0
165,977,969,1
166,449,98,1
167,647,179,1
168,940,704,1
169,114,710,0
170,37,809,0
171,243,699,0
172,930,254,1
173,794,521,1
174,394,86,1
175,399,503,0
176,116,347,0
177,951,814,1
178,394,433,1
179,526,950,0
180,301,140,1
181,675,195,1
182,834,373,1
183,9,140,0
184,417,360,1
185,289,313,1
186,814,869,1
187,629,990,0
188,608,361,1
189,8,864,0
190,359,289,1
191,441,250,1
192,36,355,0
193,6,396,0
194,400,24,1
195,308,937,0
196,46,890,0
197,21,276,0
198,484,854,0
199,715,439,1
200,252,285,1
201,48,807,0
202,746,149,1
203,912,95,1
204,686,479,1
205,550,951,0
206,649,165,1
207,83,144,0
208,276,378,0
209,670,663,1
210,291,413,0
211,565,180,1
212,489,724,0
213,313,671,0
214,237,97,1
215,784,702,1
216,619,755,0
217,363,420,0
218,541,836,0
219,736,481,1
220,495,746,0
221,954,538,1
222,779,381,1
223,412,205,1
224,153,812,0
225,21,140,0
226,216,428,0
227,692,363,1
228,210,53,1
229,165,255,0
230,457,435,1
231,956,229,1
232,887,198,1
233,686,893,0
234,548,214,1
235,280,145,1
236,561,536,1
237,143,205,0
238,897,317,1
239,878,461,1
240,967,277,1
241,933,749,1
242,273,439,0
243,158,297,0
244,916,747,1
245,204,890,0
246,114,359,0
247,868,658,1
248,167,210,0
249,789,228,1
250,58,224,0
251,820,91,1
252,70,971,0
253,832,709,1
254,463,706,0
255,733,467,1
256,681,73,1
257,932,96,1
258,556,948,0
259,591,835,0
260,141,841,0
261,385,227,1
262,302,233,1
263,676,615,1
264,118,139,0
265,21,191,0
266,315,278,1
267,914,10,1
268,195,224,0
269,267,45,1
270,865,47,1
271,190,492,0
272,797,339,1
273,308,344,1
274,765,911,0
275,682,189,1
276,639,346,1
277,850,975,0
278,225,750,0
279,375,529,0
280,391,564,0
281,152,257,0
282,531,746,0
283,715,411,1
284,731,355,1
285,483,376,1
286,484,681,0
287,468,243,1
288,461,505,1
289,451,633,0
290,894,187,1
291,859,202,1
292,79,404,0
293,514,48,1
294,269,306,0
295,218,795,0
296,519,827,0
297,291,958,0
298,311,522,0
299,221,778,0
300,291,816,0
301,908,100,1
302,227,859,0
303,36,558,0
304,590,917,0
305,740,631,1
306,149,564,0
307,367,623,0
308,841,529,1
309,965,476,1
310,448,935,0
311,936,266,1
312,370,506,0
313,626,794,0
314,250,138,1
315,644,234,1
316,520,314,1
317,193,165,1
318,387,9,1
319,922,518,1
320,3,117,0
321,58,438,0
322,221,127,1
323,337,848,0
324,864,558,1
325,855,541,1
326,437,3,1
327,710,746,1
328,179,415,0
329,49,186,0
330,312,845,0
331,819,536,1
332,620,287,1
333,328,485,0
334,910,352,1
335,329,946,0
336,90,347,0
337,467,867,0
338,851,31,1
339,342,144,1
340,794,984,0
341,779,329,1
342,816,914,1
343,775,582,1
344,840,260,1
345,445,584,0
346,605,535,1
347,935,680,1
348,683,506,1
349,796,729,1
350,418,763,0
351,269,668,0
352,133,652,0
353,546,664,0
354,937,328,1
355,106,516,0
356,169,985,0
357,767,971,0
358,558,871,0
359,944,363,1
360,539,454,1
361,320,34,1
362,286,749,0
363,107,781,0
364,851,630,1
365,89,662,0
366,435,583,0
367,555,753,0
368,761,676,1
369,435,339,1
370,565,607,1
371,344,232,1
372,138,798,0
373,790,424,1
374,994,902,1
375,116,316,0
376,249,777,0
377,159,539,0
378,286,466,0
379,164,756,0
380,566,785,0
381,787,95,1
382,619,79,1
383,807,932,0
384,58,119,0
385,418,463,1
386,890,623,1
387,301,103,1
388,232,706,0
389,700,2,1
390,344,804,0
391,944,335,1
392,254,185,1
393,839,823,1
394,746,562,1
395,574,552,1
396,201,261,0
397,750,640,1
398,624,392,1
399,356,282,1
400,204,769,0
401,738,112,1
402,165,989,0
403,932,726,1
404,185,331,0
405,189,966,0
406,892,420,1
407,136,294,0
408,429,66,1
409,690,10,1
410,268,882,0
411,100,663,0
412,352,767,0
413,894,885,1
414,877,357,1
415,279,95,1
416,482,302,1
417,553,363,1
418,681,428,1
419,82,64,1
420,863,468,1
421,301,641,0
422,779,67,1
423,318,757,0
424,787,568,1
425,981,936,1
426,658,973,0
427,786,482,1
428,279,396,0
429,711,666,1
430,302,586,0
431,27,359,0
432,593,914,0
433,746,162,1
434,514,513,1
435,434,459,1
436,671,465,1
437,488,638,0
438,624,940,0
439,545,570,1
440,476,799,0
441,117,678,0
442,647,88,1
443,669,824,0
444,481,134,1
445,965,651,1
446,896,484,1
447,133,133,1
448,557,113,1
449,489,91,1
450,284,23,1
451,384,273,1
452,701,149,1
453,274,321,0
454,935,387,1
455,651,126,1
456,284,98,1
457,828,231,1
458,512,14,1
459,521,51,1
460,659,394,1
461,612,189,1
462,126,686,0
463,160,13,1
464,514,934,0
465,242,480,0
466,436,658,0
467,930,910,1
468,476,350,1
469,888,726,1
470,533,205,1
471,256,1000,0
472,303,407,0
473,88,590,0
474,808,300,1
475,377,128,1
476,569,195,1
477,472,59,1
478,132,212,0
479,729,773,1
480,116,95,1
481,849,551,1
482,885,687,1
483,418,711,0
484,450,502,1
485,668,721,1
486,165,685,0
487,326,482,0
488,336,424,0
489,435,577,0
490,107,69,1
491,985,699,1
492,559,255,1
493,422,433,1
494,919,99,1
495,139,215,0
496,870,790,1
497,610,555,1
498,707,577,1
499,372,256,1
500,257,426,0
501,851,159,1
502,787,112,1
503,310,777,0
504,341,683,0
505,251,579,0
506,613,933,0
507,446,671,0
508,944,81,1
509,872,795,1
510,177,503,0
511,123,616,0
512,853,80,1
513,505,640,0
514,266,452,0
515,125,453,0
516,558,502,1
517,257,730,0
518,739,697,1
519,206,225,1
520,440,170,1
521,498,337,1
522,203,737,0
523,420,720,0
524,530,732,0
525,123,829,0
526,217,578,0
527,788,27,1
528,653,162,1
529,395,187,1
530,607,421,1
531,392,905,0
532,692,54,1
533,466,816,0
534,178,741,0
535,602,469,1
536,621,290,1
537,486,829,0
538,568,804,0
539,470,876,0
540,447,830,0
541,875,339,1
542,816,426,1
543,691,165,1
544,682,574,1
545,482,46,1
546,469,360,1
547,970,769,1
548,625,206,1
549,603,684,0
550,459,286,1
551,173,194,0
552,826,191,1
553,562,725,0
554,24,963,0
555,793,853,1
556,12,817,0
557,389,122,1
558,836,571,1
559,452,570,0
560,679,761,1
561,827,199,1
562,680,583,1
563,303,72,1
564,943,706,1
565,846,274,1
566,482,59,1
567,284,675,0
568,601,485,1
569,697,467,1
570,423,537,0
571,264,120,1
572,436,51,1
573,451,292,1
574,399,392,1
575,202,181,1
576,681,343,1
577,994,833,1
578,61,145,0
579,818,395,1
580,611,926,0
581,960,150,1
582,876,781,1
583,330,789,0
584,151,520,0
585,265,925,0
586,82,834,0
587,280,232,1
588,205,918,0
589,218,623,0
590,592,909,0
591,521,355,1
592,68,907,0
593,99,728,0
594,111,311,0
595,375,86,1
596,369,69,1
597,550,165,1
598,844,890,1
599,428,892,0
600,360,860,0
601,333,198,1
602,812,235,1
603,804,970,0
604,417,191,1
605,103,910,0
606,320,111,1
607,854,184,1
608,500,867,0
609,827,120,1
610,914,967,1
611,539,412,1
612,773,317,1
613,218,809,0
614,670,222,1
615,69,340,0
616,800,444,1
617,857,763,1
618,617,367,1
619,433,266,1
620,389,114,1
621,308,197,1
622,341,929,0
623,877,367,1
624,212,666,0
625,364,405,1
626,714,365,1
627,962,490,1
628,458,65,1
629,273,576,0
630,662,444,1
631,546,752,0
632,66,238,0
633,409,830,0
634,142,771,0
635,498,932,0
636,221,19,1
637,751,73,1
638,154,408,0
639,529,925,0
640,202,811,0
641,491,844,0
642,60,515,0
643,535,740,0
644,933,620,1
645,280,245,1
646,457,816,0
647,750,453,1
648,452,980,0
649,784,100,1
650,838,298,1
651,132,67,1
652,972,326,1
653,458,876,0
654,467,687,0
655,703,869,0
656,192,76,1
657,997,935,1
658,731,512,1
659,711,526,1
660,130,123,1
661,393,940,0
662,338,695,0
663,318,358,0
664,240,540,0
665,36,82,0
666,589,576,1
667,947,619,1
668,159,423,0
669,947,644,1
670,69,362,0
671,650,421,1
672,11,295,0
673,540,908,0
674,179,373,0
675,997,83,1
676,653,330,1
677,418,705,0
678,285,660,0
679,998,392,1
680,450,720,0
681,328,691,0
682,535,690,0
683,689,442,1
684,451,985,0
685,356,483,0
686,563,254,1
687,47,423,0
688,751,633,1
689,605,582,1
690,345,768,0
691,101,759,0
692,785,30,1
693,774,664,1
694,798,443,1
695,457,295,1
696,40,205,0
697,328,179,1
698,873,811,1
699,149,626,0
700,385,362,1
701,171,447,0
702,737,478,1
703,665,7,1
704,631,782,0
705,437,121,1
706,392,485,0
707,13,304,0
708,436,265,1
709,944,126,1
710,210,73,1
711,795,366,1
712,308,183,1
713,960,990,1
714,854,384,1
715,513,504,1
716,408,972,0
717,978,75,1
718,331,407,0
719,813,458,1
720,944,995,1
721,822,385,1
722,412,199,1
723,838,280,1
724,136,783,0
725,190,142,1
726,716,577,1
727,849,194,1
728,467,882,0
729,804,592,1
730,538,628,0
731,682,815,0
732,107,493,0
733,815,619,1
734,974,876,1
735,30,732,0
736,406,50,1
737,806,171,1
738,217,402,0
739,711,603,1
740,849,350,1
741,682,307,1
742,785,496,1
743,255,375,0
744,601,194,1
745,856,590,1
746,378,707,0
747,91,540,0
748,765,575,1
749,85,924,0
750,389,97,1
751,497,769,0
752,645,871,0
753,599,177,1
754,284,90,1
755,914,319,1
756,21,801,0
757,314,259,1
758,451,953,0
759,192,864,0
760,658,323,1
761,472,107,1
762,681,162,1
763,80,67,1
764,235,647,0
765,415,56,1
766,772,819,1
767,809,348,1
768,633,80,1
769,127,385,0
770,784,685,1
771,75,958,0
772,375,924,0
773,817,817,1
774,992,945,1
775,1,674,0
776,778,57,1
777,432,506,0
778,371,524,0
779,182,447,0
780,9,897,0
781,147,653,0
782,512,21,1
783,651,962,0
784,13,24,0
785,9,158,0
786,825,988,0
787,175,564,0
788,770,362,1
789,315,474,0
790,907,779,1
791,421,441,1
792,76,656,0
793,652,681,1
794,516,326,1
795,193,101,1
796,370,281,1
797,812,182,1
798,60,380,0
799,242,822,0
800,726,506,1
801,344,292,1
802,132,861,0
803,25,823,0
804,699,289,1
805,835,640,1
806,913,83,1
807,408,153,1
808,101,995,0
809,737,379,1
810,801,587,1
811,276,369,0
812,396,883,0
813,78,287,0
814,36,507,0
815,443,126,1
816,472,164,1
817,770,199,1
818,820,283,1
819,510,497,1
820,245,339,0
821,607,609,1
822,485,670,0
823,464,285,1
824,929,696,1
825,641,693,1
826,637,272,1
827,740,46,1
828,625,131,1
829,796,980,0
830,20,606,0
831,466,156,1
832,415,200,1
833,962,91,1
834,429,299,1
835,706,158,1
836,982,837,1
837,554,255,1
838,595,559,1
839,54,857,0
840,875,969,1
841,345,345,1
842,700,703,1
843,604,65,1
844,582,365,1
845,868,153,1
846,745,314,1
847,2,52,0
848,302,292,1
849,579,893,0
850,291,424,0
851,296,44,1
852,624,59,1
853,336,344,1
854,871,915,1
855,441,546,0
856,369,747,0
857,357,84,1
858,698,359,1
859,137,325,0
860,134,132,1
861,153,587,0
862,918,547,1
863,607,771,0
864,139,314,0
865,307,95,1
866,155,806,0
867,684,845,0
868,384,898,0
869,237,167,1
870,134,845,0
871,538,956,0
872,861,234,1
873,42,115,0
874,900,209,1
875,478,616,0
876,535,206,1
877,551,572,1
878,799,643,1
879,150,837,0
880,904,663,1
881,109,271,0
882,848,34,1
883,699,629,1
884,322,916,0
885,949,545,1
886,170,1,1
887,648,411,1
888,364,442,0
889,74,265,0
890,853,148,1
891,936,868,1
892,651,253,1
893,130,146,1
894,648,1000,0
895,627,805,0
896,10,159,0
897,805,784,1
898,494,216,1
899,177,585,0
900,154,213,0
901,796,752,1
902,722,452,1
903,461,498,1
904,729,279,1
905,834,210,1
906,738,73,1
907,75,317,0
908,639,767,0
909,70,528,0
910,686,462,1
911,521,521,1
912,508,598,0
913,159,142,1
914,177,242,0
915,9,709,0
916,595,755,0
917,206,273,0
918,111,353,0
919,637,782,0
920,850,605,1
921,703,842,0
922,557,190,1
923,417,408,1
924,343,942,0
925,359,522,0
926,980,664,1
927,645,322,1
928,388,480,0
929,879,253,1
930,46,566,0
931,312,557,0
932,627,25,1
933,87,313,0
934,199,597,0
935,661,27,1
936,545,264,1
937,459,566,0
938,556,782,0
939,297,673,0
940,247,631,0
941,657,477,1
942,31,746,0
943,170,159,1
944,212,385,0
945,832,634,1
946,568,32,1
947,409,348,1
948,940,258,1
949,579,243,1
950,109,91,1
951,912,884,1
952,131,436,0
953,291,752,0
954,234,142,1
955,613,228,1
956,98,782,0
957,96,739,0
958,337,57,1
959,549,778,0
960,665,988,0
961,880,207,1
962,340,459,0
963,881,375,1
964,490,76,1
965,526,755,0
966,37,239,0
967,723,982,0
968,860,428,1
969,332,702,0
970,532,977,0
971,441,596,0
972,437,951,0
973,824,249,1
974,72,816,0
975,161,752,0
976,270,855,0
977,218,594,0
978,876,339,1
979,483,169,1
980,867,857,1
981,324,5,1
982,244,238,1
983,946,941,1
984,616,734,0
985,136,355,0
986,261,84,1
987,666,982,0
988,148,62,1
989,965,812,1
990,271,251,1
991,851,116,1
992,73,628,0
993,282,934,0
994,718,413,1
995,484,624,0
996,17,111,0
997,673,109,1
998,660,571,1
999,448,788,0
1000,610,412,1
1001,61,99,0
1002,57,866,0
1003,180,333,0
1004,507,887,0
1005,28,39,0
1006,595,863,0
1007,710,83,1
1008,900,113,1
1009,333,663,0
1010,517,932,0
1011,167,165,1
1012,185,640,0
1013,873,576,1
1014,796,195,1
1015,642,896,0
1016,983,260,1
1017,102,146,0
1018,44,807,0
1019,330,503,0
1020,661,309,1
1021,783,310,1
1022,903,808,1
1023,175,593,0
1024,236,232,1
1025,725,361,1
1026,382,453,0
1027,401,647,0
1028,391,113,1
1029,969,144,1
1030,549,585,1
1031,771,372,1
1032,979,136,1
1033,278,188,1
1034,91,976,0
1035,345,845,0
1036,904,830,1
1037,131,421,0
1038,287,112,1
1039,241,769,0
1040,805,286,1
1041,679,960,0
1042,963,91,1
1043,726,472,1
1044,599,94,1
1045,27,859,0
1046,157,345,0
1047,879,213,1
1048,98,189,0
1049,315,381,0
1050,945,664,1
1051,964,918,1
1052,782,388,1
1053,716,769,1
1054,383,141,1
1055,177,216,0
1056,99,495,0
1057,31,969,0
1058,394,530,0
1059,560,605,1
1060,469,923,0
1061,84,956,0
1062,87,736,0
1063,412,783,0
1064,288,239,1
1065,735,258,1
1066,666,691,1
1067,144,908,0
1068,540,781,0
1069,839,164,1
1070,140,115,1
1071,59,978,0
1072,97,431,0
1073,73,519,0
1074,615,143,1
1075,526,353,1
1076,108,836,0
1077,760,279,1
1078,431,241,1
1079,211,830,0
1080,352,242,1
1081,552,910,0
1082,474,974,0
1083,392,572,0
1084,749,451,1
1085,638,76,1
1086,105,525,0
1087,266,634,0
1088,821,682,1
1089,137,261,0
1090,604,397,1
1091,938,90,1
1092,633,413,1
1093,244,752,0
1094,249,225,1
1095,379,237,1
1096,919,842,1
1097,257,213,1
1098,6,701,0
1099,825,257,1
1100,495,875,0
1101,686,780,0
1102,578,495,1
1103,930,357,1
1104,297,164,1
1105,915,497,1
1106,63,81,0
1107,952,97,1
1108,376,417,1
1109,650,844,0
1110,578,923,0
1111,765,73,1
1112,401,723,0
1113,814,563,1
1114,281,347,0
1115,78,968,0
1116,764,913,0
1117,868,8,1
1118,283,390,0
1119,400,751,0
1120,9,313,0
1121,876,559,1
1122,475,686,0
1123,53,653,0
1124,84,166,0
1125,695,29,1
1126,573,707,0
1127,328,557,0
1128,682,216,1
1129,306,708,0
1130,23,484,0
1131,956,221,1
1132,209,401,0
1133,650,212,1
1134,849,365,1
1135,472,467,1
1136,539,980,0
1137,950,553,1
1138,789,328,1
1139,541,880,0
1140,531,102,1
1141,856,249,1
1142,135,502,0
1143,174,142,1
1144,685,63,1
1145,883,980,1
1146,397,20,1
1147,214,163,1
1148,874,583,1
1149,830,788,1
1150,159,745,0
1151,877,142,1
1152,201,339,0
1153,782,292,1
1154,480,828,0
1155,139,247,0
1156,815,775,1
1157,263,67,1
1158,554,231,1
1159,651,344,1
1160,671,611,1
1161,412,440,1
1162,854,344,1
1163,617,96,1
1164,418,503,0
1165,666,156,1
1166,865,245,1
1167,20,348,0
1168,936,64,1
1169,657,413,1
1170,360,365,1
1171,124,133,1
1172,485,387,1
1173,370,63,1
1174,236,195,1
1175,356,503,0
1176,636,335,1
1177,673,714,1
1178,934,604,1
1179,72,589,0
1180,127,461,0
1181,492,153,1
1182,884,301,1
1183,304,440,0
1184,972,417,1
1185,57,327,0
1186,753,200,1
1187,515,983,0
1188,368,511,0
1189,235,41,1
1190,961,829,1
1191,660,942,0
1192,752,392,1
1193,670,696,1
1194,825,427,1
1195,208,841,0
1196,59,613,0
1197,62,574,0
1198,771,598,1
1199,838,15,1
1200,313,192,1
1201,836,478,1
1202,839,784,1
1203,845,937,1
1204,910,191,1
1205,824,61,1
1206,811,674,1
1207,920,593,1
1208,431,434,1
1209,71,581,0
1210,748,241,1
1211,861,974,0
1212,227,42,1
1213,438,383,1
1214,658,179,1
1215,377,36,1
1216,834,146,1
1217,844,22,1
1218,719,105,1
1219,877,46,1
1220,401,687,0
1221,92,288,0
1222,296,389,0
1223,148,134,1
1224,540,514,1
1225,936,525,1
1226,522,867,0
1227,114,336,0
1228,82,682,0
1229,846,536,1
1230,661,985,0
1231,406,205,1
1232,853,955,1
1233,583,219,1
1234,516,440,1
1235,16,211,0
1236,254,19,1
1237,914,477,1
1238,75,738,0
1239,419,287,1
1240,668,658,1
1241,701,645,1
1242,775,580,1
1243,899,229,1
1244,862,591,1
1245,428,893,0
1246,497,747,0
1247,456,531,0
1248,228,279,0
1249,15,433,0
1250,571,264,1
1251,905,868,1
1252,505,503,1
1253,624,295,1
1254,992,846,1
1255,393,585,0
1256,59,718,0
1257,506,463,1
1258,928,688,1
1259,389,903,0
1260,593,494,1
1261,19,914,0
1262,273,773,0
1263,860,453,1
1264,899,546,1
1265,586,309,1
1266,894,166,1
1267,421,580,0
1268,318,327,1
1269,329,916,0
1270,12,436,0
1271,571,183,1
1272,541,356,1
1273,243,633,0
1274,168,764,0
1275,412,10,1
1276,480,972,0
1277,758,92,1
1278,81,500,0
1279,333,909,0
1280,536,784,0
1281,274,553,0
1282,307,861,0
1283,319,32,1
1284,1000,287,1
1285,784,87,1
1286,50,456,0
1287,957,6,1
1288,661,887,0
1289,132,174,0
1290,315,723,0
1291,251,140,1
1292,79,19,1
1293,739,758,1
1294,230,411,0
1295,456,904,0
1296,669,749,1
1297,333,843,0
1298,486,265,1
1299,644,92,1
1300,556,394,1
1301,107,845,0
1302,174,855,0
1303,106,890,0
1304,449,507,1
1305,425,505,0
1306,101,522,0
1307,119,615,0
1308,553,744,0
1309,533,443,1
1310,459,135,1
1311,632,978,0
1312,16,468,0
1313,525,630,0
1314,745,615,1
1315,720,811,1
1316,990,54,1
1317,685,744,1
1318,293,109,1
1319,455,534,0
1320,99,11,1
1321,878,1,1
1322,211,36,1
1323,475,807,0
1324,428,543,0
1325,56,393,0
1326,908,315,1
1327,834,622,1
1328,451,307,1
1329,936,886,1
1330,682,698,1
1331,142,906,0
1332,130,869,0
1333,634,862,0
1334,153,476,0
1335,399,735,0
1336,992,965,1
1337,815,399,1
1338,736,333,1
1339,852,122,1
1340,122,467,0
1341,607,500,1
1342,13,899,0
1343,938,553,1
1344,874,276,1
1345,393,288,1
1346,844,191,1
1347,410,653,0
1348,868,92,1
1349,805,313,1
1350,944,603,1
1351,823,257,1
1352,211,67,1
1353,961,136,1
1354,520,426,1
1355,877,898,1
1356,280,610,0
1357,952,334,1
1358,155,964,0
1359,899,518,1
1360,27,36,0
1361,108,982,0
1362,724,641,1
1363,449,191,1
1364,31,927,0
1365,524,7,1
1366,502,787,0
1367,786,335,1
1368,58,378,0
1369,342,609,0
1370,847,694,1
1371,675,875,0
1372,826,679,1
1373,982,196,1
1374,289,786,0
1375,241,778,0
1376,728,736,1
1377,116,318,0
1378,724,205,1
1379,119,837,0
1380,840,882,1
1381,338,99,1
1382,709,658,1
1383,437,174,1
1384,287,631,0
1385,131,348,0
1386,202,214,1
1387,537,690,0
1388,219,165,1
1389,253,611,0
1390,627,967,0
1391,370,897,0
1392,294,370,0
1393,159,523,0
1394,42,254,0
1395,783,634,1
1396,363,289,1
1397,203,34,1
1398,323,811,0
1399,195,722,0
1400,287,916,0
1401,205,7,1
1402,20,813,0
1403,380,579,0
1404,440,370,1
1405,921,950,1
1406,246,113,1
1407,79,838,0
1408,209,375,0
1409,896,977,1
1410,225,512,0
1411,997,436,1
1412,780,208,1
1413,515,454,1
1414,523,611,0
1415,977,550,1
1416,925,998,1
1417,990,325,1
1418,978,328,1
1419,287,2,1
1420,765,480,1
1421,142,801,0
1422,445,388,1
1423,134,151,1
1424,677,995,0
1425,211,620,0
1426,406,416,1
1427,663,517,1
1428,886,91,1
1429,446,124,1
1430,834,493,1
1431,467,143,1
1432,743,593,1
1433,923,370,1
1434,398,698,0
1435,23,178,0
1436,974,28,1
1437,872,888,1
1438,852,843,1
1439,859,101,1
1440,189,106,1
1441,612,952,0
1442,452,521,0
1443,54,961,0
1444,110,662,0
1445,664,537,1
1446,698,542,1
1447,484,401,1
1448,111,440,0
1449,545,171,1
1450,478,559,0
1451,280,712,0
1452,815,770,1
1453,891,775,1
1454,647,522,1
1455,273,127,1
1456,806,815,1
1457,959,465,1
1458,439,615,0
1459,152,45,1
1460,120,484,0
1461,301,232,1
1462,257,457,0
1463,512,959,0
1464,442,289,1
1465,426,802,0
1466,53,620,0
1467,301,312,1
1468,675,758,1
1469,707,658,1
1470,107,38,1
1471,821,7,1
1472,972,408,1
1473,48,484,0
1474,99,879,0
1475,553,981,0
1476,832,171,1
1477,177,637,0
1478,963,906,1
1479,804,614,1
1480,956,559,1
1481,52,925,0
1482,184,828,0
1483,594,837,0
1484,271,188,1
1485,908,422,1
1486,915,162,1
1487,530,762,0
1488,523,176,1
1489,411,324,1
1490,941,213,1
1491,492,605,0
1492,474,389,1
1493,400,788,0
1494,674,214,1
1495,868,913,1
1496,257,437,0
1497,513,535,1
1498,858,139,1
1499,612,668,1
1500,7,736,0
1501,522,598,0
1502,923,650,1
1503,893,979,1
1504,342,186,1
1505,84,805,0
1506,584,851,0
1507,46,944,0
1508,345,624,0
1509,687,105,1
1510,428,432,1
1511,363,261,1
1512,356,897,0
1513,991,996,1
1514,639,670,1
1515,871,288,1
1516,775,22,1
1517,642,406,1
1518,311,139,1
1519,569,159,1
1520,619,643,1
1521,831,307,1
1522,528,503,1
1523,923,563,1
1524,522,510,1
1525,1000,513,1
1526,740,397,1
1527,325,374,0
1528,970,29,1
1529,288,48,1
1530,435,337,1
1531,798,430,1
1532,891,154,1
1533,350,66,1
1534,268,457,0
1535,179,546,0
1536,524,480,1
1537,392,842,0
1538,433,421,1
1539,357,81,1
1540,481,684,0
1541,560,798,0
1542,639,576,1
1543,783,360,1
1544,151,526,0
1545,490,95,1
1546,915,807,1
1547,206,10,1
1548,582,511,1
1549,99,710,0
1550,181,766,0
1551,327,159,1
1552,14,3,1
1553,243,654,0
1554,832,752,1
1555,195,47,1
1556,498,614,0
1557,875,838,1
1558,7,846,0
1559,309,558,0
1560,599,16,1
1561,983,822,1
1562,154,12,1
1563,898,992,1
1564,389,907,0
1565,77,918,0
1566,110,72,1
1567,823,427,1
1568,52,849,0
1569,156,724,0
1570,1000,12,1
1571,903,353,1
1572,264,888,0
1573,845,188,1
1574,938,297,1
1575,538,837,0
1576,606,191,1
1577,773,439,1
1578,764,28,1
1579,606,971,0
1580,580,224,1
1581,281,687,0
1582,956,963,1
1583,330,482,0
1584,788,270,1
1585,255,982,0
1586,965,190,1
1587,405,579,0
1588,504,78,1
1589,779,4,1
1590,876,256,1
1591,275,704,0
1592,327,495,0
1593,511,744,0
1594,253,388,0
1595,304,928,0
1596,830,956,0
1597,449,891,0
1598,554,10,1
1599,546,127,1
1600,672,910,0
1601,296,362,0
1602,676,249,1
1603,274,768,0
1604,822,524,1
1605,591,682,0
1606,879,340,1
1607,99,229,0
1608,95,12,1
1609,409,676,0
1610,386,832,0
1611,953,530,1
1612,753,697,1
1613,818,368,1
1614,636,705,1
1615,931,527,1
1616,421,861,0
1617,148,683,0
1618,544,170,1
1619,498,373,1
1620,182,637,0
1621,215,307,0
1622,625,203,1
1623,375,829,0
1624,2,42,0
1625,278,687,0
1626,662,898,0
1627,584,886,0
1628,671,596,1
1629,105,545,0
1630,255,813,0
1631,218,142,1
1632,327,134,1
1633,957,133,1
1634,373,612,0
1635,256,909,0
1636,508,719,0
1637,429,153,1
1638,117,777,0
1639,2,119,0
1640,468,453,1
1641,636,149,1
1642,629,73,1
1643,743,440,1
1644,909,929,1
1645,584,338,1
1646,421,145,1
1647,451,399,1
1648,1,79,0
1649,56,645,0
1650,679,931,0
1651,920,445,1
1652,747,108,1
1653,70,314,0
1654,304,265,1
1655,625,317,1
1656,544,256,1
1657,158,330,0
1658,596,654,1
1659,330,443,0
1660,791,292,1
1661,292,655,0
1662,268,106,1
1663,873,783,1
1664,177,379,0
1665,610,637,1
1666,971,428,1
1667,824,81,1
1668,40,34,1
1669,903,545,1
1670,292,519,0
1671,880,364,1
1672,147,905,0
1673,736,651,1
1674,118,887,0
1675,518,444,1
1676,320,905,0
1677,914,165,1
1678,312,123,1
1679,937,714,1
1680,641,405,1
1681,589,587,1
1682,68,986,0
1683,489,388,1
1684,127,259,0
1685,218,642,0
1686,527,456,1
1687,97,607,0
1688,969,682,1
1689,126,27,1
1690,663,408,1
1691,342,407,0
1692,886,67,1
1693,900,150,1
1694,403,384,1
1695,214,267,0
1696,118,42,1
1697,14,849,0
1698,622,130,1
1699,985,659,1
1700,212,372,0
1701,989,169,1
1702,804,391,1
1703,699,651,1
1704,726,184,1
1705,124,621,0
1706,627,763,0
1707,679,920,0
1708,331,616,0
1709,280,856,0
1710,971,814,1
1711,429,615,0
1712,155,863,0
1713,946,253,1
1714,974,767,1
1715,684,706,1
1716,827,113,1
1717,618,938,0
1718,304,936,0
1719,856,852,1
1720,974,528,1
1721,405,391,1
1722,471,199,1
1723,301,258,1
1724,828,515,1
1725,641,622,1
1726,595,1000,0
1727,41,897,0
1728,30,478,0
1729,203,354,0
1730,23,997,0
1731,309,60,1
1732,743,510,1
1733,191,378,0
1734,870,56,1
1735,620,549,1
1736,836,828,1
1737,7,909,0
1738,798,341,1
1739,555,425,1
1740,172,55,1
1741,394,172,1
1742,392,123,1
1743,599,703,0
1744,769,540,1
1745,247,165,1
1746,733,425,1
1747,281,654,0
1748,589,295,1
1749,447,948,0
1750,898,627,1
1751,380,836,0
1752,725,353,1
1753,581,993,0
1754,612,435,1
1755,885,867,1
1756,289,121,1
1757,793,382,1
1758,972,778,1
1759,642,91,1
1760,9,29,0
1761,264,432,0
1762,540,478,1
1763,939,268,1
1764,161,128,1
1765,885,555,1
1766,712,971,0
1767,4,2,1
1768,621,819,0
1769,12,904,0
1770,222,309,0
1771,624,282,1
1772,693,358,1
1773,352,89,1
1774,397,97,1
1775,135,521,0
1776,802,21,1
1777,884,745,1
1778,505,361,1
1779,824,570,1
1780,790,101,1
1781,727,613,1
1782,125,734,0
1783,31,398,0
1784,624,725,0
1785,678,471,1
1786,207,182,1
1787,216,818,0
1788,277,992,0
1789,29,263,0
1790,519,117,1
1791,689,30,1
1792,199,503,0
1793,741,2,1
1794,663,349,1
1795,596,979,0
1796,946,457,1
1797,56,501,0
1798,908,488,1
1799,906,90,1
1800,489,117,1
1801,488,185,1
1802,795,322,1
1803,472,945,0
1804,349,972,0
1805,267,694,0
1806,724,497,1
1807,909,310,1
1808,254,729,0
1809,321,193,1
1810,770,143,1
1811,489,771,0
1812,871,130,1
1813,875,208,1
1814,857,436,1
1815,832,642,1
1816,734,622,1
1817,334,698,0
1818,950,542,1
1819,501,361,1
1820,289,702,0
1821,334,681,0
1822,610,490,1
1823,454,869,0
1824,201,150,1
1825,651,945,0
1826,599,673,1
1827,118,599,0
1828,122,898,0
1829,942,896,1
1830,936,278,1
1831,798,108,1
1832,945,451,1
1833,76,710,0
1834,517,781,0
1835,130,758,0
1836,812,442,1
1837,937,180,1
1838,996,739,1
1839,593,374,1
1840,781,297,1
1841,270,86,1
1842,737,562,1
1843,269,659,0
1844,255,423,0
1845,564,427,1
1846,734,691,1
1847,575,778,0
1848,198,610,0
1849,62,73,0
1850,131,883,0
1851,892,382,1
1852,259,956,0
1853,834,19,1
1854,391,312,1
1855,290,910,0
1856,966,600,1
1857,408,573,0
1858,308,83,1
1859,290,219,1
1860,873,83,1
1861,65,971,0
1862,814,614,1
1863,591,96,1
1864,979,781,1
1865,952,639,1
1866,76,573,0
1867,206,858,0
1868,730,231,1
1869,900,858,1
1870,37,638,0
1871,484,656,0
1872,231,381,0
1873,76,480,0
1874,124,786,0
1875,418,906,0
1876,662,563,1
1877,89,934,0
1878,788,748,1
1879,428,740,0
1880,906,890,1
1881,303,565,0
1882,964,158,1
1883,421,705,0
1884,245,745,0
1885,11,222,0
1886,356,729,0
1887,203,817,0
1888,549,261,1
1889,22,717,0
1890,166,211,0
1891,801,541,1
1892,128,371,0
1893,696,95,1
1894,117,968,0
1895,592,96,1
1896,25,803,0
1897,693,766,1
1898,120,83,1
1899,460,341,1
1900,511,37,1
1901,331,681,0
1902,671,123,1
1903,109,581,0
1904,612,740,0
1905,305,982,0
1906,453,425,1
1907,114,728,0
1908,444,807,0
1909,58,931,0
1910,740,430,1
1911,455,376,1
1912,138,781,0
1913,503,774,0
1914,675,727,1
1915,976,483,1
1916,957,646,1
1917,56,649,0
1918,739,898,0
1919,627,200,1
1920,664,902,0
1921,731,377,1
1922,877,144,1
1923,58,214,0
1924,237,387,0
1925,3,804,0
1926,733,115,1
1927,230,962,0
1928,113,940,0
1929,458,801,0
1930,18,295,0
1931,348,47,1
1932,667,249,1
1933,918,81,1
1934,507,562,1
1935,875,157,1
1936,453,343,1
1937,607,681,1
1938,778,21,1
1939,724,140,1
1940,777,547,1
1941,287,927,0
1942,93,762,0
1943,104,840,0
1944,236,700,0
1945,648,499,1
1946,359,374,1
1947,5,668,0
1948,805,859,1
1949,497,789,0
1950,267,254,1
1951,465,232,1
1952,310,459,0
1953,489,691,0
1954,665,683,1
1955,917,998,1
1956,330,395,0
1957,698,433,1
1958,62,616,0
1959,658,278,1
1960,765,840,1
1961,30,280,0
1962,656,680,1
1963,479,255,1
1964,663,926,0
1965,589,313,1
1966,855,242,1
1967,744,935,0
1968,536,678,0
1969,885,689,1
1970,29,183,0
1971,48,55,1
1972,525,966,0
1973,256,789,0
1974,254,136,1
1975,904,185,1
1976,601,470,1
1977,457,629,0
1978,944,898,1
1979,429,931,0
1980,12,159,0
1981,86,346,0
1982,132,667,0
1983,277,604,0
1984,615,92,1
1985,423,401,1
1986,307,27,1
1987,561,972,0
1988,278,10,1
1989,61,215,0
1990,297,630,0
1991,197,757,0
1992,268,673,0
1993,475,28,1
1994,324,943,0
1995,275,238,1
1996,785,186,1
1997,856,474,1
1998,509,876,0
1999,107,996,0
2000,143,512,0
