n 1000
c 201256
z 363218
time 0.00
1,117,475,0
2,30,583,0
3,407,101,1
4,595,366,1
5,601,215,1
6,880,829,1
7,257,904,0
8,779,599,1
9,838,200,1
10,386,581,0
11,574,415,1
12,946,902,1
13,10,79,0
14,489,823,0
15,494,224,1
16,259,240,1
17,757,344,1
18,305,299,1
19,522,12,1
20,641,81,1
21,977,992,1
22,750,683,1
23,579,887,0
24,919,578,1
25,632,352,1
26,782,867,0
27,423,661,0
28,879,515,1
29,297,113,1
30,160,138,1
31,412,997,0
32,319,911,0
33,323,359,0
34,902,56,1
35,939,743,1
36,644,516,1
37,160,519,0
38,118,72,1
39,910,407,1
40,107,482,0
41,899,322,1
42,165,645,0
43,825,257,1
44,954,249,1
45,658,98,1
46,258,206,1
47,436,525,0
48,804,325,1
49,260,706,0
50,473,755,0
51,966,922,1
52,274,819,0
53,146,784,0
54,228,815,0
55,43,620,0
56,489,435,1
57,114,100,1
58,579,830,0
59,455,447,1
60,546,917,0
61,287,288,1
62,293,622,0
63,105,939,0
64,837,406,1
65,706,135,1
66,28,519,0
67,728,936,0
68,77,226,0
69,428,903,0
70,653,925,0
71,72,169,0
72,6,65,0
73,136,513,0
74,645,810,0
75,910,835,1
76,601,364,1
77,525,158,1
78,780,534,1
79,351,388,0
80,471,590,0
81,202,353,0
82,5,713,0
83,213,278,0
84,185,469,0
85,384,209,1
86,444,685,0
87,785,731,1
88,254,999,0
89,531,589,0
90,966,846,1
91,817,832,1
92,645,608,1
93,289,976,0
94,356,267,1
95,163,723,0
96,518,216,1
97,488,908,0
98,767,708,1
99,32,191,0
100,956,695,1
101,396,856,0
102,69,707,0
103,290,957,0
104,389,859,0
105,302,180,1
106,834,317,1
107,221,10,1
108,752,174,1
109,965,378,1
110,696,736,1
111,681,38,1
112,333,642,0
113,41,372,0
114,671,836,0
115,349,896,0
116,904,782,1
117,738,666,1
118,308,436,0
119,909,812,1
120,6,400,0
121,629,395,1
122,814,52,1
123,693,495,1
124,830,962,0
125,7,104,0
126,900,618,1
127,940,447,1
128,841,455,1
129,295,598,0
130,216,78,1
131,986,541,1
132,210,636,0
133,271,130,1
134,750,571,1
135,657,676,1
136,711,209,1
137,260,660,0
138,861,206,1
139,238,737,0
140,877,671,1
141,41,982,0
142,500,772,0
143,993,482,1
144,159,874,0
145,367,276,1
146,406,877,0
147,872,25,1
148,110,950,0
149,488,724,0
150,302,349,0
151,328,600,0
152,954,908,1
153,735,765,1
154,267,983,0
155,164,557,0
156,367,699,0
157,681,353,1
158,580,842,0
159,267,973,0
160,48,88,0
161,758,684,1
162,29,470,0
163,741,185,1
164,280,593,0
165,536,20,1
166,784,277,1
167,118,798,0
168,859,787,1
169,489,177,1
170,68,740,0
171,690,398,1
172,905,233,1
173,201,700,0
174,705,633,1
175,414,882,0
176,739,830,0
177,790,377,1
178,129,676,0
179,221,569,0
180,796,447,1
181,954,46,1
182,1,192,0
183,216,463,0
184,192,771,0
185,440,340,1
186,349,40,1
187,876,905,1
188,135,596,0
189,271,595,0
190,182,252,0
191,936,989,1
192,515,590,0
193,853,199,1
194,879,627,1
195,51,572,0
196,269,5,1
197,852,279,1
198,187,769,0
199,970,594,1
200,435,352,1
201,983,602,1
202,657,448,1
203,455,714,0
204,205,18,1
205,381,962,0
206,264,384,0
207,458,827,0
208,427,21,1
209,261,114,1
210,178,16,1
211,172,743,0
212,96,183,0
213,568,402,1
214,292,836,0
215,919,729,1
216,666,198,1
217,178,7,1
218,596,511,1
219,111,324,0
220,310,645,0
221,609,725,0
222,794,328,1
223,683,216,1
224,912,679,1
225,684,703,1
226,343,39,1
227,171,166,1
228,993,704,1
229,948,290,1
230,632,774,0
231,219,40,1
232,758,609,1
233,813,240,1
234,603,833,0
235,663,316,1
236,792,819,1
237,854,240,1
238,848,224,1
239,925,536,1
240,750,360,1
241,428,960,0
242,832,42,1
243,901,532,1
244,755,118,1
245,803,821,1
246,673,434,1
247,467,757,0
248,814,957,0
249,484,911,0
250,953,451,1
251,219,758,0
252,493,998,0
253,111,872,0
254,654,173,1
255,140,822,0
256,168,204,0
257,939,987,1
258,291,687,0
259,974,590,1
260,196,508,0
261,760,382,1
262,197,964,0
263,323,522,0
264,85,550,0
265,964,466,1
266,10,833,0
267,769,773,1
268,786,115,1
269,746,480,1
270,912,114,1
271,845,839,1
272,828,966,0
273,379,459,0
274,220,346,0
275,553,464,1
276,838,301,1
277,825,434,1
278,344,505,0
279,830,444,1
280,6,535,0
281,991,20,1
282,762,237,1
283,330,318,1
284,858,654,1
285,106,867,0
286,803,252,1
287,51,214,0
288,636,4,1
289,498,44,1
290,253,718,0
291,82,333,0
292,366,775,0
293,377,67,1
294,924,677,1
295,129,670,0
296,734,894,0
297,426,225,1
298,374,349,1
299,420,693,0
300,962,267,1
301,475,439,1
302,690,14,1
303,915,665,1
304,701,16,1
305,283,362,0
306,132,151,0
307,70,298,0
308,72,300,0
309,956,151,1
310,327,994,0
311,439,469,1
312,657,917,0
313,217,13,1
314,897,973,0
315,907,205,1
316,223,821,0
317,608,520,1
318,106,76,1
319,345,929,0
320,338,560,0
321,713,481,1
322,276,658,0
323,400,771,0
324,295,937,0
325,766,176,1
326,388,838,0
327,917,781,1
328,426,442,1
329,96,309,0
330,999,296,1
331,826,219,1
332,515,634,0
333,143,768,0
334,781,275,1
335,672,149,1
336,921,966,1
337,898,846,1
338,698,986,0
339,997,163,1
340,329,67,1
341,738,212,1
342,447,533,0
343,22,217,0
344,839,975,0
345,92,731,0
346,332,162,1
347,166,355,0
348,906,485,1
349,643,964,0
350,425,470,0
351,876,543,1
352,964,439,1
353,897,315,1
354,816,907,0
355,425,231,1
356,256,828,0
357,190,686,0
358,133,626,0
359,983,534,1
360,938,745,1
361,695,269,1
362,437,488,0
363,978,368,1
364,594,297,1
365,688,409,1
366,378,58,1
367,634,940,0
368,816,391,1
369,690,822,0
370,20,338,0
371,135,179,0
372,553,193,1
373,221,867,0
374,865,913,1
375,659,607,1
376,392,364,1
377,566,182,1
378,581,349,1
379,923,239,1
380,677,940,0
381,434,762,0
382,418,26,1
383,270,199,1
384,881,770,1
385,777,26,1
386,425,138,1
387,652,954,0
388,383,437,0
389,411,861,0
390,311,215,1
391,503,938,0
392,317,988,0
393,654,874,0
394,81,677,0
395,549,291,1
396,432,56,1
397,509,555,1
398,215,11,1
399,67,541,0
400,499,276,1
401,273,219,1
402,28,744,0
403,811,121,1
404,600,654,0
405,612,329,1
406,283,583,0
407,975,489,1
408,428,333,1
409,905,461,1
410,555,501,1
411,539,818,0
412,847,186,1
413,845,16,1
414,996,600,1
415,246,530,0
416,657,513,1
417,752,358,1
418,112,663,0
419,65,627,0
420,86,719,0
421,332,420,0
422,402,150,1
423,237,168,1
424,10,131,0
425,396,547,0
426,425,864,0
427,401,733,0
428,470,215,1
429,790,637,1
430,437,989,0
431,946,34,1
432,656,381,1
433,297,285,1
434,289,380,0
435,65,518,0
436,510,540,1
437,679,585,1
438,959,647,1
439,184,293,0
440,83,906,0
441,236,993,0
442,878,291,1
443,828,35,1
444,928,641,1
445,156,110,1
446,479,479,1
447,284,64,1
448,604,404,1
449,880,254,1
450,907,250,1
451,959,820,1
452,660,112,1
453,321,100,1
454,974,382,1
455,274,393,0
456,851,669,1
457,699,946,0
458,191,801,0
459,200,990,0
460,2,813,0
461,899,232,1
462,373,673,0
463,543,592,0
464,33,705,0
465,657,283,1
466,683,621,1
467,97,729,0
468,59,561,0
469,879,633,1
470,28,128,0
471,703,603,1
472,310,162,1
473,551,921,0
474,167,951,0
475,240,187,1
476,312,350,0
477,975,894,1
478,939,223,1
479,16,80,0
480,771,106,1
481,8,946,0
482,700,74,1
483,961,98,1
484,1,281,0
485,331,644,0
486,820,168,1
487,149,85,1
488,767,195,1
489,314,980,0
490,114,536,0
491,392,614,0
492,22,290,0
493,645,100,1
494,758,870,0
495,514,442,1
496,397,329,1
497,313,918,0
498,42,108,0
499,867,627,1
500,856,69,1
501,338,354,1
502,154,851,0
503,373,988,0
504,524,190,1
505,898,822,1
506,516,912,0
507,885,186,1
508,103,180,0
509,543,886,0
510,288,546,0
511,178,379,0
512,308,275,1
513,528,195,1
514,681,951,0
515,780,824,1
516,861,409,1
517,96,541,0
518,706,468,1
519,877,316,1
520,943,333,1
521,633,812,0
522,778,36,1
523,107,363,0
524,857,135,1
525,794,152,1
526,504,141,1
527,67,494,0
528,604,405,1
529,682,966,0
530,54,536,0
531,831,204,1
532,179,985,0
533,753,987,0
534,217,824,0
535,945,392,1
536,444,653,0
537,149,328,0
538,959,359,1
539,245,919,0
540,862,201,1
541,706,46,1
542,983,973,1
543,826,368,1
544,697,241,1
545,337,961,0
546,596,875,0
547,241,908,0
548,88,465,0
549,490,487,1
550,874,777,1
551,844,949,0
552,945,586,1
553,601,48,1
554,991,614,1
555,608,440,1
556,371,372,1
557,748,317,1
558,339,686,0
559,171,125,1
560,278,524,0
561,514,762,0
562,967,490,1
563,310,667,0
564,438,693,0
565,493,821,0
566,193,294,0
567,723,86,1
568,864,456,1
569,608,254,1
570,478,284,1
571,431,227,1
572,427,462,0
573,162,159,1
574,638,315,1
575,57,656,0
576,176,594,0
577,521,876,0
578,68,364,0
579,625,726,0
580,242,321,0
581,23,409,0
582,19,704,0
583,305,816,0
584,470,339,1
585,496,968,0
586,145,669,0
587,607,91,1
588,188,497,0
589,697,442,1
590,751,792,1
591,192,990,0
592,403,774,0
593,522,419,1
594,22,58,0
595,694,929,0
596,240,440,0
597,429,88,1
598,667,69,1
599,931,999,1
600,903,839,1
601,420,457,0
602,291,454,0
603,603,789,0
604,672,794,0
605,902,17,1
606,615,442,1
607,341,963,0
608,203,934,0
609,738,683,1
610,377,474,0
611,274,999,0
612,828,192,1
613,545,292,1
614,317,217,1
615,804,271,1
616,887,119,1
617,320,142,1
618,712,642,1
619,248,893,0
620,12,325,0
621,67,816,0
622,212,548,0
623,44,682,0
624,235,341,0
625,435,488,0
626,737,544,1
627,49,877,0
628,377,356,1
629,512,235,1
630,477,231,1
631,881,139,1
632,713,273,1
633,296,137,1
634,981,462,1
635,761,927,0
636,260,702,0
637,630,628,1
638,161,931,0
639,944,944,1
640,761,102,1
641,18,535,0
642,907,734,1
643,246,879,0
644,620,583,1
645,567,80,1
646,176,451,0
647,557,944,0
648,211,647,0
649,215,175,1
650,133,581,0
651,651,718,0
652,27,161,0
653,793,711,1
654,778,818,1
655,534,312,1
656,15,495,0
657,444,538,0
658,114,907,0
659,790,689,1
660,665,782,0
661,432,55,1
662,225,386,0
663,813,281,1
664,503,327,1
665,43,109,0
666,660,403,1
667,98,14,1
668,574,810,0
669,34,39,0
670,708,613,1
671,913,520,1
672,530,986,0
673,435,607,0
674,450,568,0
675,204,766,0
676,780,845,0
677,321,676,0
678,436,783,0
679,989,827,1
680,529,811,0
681,807,270,1
682,374,565,0
683,368,837,0
684,802,820,1
685,347,78,1
686,954,721,1
687,742,994,0
688,998,796,1
689,380,809,0
690,40,651,0
691,108,866,0
692,808,769,1
693,661,259,1
694,277,614,0
695,536,738,0
696,119,88,1
697,471,342,1
698,576,806,0
699,204,813,0
700,488,109,1
701,322,906,0
702,600,153,1
703,376,170,1
704,78,281,0
705,28,276,0
706,775,816,1
707,948,459,1
708,59,412,0
709,79,25,1
710,649,164,1
711,234,505,0
712,635,778,0
713,263,625,0
714,517,507,1
715,696,827,0
716,399,623,0
717,489,806,0
718,466,546,0
719,196,357,0
720,751,430,1
721,101,908,0
722,75,386,0
723,477,843,0
724,63,818,0
725,581,601,1
726,451,436,1
727,440,869,0
728,546,853,0
729,499,403,1
730,801,191,1
731,841,594,1
732,42,344,0
733,726,550,1
734,269,719,0
735,413,551,0
736,613,829,0
737,589,502,1
738,512,869,0
739,22,94,0
740,272,65,1
741,273,582,0
742,808,611,1
743,910,354,1
744,792,21,1
745,159,225,0
746,321,694,0
747,66,439,0
748,460,242,1
749,764,55,1
750,252,292,0
751,72,748,0
752,364,578,0
753,726,236,1
754,979,941,1
755,601,786,0
756,220,964,0
757,177,622,0
758,250,932,0
759,79,507,0
760,665,22,1
761,127,470,0
762,16,357,0
763,839,110,1
764,514,434,1
765,862,995,0
766,675,734,0
767,120,559,0
768,240,139,1
769,118,532,0
770,847,128,1
771,826,641,1
772,206,55,1
773,696,924,0
774,743,772,1
775,144,5,1
776,841,492,1
777,607,181,1
778,986,415,1
779,125,34,1
780,896,812,1
781,778,576,1
782,647,464,1
783,546,325,1
784,452,123,1
785,552,617,0
786,672,351,1
787,446,671,0
788,209,693,0
789,874,789,1
790,370,590,0
791,540,516,1
792,219,19,1
793,75,948,0
794,667,233,1
795,936,136,1
796,633,516,1
797,707,201,1
798,419,671,0
799,713,769,0
800,589,317,1
801,487,463,1
802,819,664,1
803,992,194,1
804,90,892,0
805,146,43,1
806,624,886,0
807,111,724,0
808,676,414,1
809,648,582,1
810,8,382,0
811,603,220,1
812,91,70,1
813,173,874,0
814,363,142,1
815,818,377,1
816,303,655,0
817,465,138,1
818,643,902,0
819,613,972,0
820,492,438,1
821,694,580,1
822,4,9,0
823,199,576,0
824,456,11,1
825,984,312,1
826,228,691,0
827,91,969,0
828,288,766,0
829,483,983,0
830,299,681,0
831,657,31,1
832,550,707,0
833,665,766,0
834,708,38,1
835,785,297,1
836,741,232,1
837,345,426,0
838,346,234,1
839,245,932,0
840,642,44,1
841,608,308,1
842,299,474,0
843,323,868,0
844,773,528,1
845,779,516,1
846,800,541,1
847,993,247,1
848,61,591,0
849,738,312,1
850,970,531,1
851,543,847,0
852,847,790,1
853,95,683,0
854,334,54,1
855,384,973,0
856,216,598,0
857,468,191,1
858,881,458,1
859,312,144,1
860,333,503,0
861,112,662,0
862,901,622,1
863,54,318,0
864,74,285,0
865,554,674,0
866,346,545,0
867,835,824,1
868,863,965,0
869,868,586,1
870,445,216,1
871,945,527,1
872,484,637,0
873,265,462,0
874,275,340,0
875,485,523,1
876,38,137,0
877,414,247,1
878,734,614,1
879,573,880,0
880,287,362,0
881,860,794,1
882,671,405,1
883,522,768,0
884,937,351,1
885,132,324,0
886,609,140,1
887,191,214,0
888,803,709,1
889,201,500,0
890,364,759,0
891,687,703,1
892,354,432,0
893,625,509,1
894,31,691,0
895,898,968,0
896,137,186,0
897,100,883,0
898,325,267,1
899,72,764,0
900,9,392,0
901,587,555,1
902,257,623,0
903,964,581,1
904,912,978,1
905,25,661,0
906,801,20,1
907,858,648,1
908,990,642,1
909,749,939,0
910,325,489,0
911,816,572,1
912,427,465,0
913,558,961,0
914,488,493,1
915,200,72,1
916,618,174,1
917,525,868,0
918,998,676,1
919,324,929,0
920,489,520,1
921,86,885,0
922,12,513,0
923,440,547,0
924,886,737,1
925,438,629,0
926,835,395,1
927,580,597,1
928,907,627,1
929,598,464,1
930,949,377,1
931,743,584,1
932,410,316,1
933,614,292,1
934,470,952,0
935,996,718,1
936,680,875,0
937,322,937,0
938,803,665,1
939,584,804,0
940,758,714,1
941,856,880,1
942,814,837,1
943,105,226,0
944,387,956,0
945,751,509,1
946,63,971,0
947,880,167,1
948,987,557,1
949,650,38,1
950,412,6,1
951,143,719,0
952,266,527,0
953,570,27,1
954,481,41,1
955,844,719,1
956,241,385,0
957,239,470,0
958,352,356,1
959,372,213,1
960,344,143,1
961,271,986,0
962,155,374,0
963,1000,186,1
964,57,391,0
965,677,710,1
966,292,90,1
967,778,697,1
968,323,215,1
969,915,905,1
970,635,284,1
971,200,71,1
972,548,538,1
973,679,732,0
974,407,139,1
975,536,747,0
976,285,842,0
977,401,205,1
978,11,318,0
979,858,260,1
980,802,788,1
981,779,744,1
982,723,433,1
983,921,832,1
984,583,177,1
985,647,382,1
986,676,143,1
987,929,337,1
988,131,401,0
989,788,231,1
990,750,398,1
991,410,607,0
992,488,151,1
993,465,361,1
994,989,264,1
995,563,795,0
996,768,570,1
997,944,552,1
998,995,510,1
999,559,375,1
1000,465,639,0
