n 2000
c 366575
z 672674
time 0.00
1,411,193,1
2,76,445,0
3,37,475,0
4,713,892,0
5,871,141,1
6,710,187,1
7,751,518,1
8,449,253,1
9,388,294,1
10,744,955,0
11,4,69,0
12,248,420,0
13,120,485,0
14,615,733,0
15,540,934,0
16,25,686,0
17,251,686,0
18,639,241,1
19,304,490,0
20,495,535,1
21,335,238,1
22,100,393,0
23,81,693,0
24,661,248,1
25,478,934,0
26,124,889,0
27,301,859,0
28,29,905,0
29,487,855,0
30,198,272,0
31,226,203,1
32,301,525,0
33,409,789,0
34,20,462,0
35,345,437,0
36,426,210,1
37,342,565,0
38,444,494,0
39,460,805,0
40,129,648,0
41,761,392,1
42,507,755,0
43,783,223,1
44,864,999,0
45,96,728,0
46,320,660,0
47,794,99,1
48,890,619,1
49,138,240,0
50,239,777,0
51,236,352,0
52,240,777,0
53,200,846,0
54,626,437,1
55,249,842,0
56,687,649,1
57,472,578,0
58,257,548,0
59,789,477,1
60,144,947,0
61,293,462,0
62,731,284,1
63,895,361,1
64,203,628,0
65,528,725,0
66,818,813,1
67,366,710,0
68,747,920,0
69,394,261,1
70,299,395,0
71,550,775,0
72,756,983,0
73,558,567,1
74,643,936,0
75,76,33,1
76,567,706,0
77,659,668,1
78,218,876,0
79,365,834,0
80,965,516,1
81,104,327,0
82,35,527,0
83,667,532,1
84,319,851,0
85,438,703,0
86,682,307,1
87,895,641,1
88,796,469,1
89,465,835,0
90,708,436,1
91,407,902,0
92,91,846,0
93,439,598,0
94,130,377,0
95,425,745,0
96,396,478,0
97,382,354,1
98,589,618,1
99,838,381,1
100,994,341,1
101,234,622,0
102,147,769,0
103,872,947,1
104,619,361,1
105,868,362,1
106,272,827,0
107,107,640,0
108,718,884,0
109,731,144,1
110,886,814,1
111,295,60,1
112,699,576,1
113,647,226,1
114,557,186,1
115,163,126,1
116,406,924,0
117,664,928,0
118,114,354,0
119,75,138,0
120,156,134,1
121,3,825,0
122,812,722,1
123,115,93,1
124,668,744,0
125,845,854,1
126,178,8,1
127,122,149,0
128,31,133,0
129,285,28,1
130,246,716,0
131,728,707,1
132,592,658,0
133,637,824,0
134,956,977,1
135,527,626,0
136,845,479,1
137,706,306,1
138,931,852,1
139,892,575,1
140,987,293,1
141,295,44,1
142,106,698,0
143,159,240,0
144,533,840,0
145,101,530,0
146,500,891,0
147,406,255,1
148,380,364,1
149,726,50,1
150,396,771,0
151,62,470,0
152,648,210,1
153,101,635,0
154,769,325,1
155,530,99,1
156,341,833,0
157,671,279,1
158,818,200,1
159,473,243,1
160,374,502,0
161,316,122,1
162,499,980,0
163,667,871,0
164,830,535,1
165,654,122,1
166,806,635,1
167,412,388,1
168,697,953,0
169,239,111,1
170,482,954,0
171,232,148,1
172,207,839,0
173,15,58,0
174,679,375,1
175,740,288,1
176,633,148,1
177,468,503,1
178,951,866,1
179,611,455,1
180,138,413,0
181,864,100,1
182,335,830,0
183,982,109,1
184,94,593,0
185,94,394,0
186,67,382,0
187,74,383,0
188,541,362,1
189,445,705,0
190,476,826,0
191,278,763,0
192,177,356,0
193,843,805,1
194,837,185,1
195,889,546,1
196,67,883,0
197,514,933,0
198,945,247,1
199,480,256,1
200,449,134,1
201,853,840,1
202,479,398,1
203,541,656,0
204,891,448,1
205,395,984,0
206,790,118,1
207,560,897,0
208,25,307,0
209,795,664,1
210,952,926,1
211,738,165,1
212,606,101,1
213,374,512,0
214,754,314,1
215,837,431,1
216,408,436,1
217,160,533,0
218,706,861,0
219,509,658,0
220,940,795,1
221,567,747,0
222,824,574,1
223,225,886,0
224,782,765,1
225,714,477,1
226,245,909,0
227,129,772,0
228,559,358,1
229,866,8,1
230,334,100,1
231,393,958,0
232,148,727,0
233,715,286,1
234,713,423,1
235,77,658,0
236,254,33,1
237,276,662,0
238,102,686,0
239,667,334,1
240,316,526,0
241,418,734,0
242,598,600,1
243,91,2,1
244,785,212,1
245,1,331,0
246,791,584,1
247,665,955,0
248,460,803,0
249,226,981,0
250,39,553,0
251,369,796,0
252,339,52,1
253,669,846,0
254,36,755,0
255,954,180,1
256,790,170,1
257,657,121,1
258,761,813,1
259,92,100,1
260,954,842,1
261,158,340,0
262,339,74,1
263,969,336,1
264,371,372,1
265,554,664,0
266,752,647,1
267,127,651,0
268,968,897,1
269,352,998,0
270,302,600,0
271,803,885,1
272,594,572,1
273,873,689,1
274,130,864,0
275,295,718,0
276,884,563,1
277,127,352,0
278,582,15,1
279,388,274,1
280,236,477,0
281,317,898,0
282,224,867,0
283,264,132,1
284,464,956,0
285,1000,497,1
286,793,394,1
287,865,804,1
288,634,354,1
289,944,218,1
290,971,780,1
291,528,947,0
292,940,221,1
293,455,105,1
294,586,715,0
295,951,68,1
296,164,380,0
297,48,111,0
298,500,355,1
299,170,819,0
300,952,169,1
301,961,117,1
302,616,324,1
303,969,879,1
304,923,214,1
305,17,176,0
306,98,677,0
307,124,296,0
308,534,546,1
309,642,149,1
310,733,464,1
311,445,171,1
312,231,739,0
313,47,803,0
314,895,643,1
315,433,147,1
316,277,483,0
317,142,878,0
318,192,858,0
319,191,399,0
320,8,446,0
321,23,863,0
322,386,720,0
323,174,617,0
324,157,343,0
325,236,150,1
326,290,508,0
327,683,555,1
328,568,200,1
329,190,555,0
330,725,846,0
331,192,937,0
332,9,680,0
333,69,982,0
334,227,769,0
335,6,555,0
336,935,908,1
337,56,508,0
338,744,600,1
339,603,497,1
340,751,881,0
341,656,330,1
342,61,419,0
343,868,135,1
344,541,109,1
345,738,729,1
346,434,416,1
347,276,705,0
348,1000,91,1
349,337,786,0
350,735,236,1
351,90,645,0
352,626,661,1
353,951,969,1
354,222,713,0
355,359,365,1
356,726,218,1
357,684,412,1
358,579,488,1
359,61,876,0
360,88,327,0
361,445,91,1
362,739,670,1
363,16,542,0
364,376,983,0
365,886,903,1
366,912,360,1
367,440,666,0
368,278,821,0
369,848,436,1
370,282,800,0
371,365,369,1
372,31,983,0
373,787,105,1
374,959,231,1
375,393,837,0
376,974,186,1
377,380,820,0
378,171,763,0
379,441,853,0
380,251,898,0
381,728,744,1
382,368,624,0
383,196,381,0
384,879,72,1
385,495,800,0
386,495,520,1
387,58,304,0
388,333,251,1
389,481,579,0
390,893,37,1
391,621,496,1
392,795,946,0
393,636,272,1
394,47,907,0
395,499,769,0
396,246,998,0
397,27,737,0
398,45,545,0
399,841,763,1
400,441,290,1
401,47,81,0
402,754,902,0
403,217,263,0
404,430,948,0
405,458,703,0
406,65,557,0
407,301,527,0
408,74,867,0
409,687,363,1
410,777,739,1
411,417,480,0
412,837,24,1
413,395,926,0
414,234,86,1
415,532,48,1
416,359,287,1
417,798,644,1
418,974,133,1
419,383,457,0
420,236,221,1
421,746,626,1
422,1000,964,1
423,75,990,0
424,456,961,0
425,226,769,0
426,607,998,0
427,279,587,0
428,500,501,1
429,244,875,0
430,59,795,0
431,488,32,1
432,430,315,1
433,47,531,0
434,839,114,1
435,679,284,1
436,836,338,1
437,709,479,1
438,277,61,1
439,110,739,0
440,649,768,0
441,122,623,0
442,340,345,1
443,498,105,1
444,174,655,0
445,538,28,1
446,293,821,0
447,234,926,0
448,50,986,0
449,662,932,0
450,801,56,1
451,461,914,0
452,226,38,1
453,63,362,0
454,52,724,0
455,168,631,0
456,633,811,0
457,441,24,1
458,253,23,1
459,854,516,1
460,688,3,1
461,473,318,1
462,515,647,0
463,309,750,0
464,719,895,0
465,839,537,1
466,177,195,1
467,79,719,0
468,225,983,0
469,213,743,0
470,18,974,0
471,893,161,1
472,324,320,1
473,477,231,1
474,885,901,1
475,966,305,1
476,150,660,0
477,333,212,1
478,553,893,0
479,590,694,0
480,729,128,1
481,326,384,0
482,330,144,1
483,399,168,1
484,455,135,1
485,305,138,1
486,130,782,0
487,443,939,0
488,629,737,0
489,72,138,0
490,776,118,1
491,502,92,1
492,300,360,0
493,443,82,1
494,140,764,0
495,968,544,1
496,451,55,1
497,71,996,0
498,416,170,1
499,561,369,1
500,54,355,0
501,664,744,0
502,184,977,0
503,499,410,1
504,890,204,1
505,840,308,1
506,970,870,1
507,411,568,0
508,69,26,1
509,237,364,0
510,214,280,0
511,992,257,1
512,570,665,0
513,574,953,0
514,159,653,0
515,386,566,0
516,467,519,0
517,126,811,0
518,936,362,1
519,219,146,1
520,949,11,1
521,255,114,1
522,576,282,1
523,185,649,0
524,863,589,1
525,432,150,1
526,726,619,1
527,625,780,0
528,154,595,0
529,256,820,0
530,300,118,1
531,709,802,0
532,801,199,1
533,975,33,1
534,647,990,0
535,631,534,1
536,90,731,0
537,475,622,0
538,741,821,0
539,147,357,0
540,44,647,0
541,16,460,0
542,317,363,0
543,800,422,1
544,727,927,0
545,399,439,1
546,850,553,1
547,79,538,0
548,14,279,0
549,912,445,1
550,352,111,1
551,834,163,1
552,535,80,1
553,975,46,1
554,573,212,1
555,590,262,1
556,441,482,1
557,818,411,1
558,697,268,1
559,905,531,1
560,476,50,1
561,536,888,0
562,541,304,1
563,676,505,1
564,724,19,1
565,435,563,0
566,263,468,0
567,249,260,1
568,390,102,1
569,430,180,1
570,292,778,0
571,61,441,0
572,57,988,0
573,584,597,1
574,116,161,0
575,415,902,0
576,814,744,1
577,927,962,1
578,434,802,0
579,591,740,0
580,504,759,0
581,149,927,0
582,305,550,0
583,903,222,1
584,756,273,1
585,958,54,1
586,271,691,0
587,613,513,1
588,154,655,0
589,303,728,0
590,69,558,0
591,534,612,0
592,425,156,1
593,720,153,1
594,844,904,1
595,332,967,0
596,982,830,1
597,483,934,0
598,609,723,0
599,585,917,0
600,637,501,1
601,946,679,1
602,601,244,1
603,849,427,1
604,886,704,1
605,852,231,1
606,557,104,1
607,667,873,0
608,313,68,1
609,208,457,0
610,303,136,1
611,40,821,0
612,290,294,1
613,199,610,0
614,963,855,1
615,626,781,0
616,709,821,0
617,246,900,0
618,902,840,1
619,230,147,1
620,258,395,0
621,585,54,1
622,306,138,1
623,26,312,0
624,281,395,0
625,225,950,0
626,487,902,0
627,223,299,0
628,215,938,0
629,342,905,0
630,811,453,1
631,255,561,0
632,655,47,1
633,70,455,0
634,363,844,0
635,639,565,1
636,338,420,0
637,92,90,1
638,823,977,0
639,422,686,0
640,879,980,0
641,720,917,0
642,305,820,0
643,668,861,0
644,698,509,1
645,493,750,0
646,614,721,0
647,171,574,0
648,433,981,0
649,373,29,1
650,19,795,0
651,689,668,1
652,137,479,0
653,463,29,1
654,48,728,0
655,548,198,1
656,661,629,1
657,338,744,0
658,232,993,0
659,596,311,1
660,87,452,0
661,862,933,1
662,703,768,1
663,451,127,1
664,677,253,1
665,57,515,0
666,802,57,1
667,104,156,0
668,700,232,1
669,856,829,1
670,986,819,1
671,87,366,0
672,568,720,0
673,225,5,1
674,992,310,1
675,266,484,0
676,386,579,0
677,831,618,1
678,90,733,0
679,619,345,1
680,335,641,0
681,61,780,0
682,700,667,1
683,374,275,1
684,208,842,0
685,329,916,0
686,440,7,1
687,780,136,1
688,492,770,0
689,634,263,1
690,430,65,1
691,770,432,1
692,502,543,1
693,435,449,1
694,939,308,1
695,694,976,0
696,925,206,1
697,461,20,1
698,278,796,0
699,962,835,1
700,46,603,0
701,624,824,0
702,326,503,0
703,94,496,0
704,972,575,1
705,858,938,1
706,245,478,0
707,466,417,1
708,953,354,1
709,701,471,1
710,527,698,0
711,112,431,0
712,289,968,0
713,869,543,1
714,139,401,0
715,414,473,0
716,381,277,1
717,511,972,0
718,440,472,1
719,610,155,1
720,717,948,0
721,11,602,0
722,401,112,1
723,403,321,1
724,565,888,0
725,67,519,0
726,273,450,0
727,326,867,0
728,408,443,1
729,889,25,1
730,975,613,1
731,863,856,1
732,208,398,0
733,196,708,0
734,859,757,1
735,179,837,0
736,675,35,1
737,451,516,0
738,806,451,1
739,292,428,0
740,470,143,1
741,807,132,1
742,558,193,1
743,572,960,0
744,526,27,1
745,765,495,1
746,207,20,1
747,16,589,0
748,498,576,0
749,474,317,1
750,626,682,1
751,518,58,1
752,98,288,0
753,332,706,0
754,369,643,0
755,327,72,1
756,970,938,1
757,903,996,1
758,200,538,0
759,205,793,0
760,679,68,1
761,437,900,0
762,686,43,1
763,709,844,0
764,72,656,0
765,404,521,0
766,185,212,0
767,742,333,1
768,454,905,0
769,452,178,1
770,621,14,1
771,976,711,1
772,868,613,1
773,806,138,1
774,893,426,1
775,430,315,1
776,615,714,0
777,253,235,1
778,216,845,0
779,659,560,1
780,670,346,1
781,688,70,1
782,269,998,0
783,336,51,1
784,626,673,1
785,286,183,1
786,14,429,0
787,988,237,1
788,439,3,1
789,640,67,1
790,944,916,1
791,74,962,0
792,857,97,1
793,569,834,0
794,617,399,1
795,774,206,1
796,511,338,1
797,145,239,0
798,841,901,1
799,655,15,1
800,963,939,1
801,69,509,0
802,545,270,1
803,278,584,0
804,576,746,0
805,64,553,0
806,398,844,0
807,517,514,1
808,474,604,0
809,470,340,1
810,422,972,0
811,257,922,0
812,833,444,1
813,715,400,1
814,17,412,0
815,568,527,1
816,613,285,1
817,855,16,1
818,937,140,1
819,467,570,0
820,690,988,0
821,220,170,1
822,394,687,0
823,669,862,0
824,862,641,1
825,318,198,1
826,706,233,1
827,145,463,0
828,262,388,0
829,857,341,1
830,209,831,0
831,39,781,0
832,468,721,0
833,71,468,0
834,914,164,1
835,295,575,0
836,259,22,1
837,575,472,1
838,848,936,1
839,275,434,0
840,824,546,1
841,782,234,1
842,849,664,1
843,409,474,0
844,507,854,0
845,953,890,1
846,558,643,0
847,327,285,1
848,579,189,1
849,704,854,0
850,328,745,0
851,741,157,1
852,293,900,0
853,613,713,0
854,612,980,0
855,566,827,0
856,262,948,0
857,690,109,1
858,247,8,1
859,958,78,1
860,435,597,0
861,30,812,0
862,163,772,0
863,300,412,0
864,944,579,1
865,48,832,0
866,376,375,1
867,785,430,1
868,525,747,0
869,130,424,0
870,419,662,0
871,407,21,1
872,730,443,1
873,711,156,1
874,377,954,0
875,499,689,0
876,692,647,1
877,436,949,0
878,956,908,1
879,67,318,0
880,757,464,1
881,714,192,1
882,317,795,0
883,168,342,0
884,167,517,0
885,850,530,1
886,135,770,0
887,573,172,1
888,681,595,1
889,103,970,0
890,386,981,0
891,189,373,0
892,408,790,0
893,615,939,0
894,149,425,0
895,440,294,1
896,39,592,0
897,42,433,0
898,635,17,1
899,214,770,0
900,719,750,1
901,817,809,1
902,31,669,0
903,970,451,1
904,630,24,1
905,407,915,0
906,279,266,1
907,424,606,0
908,692,392,1
909,459,113,1
910,251,839,0
911,54,26,1
912,617,847,0
913,652,247,1
914,406,995,0
915,934,798,1
916,664,12,1
917,459,58,1
918,772,618,1
919,698,223,1
920,119,702,0
921,204,619,0
922,922,807,1
923,838,473,1
924,268,975,0
925,244,139,1
926,545,561,1
927,154,499,0
928,649,273,1
929,388,534,0
930,403,999,0
931,253,934,0
932,328,898,0
933,668,250,1
934,308,14,1
935,666,748,0
936,598,745,0
937,696,383,1
938,945,431,1
939,158,714,0
940,484,528,1
941,254,686,0
942,380,19,1
943,327,64,1
944,89,98,1
945,237,907,0
946,53,553,0
947,822,453,1
948,81,803,0
949,144,980,0
950,18,132,0
951,605,37,1
952,240,61,1
953,480,577,0
954,623,839,0
955,306,701,0
956,879,239,1
957,525,580,0
958,30,306,0
959,18,731,0
960,54,453,0
961,405,544,0
962,433,204,1
963,590,456,1
964,839,21,1
965,979,324,1
966,450,792,0
967,184,479,0
968,897,141,1
969,729,663,1
970,193,546,0
971,718,21,1
972,770,64,1
973,37,994,0
974,781,137,1
975,934,89,1
976,667,464,1
977,119,427,0
978,929,980,1
979,256,794,0
980,376,650,0
981,689,222,1
982,33,823,0
983,871,614,1
984,869,415,1
985,317,140,1
986,154,261,0
987,159,751,0
988,97,79,1
989,434,773,0
990,708,44,1
991,176,941,0
992,318,845,0
993,479,863,0
994,179,670,0
995,721,137,1
996,918,840,1
997,134,86,1
998,961,388,1
999,133,197,0
1000,823,93,1
1001,258,820,0
1002,758,163,1
1003,145,462,0
1004,472,16,1
1005,617,728,0
1006,496,992,0
1007,723,484,1
1008,753,522,1
1009,634,560,1
1010,618,621,1
1011,420,86,1
1012,510,377,1
1013,350,473,0
1014,177,932,0
1015,911,729,1
1016,988,821,1
1017,75,387,0
1018,321,264,1
1019,871,848,1
1020,714,878,0
1021,788,135,1
1022,308,353,0
1023,884,690,1
1024,657,697,1
1025,514,178,1
1026,715,350,1
1027,118,184,0
1028,604,74,1
1029,102,977,0
1030,50,226,0
1031,960,605,1
1032,624,169,1
1033,651,221,1
1034,592,265,1
1035,694,94,1
1036,365,335,1
1037,208,310,0
1038,468,825,0
1039,102,522,0
1040,938,815,1
1041,844,833,1
1042,112,980,0
1043,475,977,0
1044,932,799,1
1045,456,956,0
1046,570,626,1
1047,764,622,1
1048,879,398,1
1049,912,510,1
1050,422,601,0
1051,521,159,1
1052,499,5,1
1053,809,754,1
1054,532,606,0
1055,430,585,0
1056,200,232,0
1057,948,378,1
1058,567,419,1
1059,13,326,0
1060,146,244,0
1061,81,765,0
1062,236,601,0
1063,841,936,0
1064,981,600,1
1065,804,35,1
1066,15,636,0
1067,645,29,1
1068,225,822,0
1069,516,5,1
1070,593,500,1
1071,360,675,0
1072,518,872,0
1073,182,40,1
1074,628,312,1
1075,35,946,0
1076,89,213,0
1077,157,120,1
1078,100,298,0
1079,736,359,1
1080,293,459,0
1081,397,591,0
1082,311,639,0
1083,301,773,0
1084,962,172,1
1085,371,309,1
1086,30,94,0
1087,911,931,1
1088,642,427,1
1089,630,78,1
1090,105,206,0
1091,871,371,1
1092,134,606,0
1093,121,329,0
1094,518,554,1
1095,240,182,1
1096,636,803,0
1097,926,158,1
1098,651,662,1
1099,614,746,0
1100,516,876,0
1101,427,877,0
1102,551,656,0
1103,543,542,1
1104,254,725,0
1105,664,802,0
1106,572,482,1
1107,325,850,0
1108,501,906,0
1109,911,645,1
1110,103,828,0
1111,466,746,0
1112,598,604,1
1113,971,748,1
1114,334,444,0
1115,99,529,0
1116,281,650,0
1117,441,777,0
1118,624,855,0
1119,213,584,0
1120,126,922,0
1121,361,360,1
1122,960,271,1
1123,162,734,0
1124,809,719,1
1125,700,838,0
1126,218,876,0
1127,325,294,1
1128,463,641,0
1129,919,125,1
1130,700,277,1
1131,537,614,0
1132,246,290,0
1133,975,661,1
1134,846,14,1
1135,957,988,1
1136,112,341,0
1137,595,482,1
1138,946,489,1
1139,834,729,1
1140,688,823,0
1141,349,898,0
1142,900,463,1
1143,747,111,1
1144,594,856,0
1145,856,853,1
1146,162,597,0
1147,179,228,0
1148,775,104,1
1149,203,525,0
1150,756,266,1
1151,322,775,0
1152,78,140,0
1153,587,61,1
1154,69,917,0
1155,960,288,1
1156,20,912,0
1157,764,596,1
1158,559,456,1
1159,944,1,1
1160,268,308,0
1161,809,921,0
1162,995,129,1
1163,270,969,0
1164,127,712,0
1165,743,253,1
1166,294,758,0
1167,217,357,0
1168,93,25,1
1169,774,918,0
1170,133,742,0
1171,233,582,0
1172,714,140,1
1173,695,120,1
1174,1,556,0
1175,601,400,1
1176,777,936,0
1177,54,747,0
1178,547,813,0
1179,181,46,1
1180,468,742,0
1181,921,842,1
1182,537,998,0
1183,125,89,1
1184,257,802,0
1185,126,808,0
1186,86,97,1
1187,832,656,1
1188,701,488,1
1189,184,746,0
1190,390,110,1
1191,217,127,1
1192,573,465,1
1193,723,65,1
1194,150,172,0
1195,581,162,1
1196,16,134,0
1197,763,759,1
1198,592,15,1
1199,219,616,0
1200,262,969,0
1201,561,271,1
1202,364,57,1
1203,266,354,0
1204,51,160,0
1205,757,758,1
1206,120,971,0
1207,149,474,0
1208,332,979,0
1209,244,478,0
1210,41,282,0
1211,34,47,0
1212,336,563,0
1213,883,800,1
1214,719,188,1
1215,950,517,1
1216,711,683,1
1217,33,719,0
1218,956,690,1
1219,370,887,0
1220,14,440,0
1221,913,353,1
1222,997,566,1
1223,97,583,0
1224,409,11,1
1225,661,894,0
1226,447,884,0
1227,927,465,1
1228,895,363,1
1229,43,153,0
1230,794,10,1
1231,779,158,1
1232,634,884,0
1233,20,772,0
1234,449,161,1
1235,789,532,1
1236,243,420,0
1237,55,718,0
1238,552,291,1
1239,400,744,0
1240,921,579,1
1241,434,694,0
1242,924,109,1
1243,480,238,1
1244,339,392,0
1245,201,366,0
1246,574,812,0
1247,845,20,1
1248,121,600,0
1249,796,610,1
1250,984,641,1
1251,798,37,1
1252,646,1000,0
1253,621,872,0
1254,837,599,1
1255,318,162,1
1256,512,631,0
1257,655,824,0
1258,509,41,1
1259,434,240,1
1260,734,687,1
1261,288,99,1
1262,542,70,1
1263,17,470,0
1264,736,83,1
1265,751,502,1
1266,3,519,0
1267,482,253,1
1268,891,56,1
1269,158,981,0
1270,657,53,1
1271,880,880,1
1272,746,381,1
1273,800,410,1
1274,637,781,0
1275,113,259,0
1276,605,949,0
1277,523,93,1
1278,38,85,0
1279,530,182,1
1280,53,993,0
1281,735,586,1
1282,40,414,0
1283,436,849,0
1284,69,176,0
1285,437,352,1
1286,695,249,1
1287,602,55,1
1288,890,800,1
1289,249,455,0
1290,304,228,1
1291,984,125,1
1292,404,988,0
1293,656,495,1
1294,11,660,0
1295,469,649,0
1296,730,470,1
1297,858,668,1
1298,763,306,1
1299,825,485,1
1300,897,675,1
1301,576,982,0
1302,419,184,1
1303,479,971,0
1304,622,252,1
1305,454,170,1
1306,50,131,0
1307,724,504,1
1308,174,945,0
1309,954,644,1
1310,64,608,0
1311,965,115,1
1312,301,437,0
1313,666,599,1
1314,758,248,1
1315,725,164,1
1316,131,719,0
1317,298,545,0
1318,122,246,0
1319,20,175,0
1320,712,804,0
1321,595,418,1
1322,352,261,1
1323,480,624,0
1324,657,704,1
1325,901,162,1
1326,185,156,1
1327,759,767,1
1328,384,204,1
1329,365,95,1
1330,231,707,0
1331,819,603,1
1332,223,366,0
1333,279,991,0
1334,862,653,1
1335,28,824,0
1336,157,750,0
1337,108,344,0
1338,317,686,0
1339,513,443,1
1340,63,852,0
1341,52,69,0
1342,938,348,1
1343,719,586,1
1344,959,293,1
1345,830,737,1
1346,265,736,0
1347,919,942,1
1348,377,893,0
1349,914,170,1
1350,773,228,1
1351,20,442,0
1352,176,916,0
1353,702,137,1
1354,845,283,1
1355,458,67,1
1356,813,883,1
1357,357,167,1
1358,464,53,1
1359,776,335,1
1360,720,925,0
1361,953,735,1
1362,521,474,1
1363,894,640,1
1364,660,280,1
1365,705,424,1
1366,267,788,0
1367,23,832,0
1368,951,707,1
1369,427,162,1
1370,204,695,0
1371,320,756,0
1372,535,64,1
1373,171,445,0
1374,814,555,1
1375,414,43,1
1376,829,913,0
1377,729,551,1
1378,849,70,1
1379,588,734,0
1380,813,915,0
1381,303,204,1
1382,434,347,1
1383,82,279,0
1384,284,952,0
1385,56,317,0
1386,791,423,1
1387,14,827,0
1388,728,86,1
1389,850,332,1
1390,816,920,0
1391,223,610,0
1392,819,131,1
1393,492,388,1
1394,527,343,1
1395,516,851,0
1396,408,170,1
1397,104,355,0
1398,168,692,0
1399,848,211,1
1400,4,293,0
1401,402,784,0
1402,289,766,0
1403,953,596,1
1404,989,723,1
1405,926,95,1
1406,203,266,0
1407,220,679,0
1408,78,592,0
1409,477,706,0
1410,166,625,0
1411,778,477,1
1412,57,601,0
1413,224,23,1
1414,768,484,1
1415,398,783,0
1416,994,855,1
1417,51,230,0
1418,551,601,1
1419,404,411,1
1420,546,385,1
1421,915,434,1
1422,210,485,0
1423,971,992,1
1424,642,980,0
1425,424,981,0
1426,539,769,0
1427,100,382,0
1428,675,556,1
1429,131,285,0
1430,511,206,1
1431,856,280,1
1432,444,466,1
1433,288,867,0
1434,59,659,0
1435,892,891,1
1436,59,581,0
1437,765,937,0
1438,329,404,0
1439,528,110,1
1440,818,11,1
1441,273,1,1
1442,489,794,0
1443,451,898,0
1444,35,871,0
1445,829,106,1
1446,871,503,1
1447,465,98,1
1448,4,489,0
1449,782,916,0
1450,99,768,0
1451,853,441,1
1452,788,851,1
1453,176,192,1
1454,292,707,0
1455,30,928,0
1456,59,144,0
1457,4,410,0
1458,348,816,0
1459,549,6,1
1460,133,269,0
1461,362,897,0
1462,950,738,1
1463,61,880,0
1464,647,698,1
1465,807,803,1
1466,226,693,0
1467,202,25,1
1468,264,543,0
1469,264,819,0
1470,800,695,1
1471,914,432,1
1472,537,769,0
1473,461,733,0
1474,32,744,0
1475,358,430,0
1476,197,684,0
1477,742,766,1
1478,496,699,0
1479,937,887,1
1480,137,48,1
1481,945,998,1
1482,205,189,1
1483,455,270,1
1484,980,197,1
1485,745,639,1
1486,648,339,1
1487,831,659,1
1488,744,89,1
1489,856,701,1
1490,218,718,0
1491,409,974,0
1492,991,262,1
1493,253,589,0
1494,943,639,1
1495,513,938,0
1496,198,718,0
1497,550,760,0
1498,359,828,0
1499,1,77,0
1500,44,345,0
1501,519,223,1
1502,80,51,1
1503,586,20,1
1504,555,539,1
1505,185,950,0
1506,677,316,1
1507,651,89,1
1508,686,665,1
1509,420,26,1
1510,537,289,1
1511,48,406,0
1512,649,74,1
1513,108,469,0
1514,812,799,1
1515,628,905,0
1516,36,215,0
1517,423,287,1
1518,596,580,1
1519,670,296,1
1520,376,148,1
1521,508,428,1
1522,637,696,1
1523,408,868,0
1524,567,919,0
1525,941,754,1
1526,281,326,0
1527,458,543,0
1528,239,110,1
1529,357,745,0
1530,720,898,0
1531,907,623,1
1532,592,35,1
1533,267,707,0
1534,689,618,1
1535,280,411,0
1536,281,481,0
1537,85,931,0
1538,470,422,1
1539,402,322,1
1540,190,805,0
1541,405,415,1
1542,972,865,1
1543,228,745,0
1544,92,527,0
1545,191,624,0
1546,280,424,0
1547,835,979,0
1548,187,704,0
1549,216,671,0
1550,386,999,0
1551,468,576,0
1552,763,228,1
1553,248,887,0
1554,701,945,0
1555,896,384,1
1556,247,391,0
1557,24,847,0
1558,892,831,1
1559,778,95,1
1560,852,121,1
1561,548,583,1
1562,23,101,0
1563,975,393,1
1564,946,364,1
1565,746,975,0
1566,259,265,1
1567,476,572,0
1568,841,274,1
1569,257,269,1
1570,581,653,0
1571,516,954,0
1572,829,673,1
1573,626,77,1
1574,167,226,0
1575,111,662,0
1576,91,800,0
1577,506,320,1
1578,353,253,1
1579,803,556,1
1580,945,737,1
1581,478,936,0
1582,705,884,0
1583,31,579,0
1584,169,463,0
1585,652,807,0
1586,42,215,0
1587,866,260,1
1588,581,87,1
1589,784,781,1
1590,609,985,0
1591,440,961,0
1592,228,792,0
1593,828,337,1
1594,498,413,1
1595,317,57,1
1596,355,853,0
1597,702,260,1
1598,743,523,1
1599,879,312,1
1600,165,951,0
1601,237,635,0
1602,921,970,1
1603,887,561,1
1604,475,941,0
1605,956,739,1
1606,164,901,0
1607,976,174,1
1608,84,957,0
1609,414,381,1
1610,927,481,1
1611,486,627,0
1612,918,354,1
1613,191,313,0
1614,809,522,1
1615,400,304,1
1616,610,390,1
1617,561,988,0
1618,445,787,0
1619,807,926,0
1620,363,422,0
1621,252,524,0
1622,438,204,1
1623,404,286,1
1624,927,291,1
1625,43,520,0
1626,419,963,0
1627,277,951,0
1628,604,949,0
1629,478,266,1
1630,52,950,0
1631,639,783,0
1632,380,807,0
1633,82,166,0
1634,866,21,1
1635,789,942,0
1636,337,64,1
1637,554,2,1
1638,290,154,1
1639,167,640,0
1640,281,54,1
1641,537,494,1
1642,490,418,1
1643,452,745,0
1644,834,466,1
1645,933,531,1
1646,802,26,1
1647,176,808,0
1648,62,376,0
1649,725,78,1
1650,484,124,1
1651,61,910,0
1652,200,893,0
1653,491,315,1
1654,861,850,1
1655,142,934,0
1656,933,513,1
1657,155,395,0
1658,993,319,1
1659,111,44,1
1660,196,325,0
1661,321,672,0
1662,497,779,0
1663,774,600,1
1664,886,764,1
1665,879,870,1
1666,816,709,1
1667,149,266,0
1668,229,635,0
1669,844,778,1
1670,673,384,1
1671,125,45,1
1672,816,778,1
1673,301,980,0
1674,659,896,0
1675,611,989,0
1676,941,914,1
1677,687,710,1
1678,589,604,1
1679,38,715,0
1680,822,726,1
1681,370,908,0
1682,729,667,1
1683,694,77,1
1684,876,652,1
1685,551,443,1
1686,572,777,0
1687,886,768,1
1688,622,947,0
1689,579,900,0
1690,468,929,0
1691,395,888,0
1692,747,212,1
1693,825,847,1
1694,144,521,0
1695,323,580,0
1696,763,691,1
1697,651,834,0
1698,91,747,0
1699,166,828,0
1700,41,941,0
1701,922,698,1
1702,385,552,0
1703,272,556,0
1704,291,889,0
1705,209,566,0
1706,552,508,1
1707,436,129,1
1708,560,193,1
1709,333,353,1
1710,88,391,0
1711,714,120,1
1712,296,232,1
1713,607,278,1
1714,907,72,1
1715,25,91,0
1716,288,754,0
1717,271,579,0
1718,309,633,0
1719,509,773,0
1720,699,745,1
1721,626,584,1
1722,796,584,1
1723,178,947,0
1724,753,60,1
1725,350,287,1
1726,480,841,0
1727,366,682,0
1728,75,63,1
1729,48,51,1
1730,556,582,1
1731,658,557,1
1732,644,791,0
1733,524,195,1
1734,131,809,0
1735,929,870,1
1736,105,517,0
1737,908,686,1
1738,803,942,0
1739,976,114,1
1740,193,152,1
1741,527,365,1
1742,901,604,1
1743,804,576,1
1744,838,101,1
1745,172,822,0
1746,522,66,1
1747,782,479,1
1748,682,856,0
1749,652,789,0
1750,767,180,1
1751,945,861,1
1752,394,762,0
1753,674,602,1
1754,913,444,1
1755,858,540,1
1756,214,858,0
1757,582,799,0
1758,945,227,1
1759,175,628,0
1760,510,638,0
1761,421,209,1
1762,41,295,0
1763,312,357,0
1764,718,193,1
1765,554,916,0
1766,157,100,1
1767,969,59,1
1768,706,940,0
1769,113,313,0
1770,347,638,0
1771,781,955,0
1772,314,487,0
1773,125,922,0
1774,698,954,0
1775,332,930,0
1776,711,982,0
1777,369,722,0
1778,254,274,1
1779,701,91,1
1780,531,286,1
1781,244,38,1
1782,194,55,1
1783,716,351,1
1784,173,806,0
1785,835,176,1
1786,932,271,1
1787,981,939,1
1788,410,625,0
1789,842,8,1
1790,20,38,0
1791,406,903,0
1792,44,48,1
1793,874,691,1
1794,556,534,1
1795,97,436,0
1796,135,466,0
1797,821,38,1
1798,121,265,0
1799,847,35,1
1800,918,62,1
1801,613,962,0
1802,720,947,0
1803,805,202,1
1804,354,501,0
1805,888,607,1
1806,529,514,1
1807,154,727,0
1808,99,474,0
1809,630,938,0
1810,47,840,0
1811,206,460,0
1812,428,971,0
1813,640,273,1
1814,838,981,0
1815,5,771,0
1816,107,503,0
1817,187,115,1
1818,187,271,0
1819,122,786,0
1820,110,791,0
1821,467,882,0
1822,39,763,0
1823,315,262,1
1824,166,607,0
1825,744,434,1
1826,828,290,1
1827,43,416,0
1828,719,635,1
1829,91,265,0
1830,637,463,1
1831,251,165,1
1832,606,260,1
1833,841,175,1
1834,618,726,0
1835,503,887,0
1836,905,891,1
1837,614,461,1
1838,569,716,0
1839,222,575,0
1840,138,626,0
1841,579,455,1
1842,982,131,1
1843,482,556,0
1844,892,984,1
1845,41,508,0
1846,771,52,1
1847,60,163,0
1848,51,363,0
1849,331,50,1
1850,16,212,0
1851,505,655,0
1852,224,861,0
1853,287,300,1
1854,404,129,1
1855,535,311,1
1856,715,65,1
1857,61,214,0
1858,929,68,1
1859,183,308,0
1860,510,68,1
1861,62,500,0
1862,747,807,1
1863,196,673,0
1864,120,678,0
1865,709,48,1
1866,17,262,0
1867,203,187,1
1868,591,32,1
1869,897,643,1
1870,898,983,1
1871,521,721,0
1872,972,862,1
1873,529,793,0
1874,945,539,1
1875,383,267,1
1876,443,644,0
1877,270,783,0
1878,105,5,1
1879,857,941,1
1880,607,827,0
1881,852,590,1
1882,569,447,1
1883,882,466,1
1884,82,738,0
1885,136,703,0
1886,161,594,0
1887,760,74,1
1888,578,654,0
1889,691,566,1
1890,107,428,0
1891,454,326,1
1892,477,804,0
1893,533,80,1
1894,810,553,1
1895,797,729,1
1896,606,716,0
1897,586,959,0
1898,261,636,0
1899,385,590,0
1900,444,478,1
1901,912,602,1
1902,244,260,1
1903,506,190,1
1904,441,413,1
1905,254,263,1
1906,218,602,0
1907,279,673,0
1908,881,536,1
1909,111,620,0
1910,641,447,1
1911,268,729,0
1912,63,862,0
1913,228,215,1
1914,120,88,1
1915,213,60,1
1916,370,207,1
1917,853,650,1
1918,152,979,0
1919,352,57,1
1920,357,855,0
1921,896,306,1
1922,882,681,1
1923,455,39,1
1924,122,852,0
1925,848,269,1
1926,442,316,1
1927,643,963,0
1928,158,37,1
1929,367,202,1
1930,711,936,0
1931,225,328,0
1932,248,122,1
1933,699,266,1
1934,120,227,0
1935,920,646,1
1936,610,16,1
1937,724,66,1
1938,431,734,0
1939,137,5,1
1940,182,436,0
1941,204,200,1
1942,962,947,1
1943,901,809,1
1944,529,477,1
1945,589,660,0
1946,404,615,0
1947,314,429,0
1948,770,620,1
1949,22,126,0
1950,8,679,0
1951,550,89,1
1952,291,780,0
1953,838,628,1
1954,646,556,1
1955,586,719,0
1956,375,156,1
1957,247,18,1
1958,123,793,0
1959,695,439,1
1960,306,233,1
1961,627,897,0
1962,597,33,1
1963,404,720,0
1964,92,583,0
1965,538,442,1
1966,796,835,1
1967,357,296,1
1968,797,927,0
1969,106,74,1
1970,626,472,1
1971,949,96,1
1972,658,207,1
1973,261,414,0
1974,555,681,0
1975,741,66,1
1976,710,143,1
1977,446,750,0
1978,341,579,0
1979,530,636,0
1980,129,312,0
1981,43,683,0
1982,825,580,1
1983,898,165,1
1984,340,301,1
1985,260,34,1
1986,344,772,0
1987,982,13,1
1988,555,11,1
1989,538,288,1
1990,478,335,1
1991,730,646,1
1992,401,770,0
1993,224,509,0
1994,145,680,0
1995,64,431,0
1996,238,483,0
1997,293,19,1
1998,618,109,1
1999,544,821,0
2000,172,681,0
