n 1000
c 336668
z 462751
time 0.00
1,876,182,1
2,333,442,1
3,654,944,1
4,626,921,1
5,984,354,1
6,127,728,0
7,80,883,0
8,338,898,0
9,981,819,1
10,905,192,1
11,765,130,1
12,153,305,1
13,777,626,1
14,840,850,1
15,557,307,1
16,50,571,0
17,996,539,1
18,96,86,1
19,721,983,1
20,736,612,1
21,200,91,1
22,245,942,0
23,610,82,1
24,206,813,0
25,463,403,1
26,533,998,1
27,14,1000,0
28,838,822,1
29,992,252,1
30,783,373,1
31,307,656,0
32,158,602,0
33,946,338,1
34,341,659,1
35,570,482,1
36,715,311,1
37,943,34,1
38,701,435,1
39,581,98,1
40,498,589,1
41,554,685,1
42,924,256,1
43,48,716,0
44,601,716,1
45,521,725,1
46,617,273,1
47,75,192,0
48,779,64,1
49,35,821,0
50,144,886,0
51,885,197,1
52,593,254,1
53,649,403,1
54,771,58,1
55,266,455,1
56,856,710,1
57,41,247,0
58,522,65,1
59,718,130,1
60,153,192,1
61,38,715,0
62,156,129,1
63,624,542,1
64,508,953,1
65,809,570,1
66,483,434,1
67,471,307,1
68,172,725,0
69,35,802,0
70,308,520,1
71,135,828,0
72,909,588,1
73,583,228,1
74,484,69,1
75,693,174,1
76,264,503,1
77,316,73,1
78,819,201,1
79,358,479,1
80,62,201,0
81,57,140,0
82,252,284,1
83,428,465,1
84,384,280,1
85,7,180,0
86,187,224,1
87,136,998,0
88,485,650,1
89,146,40,1
90,845,449,1
91,568,307,1
92,828,203,1
93,840,219,1
94,635,534,1
95,226,790,0
96,405,899,0
97,663,591,1
98,574,31,1
99,783,498,1
100,523,554,1
101,315,675,0
102,188,566,0
103,193,144,1
104,220,334,1
105,973,583,1
106,929,872,1
107,492,813,1
108,887,961,1
109,812,253,1
110,215,891,0
111,280,225,1
112,292,989,0
113,792,783,1
114,350,63,1
115,308,875,0
116,991,633,1
117,441,813,1
118,3,495,0
119,580,367,1
120,29,339,0
121,380,86,1
122,765,527,1
123,92,954,0
124,749,597,1
125,342,803,0
126,843,165,1
127,603,626,1
128,592,954,1
129,110,817,0
130,927,377,1
131,569,360,1
132,697,351,1
133,406,749,1
134,973,934,1
135,512,959,1
136,734,156,1
137,91,463,0
138,724,649,1
139,621,332,1
140,116,746,0
141,960,305,1
142,723,447,1
143,544,269,1
144,206,981,0
145,510,759,1
146,237,152,1
147,543,892,1
148,149,345,0
149,295,807,0
150,301,360,1
151,823,899,1
152,489,31,1
153,870,8,1
154,58,186,0
155,123,640,0
156,358,814,0
157,24,316,0
158,211,629,0
159,18,96,0
160,279,539,1
161,461,279,1
162,356,433,1
163,500,364,1
164,191,852,0
165,855,959,1
166,999,944,1
167,645,401,1
168,778,302,1
169,568,116,1
170,251,15,1
171,153,209,1
172,168,956,0
173,800,367,1
174,280,188,1
175,709,605,1
176,562,121,1
177,149,988,0
178,696,863,1
179,444,44,1
180,611,786,1
181,305,465,1
182,904,851,1
183,295,674,0
184,807,902,1
185,63,175,0
186,84,827,0
187,299,292,1
188,470,943,1
189,86,390,0
190,597,271,1
191,47,424,0
192,810,233,1
193,668,562,1
194,398,766,1
195,146,175,1
196,220,40,1
197,387,642,1
198,882,804,1
199,145,101,1
200,450,107,1
201,902,493,1
202,696,795,1
203,14,557,0
204,236,765,0
205,156,37,1
206,263,619,0
207,777,358,1
208,682,24,1
209,636,109,1
210,873,451,1
211,11,762,0
212,511,2,1
213,263,493,1
214,651,47,1
215,302,324,1
216,17,441,0
217,193,498,0
218,771,34,1
219,598,143,1
220,437,48,1
221,600,384,1
222,217,11,1
223,562,811,1
224,175,210,1
225,515,426,1
226,790,690,1
227,338,529,1
228,248,587,0
229,499,525,1
230,895,97,1
231,330,691,1
232,861,964,1
233,964,923,1
234,74,140,1
235,30,103,0
236,271,630,0
237,189,603,0
238,471,675,1
239,276,875,0
240,765,763,1
241,947,443,1
242,559,885,1
243,588,7,1
244,706,201,1
245,114,264,0
246,936,13,1
247,834,920,1
248,405,992,0
249,299,498,1
250,48,158,0
251,770,233,1
252,444,593,1
253,574,891,1
254,381,280,1
255,627,257,1
256,271,71,1
257,314,214,1
258,266,362,1
259,821,617,1
260,779,503,1
261,191,521,0
262,364,111,1
263,618,917,1
264,412,737,1
265,595,805,1
266,825,988,1
267,704,512,1
268,273,102,1
269,321,67,1
270,727,349,1
271,724,522,1
272,195,505,0
273,202,438,0
274,99,229,0
275,192,171,1
276,261,568,0
277,384,845,0
278,911,476,1
279,117,15,1
280,429,322,1
281,814,519,1
282,945,928,1
283,641,65,1
284,545,297,1
285,225,206,1
286,906,687,1
287,770,353,1
288,419,759,1
289,977,471,1
290,868,697,1
291,385,552,1
292,357,338,1
293,968,134,1
294,283,40,1
295,760,361,1
296,565,777,1
297,585,164,1
298,781,536,1
299,379,784,1
300,897,854,1
301,858,58,1
302,745,689,1
303,954,4,1
304,980,883,1
305,490,45,1
306,91,234,0
307,989,933,1
308,663,215,1
309,515,434,1
310,550,645,1
311,894,592,1
312,352,400,1
313,464,968,0
314,24,744,0
315,666,936,1
316,438,32,1
317,159,603,0
318,81,423,0
319,408,116,1
320,609,859,1
321,128,652,0
322,155,45,1
323,159,574,0
324,478,364,1
325,509,131,1
326,827,721,1
327,700,384,1
328,833,813,1
329,335,464,1
330,934,347,1
331,609,214,1
332,570,613,1
333,790,283,1
334,548,782,1
335,231,48,1
336,344,161,1
337,953,993,1
338,881,845,1
339,692,46,1
340,840,286,1
341,409,911,0
342,574,360,1
343,501,748,1
344,38,322,0
345,979,710,1
346,243,109,1
347,461,230,1
348,25,504,0
349,290,679,0
350,544,401,1
351,771,306,1
352,203,746,0
353,816,382,1
354,743,982,1
355,512,338,1
356,471,311,1
357,197,129,1
358,436,245,1
359,990,617,1
360,137,676,0
361,70,688,0
362,172,235,1
363,785,155,1
364,617,828,1
365,999,556,1
366,401,173,1
367,561,727,1
368,231,962,0
369,33,41,1
370,731,725,1
371,326,198,1
372,736,268,1
373,236,462,1
374,744,972,1
375,978,706,1
376,119,23,1
377,109,129,1
378,156,160,1
379,890,106,1
380,604,671,1
381,433,757,1
382,377,949,0
383,677,546,1
384,480,301,1
385,688,933,1
386,48,301,0
387,811,597,1
388,878,656,1
389,506,32,1
390,566,642,1
391,766,781,1
392,316,831,0
393,21,925,0
394,576,248,1
395,924,558,1
396,559,315,1
397,420,126,1
398,814,246,1
399,994,432,1
400,74,431,0
401,672,374,1
402,83,235,0
403,90,84,1
404,671,921,1
405,915,940,1
406,362,194,1
407,206,676,0
408,851,736,1
409,328,400,1
410,10,272,0
411,658,29,1
412,366,253,1
413,692,459,1
414,211,955,0
415,925,357,1
416,680,588,1
417,175,657,0
418,591,138,1
419,208,662,0
420,165,898,0
421,107,495,0
422,945,73,1
423,748,3,1
424,313,166,1
425,115,678,0
426,328,387,1
427,936,616,1
428,13,394,0
429,181,592,0
430,60,592,0
431,289,725,0
432,175,728,0
433,144,88,1
434,16,23,1
435,896,801,1
436,685,231,1
437,630,972,1
438,286,338,1
439,711,744,1
440,866,357,1
441,859,620,1
442,117,6,1
443,627,278,1
444,407,332,1
445,587,577,1
446,198,146,1
447,779,395,1
448,83,447,0
449,311,697,0
450,914,437,1
451,222,23,1
452,979,315,1
453,80,247,0
454,389,697,1
455,281,164,1
456,402,456,1
457,986,981,1
458,190,700,0
459,831,609,1
460,505,824,1
461,538,643,1
462,836,628,1
463,798,611,1
464,600,308,1
465,728,998,1
466,922,936,1
467,760,980,1
468,314,748,0
469,254,844,0
470,603,339,1
471,870,502,1
472,205,301,1
473,254,660,0
474,430,946,0
475,591,950,1
476,999,321,1
477,966,777,1
478,482,114,1
479,655,771,1
480,58,645,0
481,271,133,1
482,771,789,1
483,352,461,1
484,976,764,1
485,146,615,0
486,643,331,1
487,564,40,1
488,358,574,1
489,481,119,1
490,825,883,1
491,455,297,1
492,613,709,1
493,892,503,1
494,357,545,1
495,17,149,0
496,84,708,0
497,8,361,0
498,497,143,1
499,570,414,1
500,519,720,1
501,329,77,1
502,521,230,1
503,780,175,1
504,483,233,1
505,9,473,0
506,379,875,0
507,708,701,1
508,774,751,1
509,310,41,1
510,399,661,1
511,425,470,1
512,19,646,0
513,775,630,1
514,160,242,1
515,827,315,1
516,612,972,1
517,103,80,1
518,369,847,0
519,516,415,1
520,454,72,1
521,200,279,1
522,913,903,1
523,634,774,1
524,488,554,1
525,897,899,1
526,255,640,0
527,234,785,0
528,451,184,1
529,729,153,1
530,589,107,1
531,950,15,1
532,986,556,1
533,264,846,0
534,576,931,1
535,800,715,1
536,155,96,1
537,852,67,1
538,390,570,1
539,508,162,1
540,229,116,1
541,57,793,0
542,478,696,1
543,577,731,1
544,120,180,1
545,400,348,1
546,43,854,0
547,344,711,1
548,791,748,1
549,537,626,1
550,113,300,0
551,835,456,1
552,104,733,0
553,888,795,1
554,894,721,1
555,975,691,1
556,282,103,1
557,899,520,1
558,90,849,0
559,202,672,0
560,645,727,1
561,969,261,1
562,958,885,1
563,93,558,0
564,181,832,0
565,196,80,1
566,936,601,1
567,546,753,1
568,215,723,0
569,887,985,1
570,77,23,1
571,446,270,1
572,26,73,0
573,793,930,1
574,461,118,1
575,992,347,1
576,567,941,1
577,856,823,1
578,203,23,1
579,56,945,0
580,129,508,0
581,430,820,1
582,818,859,1
583,32,3,1
584,445,870,1
585,327,971,0
586,200,32,1
587,886,390,1
588,795,164,1
589,272,677,0
590,366,195,1
591,423,57,1
592,266,585,0
593,769,350,1
594,709,741,1
595,261,228,1
596,767,987,1
597,60,299,0
598,842,904,1
599,850,522,1
600,870,634,1
601,763,108,1
602,346,353,1
603,378,800,0
604,327,525,1
605,101,708,0
606,134,829,0
607,276,870,0
608,138,337,0
609,129,294,0
610,432,925,0
611,825,10,1
612,835,955,1
613,992,583,1
614,908,404,1
615,315,66,1
616,342,994,0
617,23,457,0
618,639,277,1
619,911,840,1
620,963,624,1
621,738,475,1
622,35,151,0
623,595,605,1
624,890,344,1
625,186,467,0
626,872,803,1
627,40,480,0
628,240,695,0
629,575,590,1
630,732,890,1
631,984,38,1
632,120,932,0
633,343,660,1
634,820,393,1
635,56,466,0
636,619,993,1
637,925,951,1
638,168,494,0
639,775,435,1
640,728,609,1
641,577,170,1
642,626,913,1
643,933,626,1
644,443,786,1
645,502,499,1
646,743,278,1
647,804,635,1
648,602,50,1
649,566,234,1
650,636,800,1
651,866,9,1
652,554,452,1
653,768,298,1
654,225,317,1
655,957,315,1
656,726,730,1
657,387,789,1
658,609,502,1
659,69,764,0
660,824,785,1
661,143,682,0
662,752,669,1
663,444,84,1
664,966,410,1
665,586,536,1
666,243,294,1
667,313,89,1
668,221,765,0
669,841,466,1
670,771,328,1
671,376,795,0
672,41,805,0
673,306,826,0
674,441,883,1
675,211,113,1
676,819,600,1
677,256,111,1
678,411,122,1
679,884,710,1
680,104,854,0
681,790,177,1
682,901,680,1
683,295,264,1
684,665,831,1
685,778,561,1
686,569,900,1
687,373,485,1
688,645,407,1
689,235,404,1
690,671,814,1
691,59,501,0
692,927,204,1
693,652,278,1
694,572,585,1
695,351,333,1
696,46,139,0
697,158,81,1
698,255,529,1
699,787,472,1
700,887,256,1
701,1,725,0
702,359,732,1
703,935,317,1
704,613,668,1
705,627,487,1
706,806,499,1
707,35,190,0
708,66,263,0
709,590,300,1
710,64,95,1
711,649,828,1
712,138,909,0
713,14,212,0
714,148,126,1
715,599,926,1
716,886,98,1
717,416,969,0
718,865,221,1
719,859,872,1
720,238,17,1
721,860,471,1
722,778,173,1
723,356,694,1
724,862,941,1
725,900,420,1
726,258,367,1
727,55,96,1
728,489,992,1
729,426,886,1
730,264,266,1
731,640,37,1
732,537,171,1
733,173,513,0
734,492,962,1
735,20,434,0
736,268,848,0
737,364,369,1
738,215,624,0
739,765,617,1
740,111,156,1
741,704,513,1
742,295,774,0
743,29,429,0
744,759,264,1
745,614,52,1
746,824,777,1
747,497,842,1
748,795,941,1
749,819,442,1
750,123,367,0
751,319,7,1
752,507,493,1
753,413,591,1
754,554,528,1
755,536,781,1
756,179,575,0
757,936,585,1
758,913,7,1
759,14,270,0
760,968,1,1
761,598,857,1
762,287,304,1
763,694,225,1
764,329,445,1
765,917,966,1
766,202,121,1
767,807,578,1
768,783,958,1
769,493,215,1
770,662,835,1
771,377,876,0
772,93,18,1
773,455,911,1
774,182,719,0
775,703,800,1
776,952,799,1
777,558,832,1
778,817,514,1
779,388,117,1
780,183,863,0
781,129,195,1
782,158,579,0
783,417,232,1
784,739,174,1
785,815,140,1
786,431,794,1
787,733,306,1
788,808,784,1
789,249,880,0
790,481,905,1
791,627,319,1
792,722,518,1
793,842,775,1
794,106,220,1
795,87,963,0
796,576,639,1
797,98,860,0
798,866,474,1
799,1000,156,1
800,700,560,1
801,862,378,1
802,106,619,0
803,375,37,1
804,649,903,1
805,353,830,0
806,199,729,0
807,862,511,1
808,403,17,1
809,687,369,1
810,959,753,1
811,698,455,1
812,314,617,1
813,636,901,1
814,754,969,1
815,137,316,0
816,190,402,0
817,336,405,1
818,410,673,1
819,124,311,0
820,619,193,1
821,333,423,1
822,811,868,1
823,878,987,1
824,439,990,0
825,655,139,1
826,587,182,1
827,770,236,1
828,343,537,1
829,178,122,1
830,354,556,1
831,496,498,1
832,933,46,1
833,120,177,1
834,579,769,1
835,840,212,1
836,948,307,1
837,240,341,1
838,785,997,1
839,492,343,1
840,601,103,1
841,479,567,1
842,202,317,1
843,946,119,1
844,444,83,1
845,2,535,0
846,735,840,1
847,16,138,0
848,972,50,1
849,169,803,0
850,81,630,0
851,22,930,0
852,446,881,1
853,302,894,0
854,925,673,1
855,55,864,0
856,807,593,1
857,803,658,1
858,544,565,1
859,151,27,1
860,772,882,1
861,23,185,0
862,380,905,0
863,533,465,1
864,401,904,0
865,497,397,1
866,833,348,1
867,978,195,1
868,806,960,1
869,107,949,0
870,428,131,1
871,8,202,0
872,787,944,1
873,568,257,1
874,594,207,1
875,676,102,1
876,253,228,1
877,637,10,1
878,5,233,0
879,340,123,1
880,966,5,1
881,187,837,0
882,974,600,1
883,177,499,0
884,360,346,1
885,683,47,1
886,728,295,1
887,214,465,0
888,218,240,1
889,112,919,0
890,403,242,1
891,366,474,1
892,921,43,1
893,848,488,1
894,174,510,0
895,537,171,1
896,344,317,1
897,915,286,1
898,620,262,1
899,239,895,0
900,776,411,1
901,186,622,0
902,64,186,0
903,419,464,1
904,759,253,1
905,160,432,0
906,40,407,0
907,409,259,1
908,429,813,1
909,508,310,1
910,92,956,0
911,503,47,1
912,882,164,1
913,741,436,1
914,991,80,1
915,519,979,1
916,569,833,1
917,908,647,1
918,989,703,1
919,19,76,0
920,144,35,1
921,989,296,1
922,187,132,1
923,335,222,1
924,261,868,0
925,365,544,1
926,954,262,1
927,683,768,1
928,306,310,1
929,349,763,0
930,756,156,1
931,742,699,1
932,849,599,1
933,357,959,0
934,629,515,1
935,675,113,1
936,119,118,1
937,545,500,1
938,802,716,1
939,927,951,1
940,925,229,1
941,871,835,1
942,69,120,1
943,672,701,1
944,298,743,0
945,78,848,0
946,342,366,1
947,519,346,1
948,578,128,1
949,769,649,1
950,515,153,1
951,734,10,1
952,665,402,1
953,681,846,1
954,240,204,1
955,971,58,1
956,984,396,1
957,798,969,1
958,535,815,1
959,27,96,0
960,807,522,1
961,646,5,1
962,338,353,1
963,511,429,1
964,720,722,1
965,116,513,0
966,635,269,1
967,177,916,0
968,194,706,0
969,930,100,1
970,626,495,1
971,519,298,1
972,531,973,1
973,262,63,1
974,862,590,1
975,23,118,0
976,300,797,0
977,192,40,1
978,98,113,1
979,993,79,1
980,553,415,1
981,954,603,1
982,778,156,1
983,944,467,1
984,374,68,1
985,334,105,1
986,803,906,1
987,760,548,1
988,34,316,0
989,851,778,1
990,213,433,1
991,137,778,0
992,559,122,1
993,832,68,1
994,628,35,1
995,786,230,1
996,263,573,0
997,991,963,1
998,898,481,1
999,782,386,1
1000,48,234,0
