n 2000
c 864686
z 990405
time 0.00
1,109,395,1
2,774,239,1
3,143,261,1
4,67,54,1
5,473,567,1
6,216,349,1
7,385,1000,1
8,851,807,1
9,126,720,0
10,146,277,1
11,598,159,1
12,266,558,1
13,578,743,1
14,921,255,1
15,406,816,1
16,547,240,1
17,717,408,1
18,241,347,1
19,322,36,1
20,393,449,1
21,793,280,1
22,142,627,1
23,147,399,1
24,719,354,1
25,832,904,1
26,902,195,1
27,239,933,1
28,191,947,1
29,609,913,1
30,816,66,1
31,644,933,1
32,591,487,1
33,179,255,1
34,486,480,1
35,419,655,1
36,76,188,1
37,624,95,1
38,910,712,1
39,254,335,1
40,955,842,1
41,147,962,0
42,709,493,1
43,441,721,1
44,330,785,1
45,698,890,1
46,162,54,1
47,788,581,1
48,364,37,1
49,852,242,1
50,817,435,1
51,318,762,1
52,514,915,1
53,610,504,1
54,156,463,1
55,811,956,1
56,817,275,1
57,986,476,1
58,147,158,1
59,335,551,1
60,258,205,1
61,159,960,0
62,685,974,1
63,865,763,1
64,333,222,1
65,82,183,1
66,604,583,1
67,776,648,1
68,981,306,1
69,540,71,1
70,253,877,1
71,632,953,1
72,710,161,1
73,592,809,1
74,317,354,1
75,974,459,1
76,473,668,1
77,861,222,1
78,524,190,1
79,703,204,1
80,487,886,1
81,970,201,1
82,941,945,1
83,357,766,1
84,633,237,1
85,792,281,1
86,644,277,1
87,817,699,1
88,342,359,1
89,563,581,1
90,654,118,1
91,737,992,1
92,349,808,1
93,841,624,1
94,884,483,1
95,75,219,1
96,926,368,1
97,168,612,1
98,847,436,1
99,656,23,1
100,852,999,1
101,748,496,1
102,541,611,1
103,546,245,1
104,389,371,1
105,46,236,1
106,634,253,1
107,125,506,1
108,216,174,1
109,661,778,1
110,8,336,0
111,369,126,1
112,997,138,1
113,713,348,1
114,39,340,0
115,413,192,1
116,232,262,1
117,274,690,1
118,820,660,1
119,805,548,1
120,502,832,1
121,901,123,1
122,6,12,1
123,813,911,1
124,830,578,1
125,543,104,1
126,620,234,1
127,460,263,1
128,913,783,1
129,599,678,1
130,24,886,0
131,730,381,1
132,330,780,1
133,287,802,1
134,166,811,1
135,977,388,1
136,807,913,1
137,260,556,1
138,501,326,1
139,910,441,1
140,389,743,1
141,641,758,1
142,468,900,1
143,945,330,1
144,375,634,1
145,855,708,1
146,758,117,1
147,816,153,1
148,702,982,1
149,520,516,1
150,230,637,1
151,520,808,1
152,162,116,1
153,751,565,1
154,651,119,1
155,828,349,1
156,623,331,1
157,689,705,1
158,908,842,1
159,739,381,1
160,136,880,0
161,542,836,1
162,93,870,0
163,333,601,1
164,808,937,1
165,824,852,1
166,576,685,1
167,702,422,1
168,859,259,1
169,897,561,1
170,620,228,1
171,890,214,1
172,985,201,1
173,489,108,1
174,777,673,1
175,38,250,0
176,715,14,1
177,894,625,1
178,25,564,0
179,189,529,1
180,100,319,1
181,34,694,0
182,105,128,1
183,672,471,1
184,776,851,1
185,296,876,1
186,325,640,1
187,612,113,1
188,319,292,1
189,775,867,1
190,246,12,1
191,536,237,1
192,387,878,1
193,157,39,1
194,439,931,1
195,403,996,1
196,509,61,1
197,908,671,1
198,147,625,1
199,850,946,1
200,859,912,1
201,783,98,1
202,201,992,1
203,479,522,1
204,325,154,1
205,269,234,1
206,544,112,1
207,698,747,1
208,787,885,1
209,261,754,1
210,538,912,1
211,844,455,1
212,160,575,1
213,80,618,0
214,44,44,1
215,791,433,1
216,298,46,1
217,802,863,1
218,276,607,1
219,631,316,1
220,102,549,0
221,465,109,1
222,730,80,1
223,419,768,1
224,344,647,1
225,84,119,1
226,647,303,1
227,379,6,1
228,849,376,1
229,100,266,1
230,560,102,1
231,667,152,1
232,782,25,1
233,525,392,1
234,875,865,1
235,991,564,1
236,840,787,1
237,142,880,0
238,504,864,1
239,557,608,1
240,422,664,1
241,140,544,1
242,936,402,1
243,141,540,1
244,395,510,1
245,19,941,0
246,553,690,1
247,443,29,1
248,878,861,1
249,636,239,1
250,105,523,1
251,771,118,1
252,933,350,1
253,63,184,1
254,958,485,1
255,260,470,1
256,592,780,1
257,139,491,1
258,651,415,1
259,318,174,1
260,988,500,1
261,168,534,1
262,253,588,1
263,795,754,1
264,949,390,1
265,644,738,1
266,162,881,0
267,65,885,0
268,306,435,1
269,66,560,0
270,416,690,1
271,533,991,1
272,804,158,1
273,155,755,1
274,356,370,1
275,57,936,0
276,526,917,1
277,201,362,1
278,192,329,1
279,78,76,1
280,542,935,1
281,319,948,1
282,514,565,1
283,346,254,1
284,698,142,1
285,26,491,0
286,979,548,1
287,283,966,1
288,548,212,1
289,442,716,1
290,637,214,1
291,378,613,1
292,70,535,0
293,441,315,1
294,628,517,1
295,209,246,1
296,334,766,1
297,962,57,1
298,214,389,1
299,884,309,1
300,858,795,1
301,347,359,1
302,578,294,1
303,507,689,1
304,277,344,1
305,603,114,1
306,948,543,1
307,70,266,1
308,288,516,1
309,780,63,1
310,343,706,1
311,367,877,1
312,769,349,1
313,553,589,1
314,89,229,1
315,651,197,1
316,519,229,1
317,960,464,1
318,18,172,0
319,305,417,1
320,594,520,1
321,529,377,1
322,12,618,0
323,296,267,1
324,247,361,1
325,366,656,1
326,620,262,1
327,429,605,1
328,666,754,1
329,560,709,1
330,343,48,1
331,490,659,1
332,403,82,1
333,919,144,1
334,597,475,1
335,496,517,1
336,809,126,1
337,186,70,1
338,850,490,1
339,909,987,1
340,265,299,1
341,482,260,1
342,839,845,1
343,870,737,1
344,287,71,1
345,100,627,0
346,460,466,1
347,790,155,1
348,426,45,1
349,667,508,1
350,945,630,1
351,660,23,1
352,724,71,1
353,545,411,1
354,240,827,1
355,105,791,0
356,800,612,1
357,742,806,1
358,77,746,0
359,583,726,1
360,786,353,1
361,47,869,0
362,813,824,1
363,58,168,1
364,42,417,0
365,256,833,1
366,674,194,1
367,258,340,1
368,680,175,1
369,498,102,1
370,876,498,1
371,263,139,1
372,57,361,0
373,245,419,1
374,201,689,1
375,499,847,1
376,944,500,1
377,446,638,1
378,501,269,1
379,411,167,1
380,901,980,1
381,962,106,1
382,482,962,1
383,862,847,1
384,369,90,1
385,753,218,1
386,233,610,1
387,836,642,1
388,575,669,1
389,515,5,1
390,919,239,1
391,735,946,1
392,397,196,1
393,982,226,1
394,673,861,1
395,149,611,1
396,776,752,1
397,589,539,1
398,255,787,1
399,891,637,1
400,419,572,1
401,41,467,0
402,964,200,1
403,939,473,1
404,584,70,1
405,756,377,1
406,491,431,1
407,767,329,1
408,916,37,1
409,41,693,0
410,483,53,1
411,411,874,1
412,559,834,1
413,189,336,1
414,492,768,1
415,462,442,1
416,105,633,0
417,88,166,1
418,360,23,1
419,305,483,1
420,342,935,1
421,772,540,1
422,930,86,1
423,125,304,1
424,954,987,1
425,28,827,0
426,481,960,1
427,457,653,1
428,350,783,1
429,286,965,1
430,493,613,1
431,554,58,1
432,16,525,0
433,593,629,1
434,41,868,0
435,513,30,1
436,542,964,1
437,671,745,1
438,623,623,1
439,720,885,1
440,995,98,1
441,844,785,1
442,390,235,1
443,436,83,1
444,976,417,1
445,516,798,1
446,711,487,1
447,476,312,1
448,252,532,1
449,440,822,1
450,659,338,1
451,991,804,1
452,700,296,1
453,65,124,1
454,686,686,1
455,26,297,0
456,3,669,0
457,147,602,1
458,967,969,1
459,480,862,1
460,418,701,1
461,603,960,1
462,373,449,1
463,703,752,1
464,929,481,1
465,641,827,1
466,995,677,1
467,369,201,1
468,67,201,1
469,279,793,1
470,796,736,1
471,959,371,1
472,142,914,0
473,87,33,1
474,847,495,1
475,120,67,1
476,200,222,1
477,31,318,0
478,867,719,1
479,368,656,1
480,219,250,1
481,840,986,1
482,84,418,1
483,57,90,1
484,961,865,1
485,235,68,1
486,396,40,1
487,213,965,1
488,831,931,1
489,570,732,1
490,522,32,1
491,904,766,1
492,686,690,1
493,181,204,1
494,46,550,0
495,178,514,1
496,285,265,1
497,625,38,1
498,370,364,1
499,651,427,1
500,128,229,1
501,242,970,1
502,682,987,1
503,213,628,1
504,836,670,1
505,298,934,1
506,308,712,1
507,461,10,1
508,47,916,0
509,511,334,1
510,584,330,1
511,114,195,1
512,868,187,1
513,864,691,1
514,129,935,0
515,44,680,0
516,533,921,1
517,496,133,1
518,426,556,1
519,829,4,1
520,983,845,1
521,281,948,1
522,794,564,1
523,339,691,1
524,137,335,1
525,970,936,1
526,376,869,1
527,723,878,1
528,300,181,1
529,498,254,1
530,158,368,1
531,351,972,1
532,11,417,0
533,89,843,0
534,169,536,1
535,713,168,1
536,452,421,1
537,533,392,1
538,167,167,1
539,125,719,0
540,438,313,1
541,338,782,1
542,975,941,1
543,898,960,1
544,985,121,1
545,297,873,1
546,900,571,1
547,665,52,1
548,272,529,1
549,906,991,1
550,786,825,1
551,148,901,0
552,681,362,1
553,649,184,1
554,895,974,1
555,584,760,1
556,699,460,1
557,908,301,1
558,859,406,1
559,491,141,1
560,254,508,1
561,842,490,1
562,23,722,0
563,622,963,1
564,838,245,1
565,77,565,0
566,593,726,1
567,651,942,1
568,496,224,1
569,984,142,1
570,766,948,1
571,703,307,1
572,515,910,1
573,42,663,0
574,14,459,0
575,353,832,1
576,224,738,1
577,705,380,1
578,84,348,1
579,385,558,1
580,450,9,1
581,215,137,1
582,827,552,1
583,609,56,1
584,982,611,1
585,896,584,1
586,633,461,1
587,535,899,1
588,948,305,1
589,17,418,0
590,935,896,1
591,32,286,0
592,195,190,1
593,258,427,1
594,862,962,1
595,390,937,1
596,224,56,1
597,909,696,1
598,547,757,1
599,83,95,1
600,391,63,1
601,628,17,1
602,331,622,1
603,595,725,1
604,568,634,1
605,502,393,1
606,127,202,1
607,837,803,1
608,699,438,1
609,282,283,1
610,265,714,1
611,26,135,1
612,580,672,1
613,401,828,1
614,733,505,1
615,940,743,1
616,615,919,1
617,504,398,1
618,784,858,1
619,520,197,1
620,4,133,0
621,259,200,1
622,788,172,1
623,444,418,1
624,683,157,1
625,307,536,1
626,553,840,1
627,905,53,1
628,969,428,1
629,424,603,1
630,933,215,1
631,857,907,1
632,705,505,1
633,360,785,1
634,453,174,1
635,281,919,1
636,916,438,1
637,902,604,1
638,513,491,1
639,744,800,1
640,49,454,0
641,594,951,1
642,539,350,1
643,534,615,1
644,148,119,1
645,863,632,1
646,272,915,1
647,541,272,1
648,307,751,1
649,799,799,1
650,149,661,1
651,195,854,1
652,411,697,1
653,753,191,1
654,834,546,1
655,70,328,1
656,671,71,1
657,364,10,1
658,106,59,1
659,766,761,1
660,249,798,1
661,440,647,1
662,9,450,0
663,693,777,1
664,303,271,1
665,523,533,1
666,604,499,1
667,842,182,1
668,950,690,1
669,466,263,1
670,668,957,1
671,713,312,1
672,18,826,0
673,899,887,1
674,354,72,1
675,756,262,1
676,620,501,1
677,17,372,0
678,644,255,1
679,21,499,0
680,449,91,1
681,591,910,1
682,758,749,1
683,592,709,1
684,42,908,0
685,507,262,1
686,938,937,1
687,174,698,1
688,774,644,1
689,148,361,1
690,768,571,1
691,700,482,1
692,128,665,1
693,317,219,1
694,149,638,1
695,640,290,1
696,391,488,1
697,111,854,0
698,744,574,1
699,996,549,1
700,608,533,1
701,938,298,1
702,296,361,1
703,1000,794,1
704,534,641,1
705,68,684,0
706,895,168,1
707,676,851,1
708,459,644,1
709,967,265,1
710,113,572,1
711,50,633,0
712,251,258,1
713,935,553,1
714,645,779,1
715,600,315,1
716,319,183,1
717,113,278,1
718,834,26,1
719,116,781,0
720,919,510,1
721,997,468,1
722,459,434,1
723,13,275,0
724,223,626,1
725,621,289,1
726,883,396,1
727,272,373,1
728,314,605,1
729,523,587,1
730,601,663,1
731,449,562,1
732,234,456,1
733,382,950,1
734,485,967,1
735,573,823,1
736,461,541,1
737,429,278,1
738,96,477,1
739,22,790,0
740,544,481,1
741,681,390,1
742,328,331,1
743,430,26,1
744,280,469,1
745,239,689,1
746,985,486,1
747,426,695,1
748,948,290,1
749,652,263,1
750,116,964,0
751,608,844,1
752,852,242,1
753,566,4,1
754,299,573,1
755,297,226,1
756,332,812,1
757,521,22,1
758,722,252,1
759,975,187,1
760,609,118,1
761,999,830,1
762,920,13,1
763,807,246,1
764,170,122,1
765,950,219,1
766,259,294,1
767,360,271,1
768,968,131,1
769,518,836,1
770,151,848,0
771,378,617,1
772,614,7,1
773,488,244,1
774,775,276,1
775,120,877,0
776,89,772,0
777,447,293,1
778,986,255,1
779,957,778,1
780,144,164,1
781,210,648,1
782,535,296,1
783,10,317,0
784,252,875,1
785,984,713,1
786,568,119,1
787,646,935,1
788,97,509,1
789,626,157,1
790,370,494,1
791,668,812,1
792,83,547,0
793,443,260,1
794,451,1,1
795,696,648,1
796,153,820,0
797,803,985,1
798,523,967,1
799,113,929,0
800,637,965,1
801,687,727,1
802,867,744,1
803,912,402,1
804,314,828,1
805,18,91,1
806,392,446,1
807,831,372,1
808,228,486,1
809,840,430,1
810,800,246,1
811,755,796,1
812,707,286,1
813,373,858,1
814,459,606,1
815,58,761,0
816,63,391,0
817,377,306,1
818,411,806,1
819,901,444,1
820,636,246,1
821,846,740,1
822,84,113,1
823,967,904,1
824,640,507,1
825,328,624,1
826,732,595,1
827,259,985,1
828,376,470,1
829,995,983,1
830,787,529,1
831,481,919,1
832,774,131,1
833,793,342,1
834,124,878,0
835,721,961,1
836,413,752,1
837,529,690,1
838,26,514,0
839,181,260,1
840,458,20,1
841,872,604,1
842,403,434,1
843,179,540,1
844,317,616,1
845,395,28,1
846,648,501,1
847,689,143,1
848,789,7,1
849,498,216,1
850,618,19,1
851,687,239,1
852,87,6,1
853,767,139,1
854,350,774,1
855,680,669,1
856,832,990,1
857,804,527,1
858,601,618,1
859,336,768,1
860,813,839,1
861,688,158,1
862,997,286,1
863,750,542,1
864,338,405,1
865,922,890,1
866,466,289,1
867,323,88,1
868,383,709,1
869,780,826,1
870,277,680,1
871,457,655,1
872,828,669,1
873,209,486,1
874,515,916,1
875,613,531,1
876,134,553,1
877,982,879,1
878,238,734,1
879,589,328,1
880,703,602,1
881,724,722,1
882,215,317,1
883,122,8,1
884,473,895,1
885,684,92,1
886,129,988,0
887,439,886,1
888,619,429,1
889,377,748,1
890,508,743,1
891,255,607,1
892,650,728,1
893,393,53,1
894,319,531,1
895,450,352,1
896,609,666,1
897,204,987,1
898,549,859,1
899,480,44,1
900,377,152,1
901,475,451,1
902,489,183,1
903,892,253,1
904,408,18,1
905,441,965,1
906,65,828,0
907,658,448,1
908,270,586,1
909,45,203,1
910,693,177,1
911,904,532,1
912,555,65,1
913,910,121,1
914,304,173,1
915,392,64,1
916,10,358,0
917,797,644,1
918,302,908,1
919,484,105,1
920,337,744,1
921,838,261,1
922,444,985,1
923,720,27,1
924,486,769,1
925,710,693,1
926,555,571,1
927,804,941,1
928,523,931,1
929,118,624,1
930,981,153,1
931,271,568,1
932,394,628,1
933,614,500,1
934,6,264,0
935,364,950,1
936,312,323,1
937,538,697,1
938,283,417,1
939,344,180,1
940,214,538,1
941,80,208,1
942,22,949,0
943,201,634,1
944,315,604,1
945,215,381,1
946,239,155,1
947,632,383,1
948,803,141,1
949,722,86,1
950,436,30,1
951,7,903,0
952,634,527,1
953,466,19,1
954,425,113,1
955,188,343,1
956,641,673,1
957,863,150,1
958,456,420,1
959,268,885,1
960,344,479,1
961,71,346,1
962,59,822,0
963,88,186,1
964,377,239,1
965,109,806,0
966,100,906,0
967,146,129,1
968,435,919,1
969,91,569,0
970,291,140,1
971,40,375,0
972,180,986,0
973,623,532,1
974,87,331,1
975,704,459,1
976,757,618,1
977,785,893,1
978,939,190,1
979,674,500,1
980,674,332,1
981,859,248,1
982,763,401,1
983,817,800,1
984,967,673,1
985,87,398,1
986,420,23,1
987,577,593,1
988,835,617,1
989,148,895,0
990,550,54,1
991,514,951,1
992,472,175,1
993,593,633,1
994,541,616,1
995,131,691,0
996,560,386,1
997,608,680,1
998,51,382,0
999,23,863,0
1000,409,191,1
1001,940,726,1
1002,368,317,1
1003,491,16,1
1004,898,626,1
1005,747,418,1
1006,2,658,0
1007,493,558,1
1008,675,836,1
1009,692,490,1
1010,236,335,1
1011,406,968,1
1012,688,675,1
1013,784,779,1
1014,67,854,0
1015,505,35,1
1016,710,335,1
1017,501,261,1
1018,723,970,1
1019,417,698,1
1020,20,608,0
1021,294,953,1
1022,638,235,1
1023,30,220,0
1024,755,419,1
1025,28,604,0
1026,45,552,0
1027,928,690,1
1028,734,708,1
1029,400,171,1
1030,788,60,1
1031,322,727,1
1032,818,803,1
1033,949,615,1
1034,714,587,1
1035,8,504,0
1036,951,385,1
1037,634,600,1
1038,430,59,1
1039,856,76,1
1040,588,249,1
1041,846,131,1
1042,370,806,1
1043,989,483,1
1044,510,665,1
1045,90,158,1
1046,540,92,1
1047,286,72,1
1048,777,488,1
1049,10,880,0
1050,288,419,1
1051,787,521,1
1052,125,991,0
1053,491,316,1
1054,494,224,1
1055,280,171,1
1056,658,882,1
1057,606,580,1
1058,345,869,1
1059,7,552,0
1060,364,110,1
1061,595,303,1
1062,254,67,1
1063,747,122,1
1064,975,138,1
1065,102,541,1
1066,249,854,1
1067,223,591,1
1068,331,688,1
1069,254,247,1
1070,43,990,0
1071,258,653,1
1072,832,242,1
1073,416,394,1
1074,454,922,1
1075,93,868,0
1076,395,575,1
1077,543,442,1
1078,142,44,1
1079,50,497,0
1080,903,597,1
1081,975,769,1
1082,161,153,1
1083,287,143,1
1084,820,454,1
1085,581,271,1
1086,192,256,1
1087,889,925,1
1088,212,693,1
1089,320,608,1
1090,59,608,0
1091,945,781,1
1092,496,64,1
1093,915,563,1
1094,872,36,1
1095,642,208,1
1096,662,765,1
1097,752,480,1
1098,493,216,1
1099,456,156,1
1100,254,910,1
1101,813,31,1
1102,945,922,1
1103,625,56,1
1104,800,943,1
1105,562,628,1
1106,494,964,1
1107,999,972,1
1108,23,316,0
1109,217,567,1
1110,633,182,1
1111,612,932,1
1112,792,358,1
1113,925,830,1
1114,640,246,1
1115,509,747,1
1116,91,892,0
1117,147,51,1
1118,626,201,1
1119,975,562,1
1120,896,644,1
1121,707,202,1
1122,714,393,1
1123,212,136,1
1124,235,161,1
1125,750,376,1
1126,332,590,1
1127,703,808,1
1128,385,699,1
1129,593,399,1
1130,894,615,1
1131,699,912,1
1132,296,820,1
1133,257,943,1
1134,656,168,1
1135,791,22,1
1136,146,823,0
1137,29,332,0
1138,388,291,1
1139,196,235,1
1140,722,161,1
1141,63,156,1
1142,758,289,1
1143,645,929,1
1144,228,946,1
1145,874,367,1
1146,588,399,1
1147,717,534,1
1148,121,298,1
1149,637,983,1
1150,310,28,1
1151,348,425,1
1152,768,606,1
1153,709,983,1
1154,847,887,1
1155,938,186,1
1156,886,706,1
1157,366,654,1
1158,633,266,1
1159,658,171,1
1160,934,582,1
1161,739,363,1
1162,181,171,1
1163,808,187,1
1164,625,746,1
1165,489,487,1
1166,120,800,0
1167,251,63,1
1168,503,283,1
1169,56,424,0
1170,767,728,1
1171,763,944,1
1172,420,558,1
1173,569,410,1
1174,395,958,1
1175,51,250,1
1176,43,234,0
1177,968,301,1
1178,61,335,0
1179,607,264,1
1180,38,504,0
1181,283,908,1
1182,427,944,1
1183,831,27,1
1184,627,804,1
1185,232,658,1
1186,712,811,1
1187,42,898,0
1188,247,922,1
1189,194,500,1
1190,48,712,0
1191,155,937,0
1192,519,579,1
1193,461,27,1
1194,216,494,1
1195,607,676,1
1196,610,248,1
1197,805,377,1
1198,458,185,1
1199,781,18,1
1200,624,371,1
1201,851,145,1
1202,758,451,1
1203,444,796,1
1204,397,490,1
1205,807,680,1
1206,386,589,1
1207,127,980,0
1208,110,157,1
1209,326,464,1
1210,155,12,1
1211,812,457,1
1212,386,189,1
1213,989,562,1
1214,505,326,1
1215,576,527,1
1216,153,461,1
1217,827,129,1
1218,94,756,0
1219,172,17,1
1220,288,186,1
1221,859,179,1
1222,231,544,1
1223,675,889,1
1224,155,685,1
1225,199,808,1
1226,233,478,1
1227,609,347,1
1228,689,813,1
1229,181,491,1
1230,92,732,0
1231,373,96,1
1232,508,598,1
1233,862,214,1
1234,771,603,1
1235,151,214,1
1236,357,766,1
1237,617,480,1
1238,394,357,1
1239,762,642,1
1240,371,461,1
1241,748,936,1
1242,398,543,1
1243,130,56,1
1244,581,98,1
1245,483,464,1
1246,536,686,1
1247,511,350,1
1248,11,898,0
1249,718,940,1
1250,954,731,1
1251,904,239,1
1252,856,650,1
1253,647,458,1
1254,767,129,1
1255,184,340,1
1256,562,89,1
1257,129,554,1
1258,47,963,0
1259,940,258,1
1260,400,705,1
1261,938,453,1
1262,88,712,0
1263,27,656,0
1264,18,373,0
1265,833,440,1
1266,669,361,1
1267,620,439,1
1268,413,850,1
1269,184,399,1
1270,555,335,1
1271,714,482,1
1272,68,591,0
1273,498,812,1
1274,831,831,1
1275,155,101,1
1276,911,927,1
1277,381,775,1
1278,880,479,1
1279,236,304,1
1280,455,3,1
1281,369,980,1
1282,2,560,0
1283,262,3,1
1284,583,2,1
1285,303,642,1
1286,809,43,1
1287,228,649,1
1288,788,66,1
1289,883,649,1
1290,226,246,1
1291,890,391,1
1292,366,430,1
1293,850,65,1
1294,749,422,1
1295,159,315,1
1296,300,456,1
1297,660,110,1
1298,85,612,0
1299,979,727,1
1300,923,677,1
1301,634,128,1
1302,925,986,1
1303,697,757,1
1304,296,566,1
1305,536,420,1
1306,868,773,1
1307,734,978,1
1308,576,419,1
1309,404,766,1
1310,210,194,1
1311,887,669,1
1312,263,151,1
1313,388,985,1
1314,528,546,1
1315,391,198,1
1316,181,913,1
1317,28,739,0
1318,684,904,1
1319,462,249,1
1320,930,54,1
1321,757,452,1
1322,538,207,1
1323,362,242,1
1324,555,754,1
1325,287,460,1
1326,723,830,1
1327,921,961,1
1328,458,806,1
1329,159,185,1
1330,121,957,0
1331,989,797,1
1332,65,256,1
1333,553,545,1
1334,248,871,1
1335,774,90,1
1336,703,40,1
1337,310,210,1
1338,263,608,1
1339,771,501,1
1340,753,318,1
1341,374,391,1
1342,236,686,1
1343,265,84,1
1344,513,559,1
1345,456,475,1
1346,499,698,1
1347,601,128,1
1348,299,327,1
1349,852,76,1
1350,767,886,1
1351,862,580,1
1352,874,126,1
1353,848,523,1
1354,775,701,1
1355,596,837,1
1356,743,701,1
1357,551,257,1
1358,538,967,1
1359,82,977,0
1360,146,511,1
1361,99,49,1
1362,435,860,1
1363,80,730,0
1364,734,418,1
1365,643,322,1
1366,581,854,1
1367,321,450,1
1368,873,701,1
1369,277,548,1
1370,30,649,0
1371,810,398,1
1372,217,290,1
1373,965,391,1
1374,536,797,1
1375,816,813,1
1376,695,323,1
1377,867,729,1
1378,803,568,1
1379,462,984,1
1380,807,437,1
1381,57,238,1
1382,620,437,1
1383,732,233,1
1384,310,898,1
1385,138,647,1
1386,137,273,1
1387,96,245,1
1388,650,456,1
1389,732,886,1
1390,234,994,1
1391,873,492,1
1392,133,573,1
1393,846,582,1
1394,521,473,1
1395,774,773,1
1396,346,892,1
1397,474,141,1
1398,530,630,1
1399,898,517,1
1400,790,519,1
1401,572,322,1
1402,643,216,1
1403,11,462,0
1404,527,509,1
1405,56,289,1
1406,693,396,1
1407,998,921,1
1408,608,594,1
1409,879,548,1
1410,696,299,1
1411,780,103,1
1412,483,683,1
1413,18,857,0
1414,626,566,1
1415,848,529,1
1416,828,113,1
1417,461,528,1
1418,585,555,1
1419,470,317,1
1420,876,715,1
1421,685,732,1
1422,852,175,1
1423,693,370,1
1424,68,950,0
1425,930,143,1
1426,917,259,1
1427,838,120,1
1428,917,470,1
1429,669,759,1
1430,761,872,1
1431,386,482,1
1432,566,900,1
1433,890,973,1
1434,837,133,1
1435,262,317,1
1436,125,999,0
1437,63,611,0
1438,355,998,1
1439,322,192,1
1440,700,501,1
1441,427,459,1
1442,699,292,1
1443,165,852,1
1444,413,313,1
1445,855,668,1
1446,953,785,1
1447,235,724,1
1448,814,139,1
1449,1000,638,1
1450,693,210,1
1451,295,667,1
1452,806,581,1
1453,298,474,1
1454,110,357,1
1455,784,282,1
1456,453,762,1
1457,750,60,1
1458,310,346,1
1459,583,184,1
1460,927,663,1
1461,364,115,1
1462,704,580,1
1463,31,706,0
1464,617,468,1
1465,745,973,1
1466,924,783,1
1467,276,43,1
1468,690,993,1
1469,826,165,1
1470,850,217,1
1471,596,242,1
1472,147,443,1
1473,351,599,1
1474,218,130,1
1475,424,360,1
1476,855,558,1
1477,808,944,1
1478,130,221,1
1479,75,409,0
1480,723,970,1
1481,947,384,1
1482,127,215,1
1483,721,696,1
1484,774,335,1
1485,299,697,1
1486,18,181,0
1487,401,637,1
1488,946,979,1
1489,370,143,1
1490,564,88,1
1491,203,264,1
1492,97,48,1
1493,687,567,1
1494,889,993,1
1495,411,284,1
1496,456,456,1
1497,816,274,1
1498,17,190,0
1499,931,415,1
1500,878,203,1
1501,761,41,1
1502,66,853,0
1503,908,318,1
1504,901,597,1
1505,235,688,1
1506,439,718,1
1507,413,339,1
1508,816,371,1
1509,302,260,1
1510,771,979,1
1511,482,952,1
1512,147,596,1
1513,958,839,1
1514,726,273,1
1515,518,403,1
1516,206,801,1
1517,105,873,0
1518,966,734,1
1519,424,66,1
1520,562,734,1
1521,758,46,1
1522,711,362,1
1523,834,286,1
1524,905,985,1
1525,39,764,0
1526,179,768,1
1527,300,825,1
1528,617,544,1
1529,87,315,1
1530,978,900,1
1531,845,297,1
1532,634,301,1
1533,517,997,1
1534,595,588,1
1535,522,421,1
1536,59,923,0
1537,159,845,1
1538,952,328,1
1539,556,580,1
1540,440,719,1
1541,791,457,1
1542,926,595,1
1543,414,19,1
1544,974,481,1
1545,745,730,1
1546,450,922,1
1547,205,117,1
1548,789,50,1
1549,42,441,0
1550,276,177,1
1551,950,474,1
1552,445,734,1
1553,346,201,1
1554,799,427,1
1555,178,938,1
1556,249,601,1
1557,634,417,1
1558,926,121,1
1559,812,601,1
1560,462,483,1
1561,22,1,1
1562,769,823,1
1563,777,171,1
1564,860,14,1
1565,652,401,1
1566,141,883,0
1567,150,742,1
1568,27,196,0
1569,363,391,1
1570,527,319,1
1571,166,252,1
1572,359,147,1
1573,524,583,1
1574,89,700,0
1575,33,184,0
1576,813,466,1
1577,764,994,1
1578,291,359,1
1579,861,246,1
1580,251,483,1
1581,376,858,1
1582,411,982,1
1583,665,461,1
1584,843,265,1
1585,150,361,1
1586,4,801,0
1587,284,6,1
1588,135,929,0
1589,722,47,1
1590,331,827,1
1591,738,443,1
1592,870,114,1
1593,414,531,1
1594,164,351,1
1595,895,995,1
1596,317,487,1
1597,176,390,1
1598,433,805,1
1599,969,610,1
1600,423,657,1
1601,471,429,1
1602,619,660,1
1603,489,275,1
1604,309,951,1
1605,990,325,1
1606,966,767,1
1607,498,632,1
1608,790,767,1
1609,464,295,1
1610,41,899,0
1611,848,125,1
1612,304,468,1
1613,57,907,0
1614,995,676,1
1615,786,546,1
1616,812,312,1
1617,451,814,1
1618,711,125,1
1619,993,912,1
1620,869,712,1
1621,950,230,1
1622,528,134,1
1623,270,720,1
1624,385,405,1
1625,901,498,1
1626,389,325,1
1627,247,505,1
1628,598,847,1
1629,400,276,1
1630,750,152,1
1631,65,993,0
1632,62,697,0
1633,684,880,1
1634,556,767,1
1635,503,144,1
1636,251,914,1
1637,612,188,1
1638,364,892,1
1639,33,594,0
1640,395,592,1
1641,963,992,1
1642,84,212,1
1643,382,651,1
1644,540,836,1
1645,631,277,1
1646,556,260,1
1647,498,658,1
1648,904,746,1
1649,495,992,1
1650,390,574,1
1651,351,880,1
1652,570,71,1
1653,997,109,1
1654,719,996,1
1655,760,464,1
1656,679,403,1
1657,237,893,1
1658,547,25,1
1659,441,662,1
1660,14,391,0
1661,539,346,1
1662,531,693,1
1663,280,378,1
1664,624,742,1
1665,881,832,1
1666,634,903,1
1667,487,372,1
1668,215,605,1
1669,134,692,1
1670,779,418,1
1671,255,575,1
1672,154,428,1
1673,71,246,1
1674,341,194,1
1675,429,951,1
1676,719,404,1
1677,697,344,1
1678,775,830,1
1679,656,237,1
1680,160,672,1
1681,244,102,1
1682,211,5,1
1683,128,767,0
1684,478,838,1
1685,529,933,1
1686,22,507,0
1687,264,58,1
1688,408,397,1
1689,277,494,1
1690,134,963,0
1691,405,362,1
1692,45,974,0
1693,99,225,1
1694,210,179,1
1695,533,750,1
1696,581,461,1
1697,525,804,1
1698,69,197,1
1699,344,246,1
1700,603,935,1
1701,916,76,1
1702,411,138,1
1703,170,910,0
1704,597,483,1
1705,139,160,1
1706,770,502,1
1707,518,435,1
1708,618,699,1
1709,399,219,1
1710,586,57,1
1711,516,898,1
1712,266,34,1
1713,305,80,1
1714,797,786,1
1715,699,285,1
1716,706,988,1
1717,1,277,0
1718,247,851,1
1719,239,7,1
1720,317,339,1
1721,476,226,1
1722,350,346,1
1723,596,117,1
1724,347,374,1
1725,760,313,1
1726,698,163,1
1727,136,292,1
1728,925,425,1
1729,58,221,1
1730,974,808,1
1731,300,95,1
1732,390,689,1
1733,662,677,1
1734,981,499,1
1735,571,168,1
1736,811,391,1
1737,606,304,1
1738,957,536,1
1739,50,100,1
1740,251,842,1
1741,361,711,1
1742,71,454,0
1743,558,66,1
1744,912,135,1
1745,502,992,1
1746,900,708,1
1747,144,305,1
1748,308,506,1
1749,734,167,1
1750,161,326,1
1751,147,391,1
1752,268,236,1
1753,652,676,1
1754,27,694,0
1755,468,886,1
1756,376,556,1
1757,472,377,1
1758,859,21,1
1759,537,838,1
1760,384,600,1
1761,919,907,1
1762,131,529,1
1763,42,111,1
1764,768,203,1
1765,892,454,1
1766,863,630,1
1767,563,237,1
1768,284,582,1
1769,571,83,1
1770,85,96,1
1771,279,949,1
1772,900,153,1
1773,55,308,0
1774,620,212,1
1775,686,404,1
1776,697,480,1
1777,283,100,1
1778,448,108,1
1779,903,669,1
1780,213,696,1
1781,190,824,1
1782,84,809,0
1783,686,49,1
1784,415,696,1
1785,357,850,1
1786,526,481,1
1787,215,637,1
1788,276,163,1
1789,524,650,1
1790,246,1000,1
1791,920,449,1
1792,214,362,1
1793,60,973,0
1794,742,72,1
1795,595,550,1
1796,121,716,0
1797,679,488,1
1798,435,259,1
1799,833,549,1
1800,416,408,1
1801,23,92,1
1802,586,5,1
1803,215,228,1
1804,860,263,1
1805,210,497,1
1806,3,348,0
1807,284,329,1
1808,789,116,1
1809,168,796,1
1810,281,546,1
1811,752,606,1
1812,878,461,1
1813,930,451,1
1814,40,263,0
1815,271,381,1
1816,109,497,1
1817,813,341,1
1818,781,33,1
1819,116,356,1
1820,976,249,1
1821,869,356,1
1822,913,477,1
1823,421,696,1
1824,296,881,1
1825,906,140,1
1826,134,844,0
1827,341,82,1
1828,785,637,1
1829,109,91,1
1830,383,433,1
1831,245,343,1
1832,464,46,1
1833,131,305,1
1834,404,776,1
1835,665,313,1
1836,179,197,1
1837,240,575,1
1838,819,126,1
1839,832,969,1
1840,364,244,1
1841,629,849,1
1842,728,749,1
1843,636,782,1
1844,982,202,1
1845,123,22,1
1846,821,318,1
1847,678,245,1
1848,597,597,1
1849,61,860,0
1850,674,126,1
1851,155,665,1
1852,194,351,1
1853,953,630,1
1854,390,67,1
1855,553,57,1
1856,397,707,1
1857,575,264,1
1858,627,710,1
1859,369,6,1
1860,904,254,1
1861,144,70,1
1862,525,153,1
1863,342,11,1
1864,114,144,1
1865,599,250,1
1866,763,112,1
1867,309,77,1
1868,345,602,1
1869,3,309,0
1870,924,913,1
1871,843,387,1
1872,494,88,1
1873,11,859,0
1874,923,173,1
1875,705,77,1
1876,205,510,1
1877,504,129,1
1878,611,951,1
1879,411,575,1
1880,409,293,1
1881,774,96,1
1882,307,473,1
1883,732,772,1
1884,124,644,1
1885,226,225,1
1886,91,820,0
1887,538,20,1
1888,796,168,1
1889,781,664,1
1890,717,294,1
1891,616,584,1
1892,663,582,1
1893,551,722,1
1894,940,267,1
1895,471,595,1
1896,792,550,1
1897,236,89,1
1898,255,158,1
1899,35,1000,0
1900,550,8,1
1901,642,756,1
1902,414,542,1
1903,356,832,1
1904,355,679,1
1905,288,921,1
1906,100,420,1
1907,89,267,1
1908,507,946,1
1909,529,254,1
1910,987,9,1
1911,222,867,1
1912,225,648,1
1913,630,313,1
1914,498,658,1
1915,511,270,1
1916,556,537,1
1917,847,548,1
1918,282,389,1
1919,618,19,1
1920,727,953,1
1921,522,236,1
1922,820,619,1
1923,89,377,1
1924,372,958,1
1925,938,919,1
1926,316,926,1
1927,397,189,1
1928,280,431,1
1929,785,196,1
1930,137,362,1
1931,371,362,1
1932,34,284,0
1933,813,804,1
1934,578,877,1
1935,938,784,1
1936,404,258,1
1937,166,668,1
1938,729,968,1
1939,107,279,1
1940,24,614,0
1941,102,186,1
1942,252,893,1
1943,247,571,1
1944,435,823,1
1945,143,30,1
1946,582,817,1
1947,68,143,1
1948,388,710,1
1949,960,248,1
1950,18,465,0
1951,560,347,1
1952,61,270,1
1953,104,958,0
1954,280,830,1
1955,892,57,1
1956,769,302,1
1957,513,868,1
1958,557,715,1
1959,609,81,1
1960,740,475,1
1961,557,827,1
1962,887,11,1
1963,350,122,1
1964,102,377,1
1965,764,108,1
1966,406,109,1
1967,63,970,0
1968,239,177,1
1969,604,52,1
1970,804,66,1
1971,103,586,0
1972,876,1,1
1973,199,72,1
1974,965,75,1
1975,999,740,1
1976,784,89,1
1977,968,800,1
1978,375,621,1
1979,44,446,0
1980,627,826,1
1981,989,781,1
1982,467,414,1
1983,84,871,0
1984,798,143,1
1985,358,412,1
1986,882,358,1
1987,512,559,1
1988,37,533,0
1989,700,434,1
1990,712,521,1
1991,468,928,1
1992,563,652,1
1993,850,823,1
1994,331,570,1
1995,522,993,1
1996,120,533,1
1997,623,925,1
1998,668,855,1
1999,986,295,1
2000,662,827,1
