n 2000
c 547940
z 871858
time 0.00
1,497,828,0
2,181,13,1
3,531,847,0
4,611,468,1
5,116,961,0
6,504,954,0
7,668,394,1
8,58,924,0
9,233,10,1
10,145,211,0
11,994,96,1
12,50,604,0
13,718,177,1
14,489,13,1
15,202,265,1
16,331,581,0
17,201,618,0
18,201,17,1
19,445,174,1
20,864,847,1
21,764,866,1
22,822,488,1
23,95,985,0
24,239,695,0
25,724,377,1
26,333,433,1
27,395,7,1
28,182,168,1
29,645,682,1
30,647,256,1
31,360,326,1
32,415,580,1
33,959,848,1
34,622,182,1
35,254,113,1
36,356,738,0
37,228,953,0
38,910,253,1
39,745,753,1
40,802,711,1
41,903,828,1
42,220,626,0
43,612,987,0
44,778,806,1
45,589,412,1
46,938,739,1
47,255,358,1
48,291,194,1
49,471,940,0
50,808,321,1
51,426,883,0
52,257,537,0
53,574,770,1
54,500,261,1
55,831,213,1
56,673,248,1
57,901,174,1
58,51,947,0
59,411,289,1
60,674,379,1
61,163,177,1
62,901,875,1
63,364,564,0
64,172,3,1
65,933,352,1
66,756,477,1
67,100,297,0
68,948,975,1
69,407,529,1
70,980,722,1
71,604,498,1
72,782,150,1
73,36,547,0
74,564,440,1
75,977,4,1
76,609,433,1
77,921,439,1
78,300,44,1
79,355,109,1
80,766,571,1
81,630,746,1
82,805,998,1
83,320,695,0
84,961,698,1
85,372,194,1
86,491,778,0
87,461,364,1
88,694,325,1
89,663,815,1
90,405,972,0
91,517,569,1
92,412,405,1
93,388,97,1
94,995,400,1
95,695,581,1
96,461,558,1
97,252,750,0
98,495,193,1
99,907,521,1
100,563,125,1
101,855,90,1
102,804,961,1
103,917,727,1
104,804,921,1
105,138,558,0
106,882,595,1
107,857,412,1
108,143,243,0
109,713,139,1
110,455,814,0
111,156,455,0
112,813,816,1
113,916,254,1
114,686,450,1
115,329,210,1
116,624,707,1
117,590,740,1
118,980,290,1
119,745,590,1
120,518,693,1
121,680,740,1
122,789,465,1
123,393,48,1
124,614,279,1
125,498,954,0
126,195,215,1
127,95,360,0
128,217,380,0
129,202,207,1
130,247,404,0
131,453,774,0
132,130,994,0
133,339,115,1
134,861,753,1
135,260,317,1
136,222,183,1
137,175,238,1
138,292,427,0
139,106,210,0
140,996,709,1
141,325,144,1
142,787,433,1
143,444,876,0
144,182,928,0
145,763,342,1
146,821,515,1
147,708,459,1
148,454,972,0
149,891,765,1
150,125,531,0
151,251,426,0
152,721,969,1
153,802,62,1
154,162,85,1
155,319,422,1
156,863,81,1
157,852,11,1
158,220,736,0
159,142,710,0
160,488,814,0
161,433,158,1
162,868,451,1
163,121,275,0
164,736,222,1
165,195,166,1
166,392,787,0
167,58,775,0
168,819,368,1
169,29,146,0
170,836,202,1
171,421,127,1
172,537,94,1
173,501,533,1
174,993,910,1
175,562,243,1
176,651,299,1
177,970,859,1
178,913,770,1
179,9,131,0
180,379,940,0
181,630,80,1
182,776,21,1
183,756,745,1
184,824,337,1
185,252,581,0
186,716,110,1
187,88,99,1
188,303,594,0
189,178,668,0
190,214,762,0
191,667,207,1
192,162,411,0
193,584,881,0
194,639,697,1
195,599,374,1
196,244,346,0
197,943,960,1
198,859,286,1
199,381,347,1
200,443,406,1
201,443,547,1
202,352,797,0
203,411,635,0
204,221,391,0
205,769,499,1
206,263,677,0
207,294,269,1
208,554,346,1
209,625,612,1
210,26,734,0
211,768,577,1
212,304,92,1
213,916,947,1
214,796,441,1
215,610,26,1
216,841,644,1
217,686,753,1
218,860,596,1
219,178,734,0
220,374,171,1
221,780,54,1
222,329,669,0
223,446,514,1
224,719,620,1
225,775,888,1
226,390,540,1
227,79,848,0
228,120,646,0
229,223,908,0
230,439,611,1
231,775,690,1
232,310,111,1
233,889,81,1
234,162,663,0
235,170,710,0
236,207,224,1
237,697,922,1
238,159,950,0
239,600,881,0
240,757,885,1
241,512,202,1
242,520,640,1
243,921,270,1
244,907,660,1
245,958,543,1
246,305,47,1
247,151,838,0
248,286,298,1
249,216,881,0
250,1000,481,1
251,495,495,1
252,292,971,0
253,843,881,1
254,517,50,1
255,207,40,1
256,544,313,1
257,302,277,1
258,603,525,1
259,73,928,0
260,811,681,1
261,476,952,0
262,957,362,1
263,470,219,1
264,924,643,1
265,455,460,1
266,417,86,1
267,236,967,0
268,705,608,1
269,358,449,1
270,320,408,1
271,784,680,1
272,11,236,0
273,967,948,1
274,659,111,1
275,372,818,0
276,726,259,1
277,605,139,1
278,127,167,1
279,298,229,1
280,541,429,1
281,402,445,1
282,354,259,1
283,662,16,1
284,202,651,0
285,165,861,0
286,531,969,0
287,87,784,0
288,851,57,1
289,62,581,0
290,61,707,0
291,733,119,1
292,862,556,1
293,996,277,1
294,604,858,0
295,444,191,1
296,149,835,0
297,181,371,0
298,253,619,0
299,576,62,1
300,930,384,1
301,166,249,0
302,218,675,0
303,759,10,1
304,340,126,1
305,886,380,1
306,612,868,0
307,529,116,1
308,367,434,1
309,911,792,1
310,262,496,0
311,843,30,1
312,504,659,1
313,341,991,0
314,960,858,1
315,287,70,1
316,830,427,1
317,884,737,1
318,593,74,1
319,700,523,1
320,474,709,0
321,421,67,1
322,716,175,1
323,956,348,1
324,63,151,0
325,961,330,1
326,107,956,0
327,808,582,1
328,954,303,1
329,716,886,1
330,966,821,1
331,718,892,1
332,218,800,0
333,467,25,1
334,341,529,0
335,275,422,0
336,632,564,1
337,926,743,1
338,289,415,0
339,345,429,1
340,584,352,1
341,750,238,1
342,511,771,0
343,762,482,1
344,614,149,1
345,535,221,1
346,612,311,1
347,490,468,1
348,466,994,0
349,791,822,1
350,985,436,1
351,648,425,1
352,908,269,1
353,356,349,1
354,280,945,0
355,469,961,0
356,687,745,1
357,194,408,0
358,108,112,1
359,986,399,1
360,361,711,0
361,882,654,1
362,805,861,1
363,382,761,0
364,105,63,1
365,844,482,1
366,713,792,1
367,774,333,1
368,200,677,0
369,685,432,1
370,876,31,1
371,731,12,1
372,144,230,0
373,905,164,1
374,304,943,0
375,143,657,0
376,79,194,0
377,514,655,1
378,693,578,1
379,583,496,1
380,141,305,0
381,934,259,1
382,74,488,0
383,649,873,1
384,681,536,1
385,556,804,0
386,913,896,1
387,407,100,1
388,631,723,1
389,959,446,1
390,614,429,1
391,635,683,1
392,316,410,1
393,513,723,0
394,152,139,1
395,912,925,1
396,672,862,1
397,641,516,1
398,14,128,0
399,31,663,0
400,786,354,1
401,973,797,1
402,731,990,1
403,126,778,0
404,135,612,0
405,264,635,0
406,323,213,1
407,266,258,1
408,140,35,1
409,116,255,0
410,283,211,1
411,774,99,1
412,782,720,1
413,593,737,1
414,780,277,1
415,409,444,1
416,169,551,0
417,788,831,1
418,175,901,0
419,636,821,1
420,301,132,1
421,720,134,1
422,497,435,1
423,993,586,1
424,162,824,0
425,432,613,0
426,201,302,0
427,493,175,1
428,741,980,1
429,986,615,1
430,925,114,1
431,293,203,1
432,416,554,1
433,221,510,0
434,152,201,1
435,980,983,1
436,421,209,1
437,979,778,1
438,446,492,1
439,947,518,1
440,651,631,1
441,47,306,0
442,822,649,1
443,728,980,1
444,167,662,0
445,872,520,1
446,839,988,1
447,855,553,1
448,844,425,1
449,772,975,1
450,411,343,1
451,91,245,0
452,643,214,1
453,701,173,1
454,182,716,0
455,277,955,0
456,627,563,1
457,519,963,0
458,14,751,0
459,515,800,0
460,754,994,1
461,895,114,1
462,605,150,1
463,346,602,0
464,817,183,1
465,869,317,1
466,802,778,1
467,252,531,0
468,11,654,0
469,242,739,0
470,139,910,0
471,611,229,1
472,581,55,1
473,578,115,1
474,798,948,1
475,739,68,1
476,656,836,1
477,147,335,0
478,387,669,0
479,659,425,1
480,914,551,1
481,316,716,0
482,411,255,1
483,332,604,0
484,664,22,1
485,62,630,0
486,555,750,1
487,856,887,1
488,887,385,1
489,222,374,0
490,969,533,1
491,748,455,1
492,141,824,0
493,768,125,1
494,733,708,1
495,766,795,1
496,740,519,1
497,661,640,1
498,945,801,1
499,718,21,1
500,687,219,1
501,509,891,0
502,337,41,1
503,753,758,1
504,827,387,1
505,629,824,1
506,772,70,1
507,121,443,0
508,263,465,0
509,426,287,1
510,344,927,0
511,301,100,1
512,339,961,0
513,476,413,1
514,921,773,1
515,303,569,0
516,412,191,1
517,100,311,0
518,538,834,0
519,521,541,1
520,374,378,1
521,93,45,1
522,345,969,0
523,46,893,0
524,672,845,1
525,670,25,1
526,703,67,1
527,975,463,1
528,27,970,0
529,205,383,0
530,645,646,1
531,891,933,1
532,259,95,1
533,509,917,0
534,896,701,1
535,372,553,0
536,476,874,0
537,1,522,0
538,998,965,1
539,201,216,1
540,869,334,1
541,382,920,0
542,230,835,0
543,878,225,1
544,408,710,0
545,868,331,1
546,643,688,1
547,117,309,0
548,439,431,1
549,837,233,1
550,817,39,1
551,840,702,1
552,200,160,1
553,68,921,0
554,942,667,1
555,291,66,1
556,2,562,0
557,647,94,1
558,538,443,1
559,510,398,1
560,285,625,0
561,741,11,1
562,287,688,0
563,201,613,0
564,310,939,0
565,344,951,0
566,65,947,0
567,134,744,0
568,40,765,0
569,572,944,0
570,278,153,1
571,939,748,1
572,227,443,0
573,477,545,1
574,726,40,1
575,524,1,1
576,872,767,1
577,189,349,0
578,459,193,1
579,340,512,0
580,362,414,1
581,403,939,0
582,242,958,0
583,493,586,1
584,958,928,1
585,236,970,0
586,848,675,1
587,922,917,1
588,491,6,1
589,485,884,0
590,558,494,1
591,308,23,1
592,835,180,1
593,822,708,1
594,189,400,0
595,802,754,1
596,327,214,1
597,568,17,1
598,754,987,1
599,566,761,1
600,63,236,0
601,767,459,1
602,994,579,1
603,991,295,1
604,175,336,0
605,177,539,0
606,551,312,1
607,809,92,1
608,346,812,0
609,757,812,1
610,904,200,1
611,550,505,1
612,331,750,0
613,445,438,1
614,788,134,1
615,560,168,1
616,614,733,1
617,347,799,0
618,176,136,1
619,755,367,1
620,987,475,1
621,903,146,1
622,123,674,0
623,143,643,0
624,563,18,1
625,310,802,0
626,305,173,1
627,220,679,0
628,632,25,1
629,220,413,0
630,429,60,1
631,933,412,1
632,417,102,1
633,819,74,1
634,900,251,1
635,909,696,1
636,939,524,1
637,953,789,1
638,664,712,1
639,684,689,1
640,920,356,1
641,974,176,1
642,267,148,1
643,89,753,0
644,532,684,1
645,34,289,0
646,959,688,1
647,681,465,1
648,82,349,0
649,891,705,1
650,708,690,1
651,935,687,1
652,467,806,0
653,781,504,1
654,826,567,1
655,745,490,1
656,694,612,1
657,239,340,0
658,362,704,0
659,929,402,1
660,921,284,1
661,964,368,1
662,664,527,1
663,129,683,0
664,734,868,1
665,815,823,1
666,275,849,0
667,381,552,0
668,222,287,1
669,613,576,1
670,563,971,0
671,644,657,1
672,785,72,1
673,870,216,1
674,946,726,1
675,207,615,0
676,123,723,0
677,964,70,1
678,747,628,1
679,112,93,1
680,641,833,1
681,299,223,1
682,814,122,1
683,332,550,0
684,233,2,1
685,239,320,1
686,761,310,1
687,57,739,0
688,821,778,1
689,984,930,1
690,679,233,1
691,584,860,0
692,368,310,1
693,656,445,1
694,101,276,0
695,267,35,1
696,582,614,1
697,491,887,0
698,239,668,0
699,495,142,1
700,864,682,1
701,485,492,1
702,655,943,0
703,155,68,1
704,670,975,0
705,503,557,1
706,966,981,1
707,991,500,1
708,562,337,1
709,11,986,0
710,857,130,1
711,118,667,0
712,387,520,1
713,139,243,0
714,156,992,0
715,323,876,0
716,143,861,0
717,277,888,0
718,842,207,1
719,527,439,1
720,495,899,0
721,481,14,1
722,250,103,1
723,417,268,1
724,462,880,0
725,416,834,0
726,531,226,1
727,748,983,1
728,18,923,0
729,639,645,1
730,33,404,0
731,916,315,1
732,113,757,0
733,273,32,1
734,380,340,1
735,40,817,0
736,941,338,1
737,976,759,1
738,864,570,1
739,569,856,0
740,368,111,1
741,165,872,0
742,727,193,1
743,793,892,1
744,776,643,1
745,387,138,1
746,896,236,1
747,957,816,1
748,627,591,1
749,791,72,1
750,187,330,0
751,195,53,1
752,436,360,1
753,746,414,1
754,266,235,1
755,244,283,1
756,524,946,0
757,557,928,0
758,82,970,0
759,370,213,1
760,993,836,1
761,187,839,0
762,151,331,0
763,267,991,0
764,921,440,1
765,714,805,1
766,115,428,0
767,140,745,0
768,511,49,1
769,305,373,1
770,78,157,0
771,925,258,1
772,973,36,1
773,75,918,0
774,287,745,0
775,99,727,0
776,896,969,1
777,907,7,1
778,577,141,1
779,257,75,1
780,39,514,0
781,630,386,1
782,78,846,0
783,805,454,1
784,596,648,1
785,859,378,1
786,728,748,1
787,89,313,0
788,8,563,0
789,237,334,0
790,426,747,0
791,583,742,1
792,970,768,1
793,135,686,0
794,211,902,0
795,187,873,0
796,281,578,0
797,902,354,1
798,818,572,1
799,357,963,0
800,821,939,1
801,675,96,1
802,962,317,1
803,684,115,1
804,369,721,0
805,750,437,1
806,911,308,1
807,987,117,1
808,539,540,1
809,491,976,0
810,983,68,1
811,327,13,1
812,202,844,0
813,728,387,1
814,58,555,0
815,478,346,1
816,247,852,0
817,900,771,1
818,850,964,1
819,369,965,0
820,556,492,1
821,514,677,1
822,83,262,0
823,714,457,1
824,623,176,1
825,995,225,1
826,907,112,1
827,430,426,1
828,639,651,1
829,831,377,1
830,3,119,0
831,252,264,1
832,917,377,1
833,716,296,1
834,643,227,1
835,636,579,1
836,20,270,0
837,116,884,0
838,889,440,1
839,369,814,0
840,946,73,1
841,868,613,1
842,74,896,0
843,959,493,1
844,284,981,0
845,215,350,0
846,767,691,1
847,828,192,1
848,517,996,0
849,278,233,1
850,202,256,1
851,282,888,0
852,823,836,1
853,874,789,1
854,805,187,1
855,395,743,0
856,511,596,1
857,312,601,0
858,889,511,1
859,907,410,1
860,877,693,1
861,892,423,1
862,964,763,1
863,970,216,1
864,913,770,1
865,350,212,1
866,913,447,1
867,407,833,0
868,335,962,0
869,663,92,1
870,612,173,1
871,477,41,1
872,459,291,1
873,916,360,1
874,611,274,1
875,81,812,0
876,469,6,1
877,850,129,1
878,869,924,1
879,281,1,1
880,302,360,1
881,23,139,0
882,822,827,1
883,526,634,1
884,649,524,1
885,407,685,0
886,169,41,1
887,378,16,1
888,10,651,0
889,980,534,1
890,60,500,0
891,851,88,1
892,138,62,1
893,237,999,0
894,927,601,1
895,542,394,1
896,240,928,0
897,183,84,1
898,972,264,1
899,156,830,0
900,216,902,0
901,710,412,1
902,160,580,0
903,191,199,1
904,336,440,1
905,93,223,0
906,96,538,0
907,133,130,1
908,710,903,1
909,305,301,1
910,709,46,1
911,660,485,1
912,979,639,1
913,649,699,1
914,240,787,0
915,860,26,1
916,770,828,1
917,216,934,0
918,318,689,0
919,672,3,1
920,816,454,1
921,537,591,1
922,276,822,0
923,388,885,0
924,574,302,1
925,402,87,1
926,395,328,1
927,807,359,1
928,282,792,0
929,473,938,0
930,677,767,1
931,66,641,0
932,305,281,1
933,985,126,1
934,373,733,0
935,336,239,1
936,224,497,0
937,934,218,1
938,803,191,1
939,931,702,1
940,517,471,1
941,188,857,0
942,765,802,1
943,565,963,0
944,842,849,1
945,915,678,1
946,879,344,1
947,700,257,1
948,106,667,0
949,709,343,1
950,139,579,0
951,939,865,1
952,642,140,1
953,950,613,1
954,361,622,0
955,583,64,1
956,113,391,0
957,843,719,1
958,120,761,0
959,23,654,0
960,751,333,1
961,459,996,0
962,922,363,1
963,931,483,1
964,889,557,1
965,720,111,1
966,964,503,1
967,478,307,1
968,259,461,0
969,598,2,1
970,130,890,0
971,36,360,0
972,540,431,1
973,795,222,1
974,135,40,1
975,604,756,1
976,293,143,1
977,973,622,1
978,379,716,0
979,750,670,1
980,353,602,0
981,190,674,0
982,426,470,1
983,757,649,1
984,302,798,0
985,491,919,0
986,739,524,1
987,21,266,0
988,83,358,0
989,144,681,0
990,982,916,1
991,773,368,1
992,199,637,0
993,149,714,0
994,309,325,1
995,350,836,0
996,192,71,1
997,292,434,0
998,947,995,1
999,347,880,0
1000,257,437,0
1001,143,487,0
1002,47,154,0
1003,679,458,1
1004,937,863,1
1005,310,476,0
1006,809,16,1
1007,241,263,1
1008,43,353,0
1009,847,571,1
1010,996,949,1
1011,826,386,1
1012,744,552,1
1013,732,740,1
1014,282,851,0
1015,540,236,1
1016,238,124,1
1017,296,614,0
1018,571,807,0
1019,893,715,1
1020,988,830,1
1021,321,251,1
1022,485,704,0
1023,50,901,0
1024,923,737,1
1025,15,894,0
1026,700,429,1
1027,604,347,1
1028,350,522,0
1029,955,429,1
1030,395,57,1
1031,861,889,1
1032,690,456,1
1033,353,888,0
1034,385,880,0
1035,11,874,0
1036,726,430,1
1037,326,82,1
1038,277,833,0
1039,92,70,1
1040,292,983,0
1041,105,285,0
1042,42,547,0
1043,16,261,0
1044,758,487,1
1045,773,896,1
1046,811,138,1
1047,274,914,0
1048,73,286,0
1049,413,562,1
1050,911,368,1
1051,294,170,1
1052,364,61,1
1053,799,733,1
1054,462,782,0
1055,876,701,1
1056,889,584,1
1057,121,181,0
1058,177,730,0
1059,971,73,1
1060,523,52,1
1061,551,929,0
1062,341,352,1
1063,726,492,1
1064,110,624,0
1065,74,222,0
1066,48,172,0
1067,450,136,1
1068,978,997,1
1069,273,49,1
1070,738,811,1
1071,709,310,1
1072,1000,112,1
1073,868,843,1
1074,645,471,1
1075,216,334,0
1076,170,500,0
1077,931,772,1
1078,941,266,1
1079,966,202,1
1080,255,291,1
1081,947,866,1
1082,673,15,1
1083,138,664,0
1084,140,596,0
1085,704,728,1
1086,631,829,1
1087,436,559,1
1088,875,587,1
1089,884,306,1
1090,843,733,1
1091,780,854,1
1092,399,541,1
1093,766,61,1
1094,352,345,1
1095,229,905,0
1096,838,171,1
1097,227,529,0
1098,540,677,1
1099,211,198,1
1100,693,972,1
1101,769,832,1
1102,176,400,0
1103,701,898,1
1104,183,381,0
1105,302,454,0
1106,294,289,1
1107,283,966,0
1108,182,682,0
1109,477,824,0
1110,697,11,1
1111,552,957,0
1112,200,675,0
1113,464,671,0
1114,607,547,1
1115,680,685,1
1116,554,298,1
1117,206,76,1
1118,298,463,0
1119,3,819,0
1120,864,169,1
1121,374,107,1
1122,826,230,1
1123,904,489,1
1124,779,526,1
1125,722,2,1
1126,852,548,1
1127,10,362,0
1128,560,481,1
1129,725,600,1
1130,646,244,1
1131,422,546,1
1132,471,210,1
1133,221,208,1
1134,640,830,1
1135,930,63,1
1136,121,13,1
1137,457,765,0
1138,899,352,1
1139,632,756,1
1140,289,775,0
1141,858,902,1
1142,437,871,0
1143,472,259,1
1144,756,160,1
1145,726,521,1
1146,91,45,1
1147,849,976,1
1148,48,368,0
1149,688,64,1
1150,622,97,1
1151,296,554,0
1152,712,131,1
1153,313,537,0
1154,910,996,1
1155,222,883,0
1156,957,311,1
1157,2,7,0
1158,985,272,1
1159,741,461,1
1160,14,267,0
1161,895,212,1
1162,76,193,0
1163,427,988,0
1164,969,424,1
1165,940,817,1
1166,248,93,1
1167,278,112,1
1168,775,217,1
1169,227,201,1
1170,518,773,0
1171,918,561,1
1172,235,404,0
1173,412,723,0
1174,659,796,1
1175,454,803,0
1176,467,159,1
1177,563,279,1
1178,636,308,1
1179,355,306,1
1180,357,902,0
1181,670,846,1
1182,194,38,1
1183,642,188,1
1184,315,329,1
1185,84,627,0
1186,895,216,1
1187,406,44,1
1188,431,120,1
1189,414,230,1
1190,111,406,0
1191,71,306,0
1192,239,9,1
1193,928,437,1
1194,680,683,1
1195,539,293,1
1196,281,965,0
1197,985,802,1
1198,1,478,0
1199,904,27,1
1200,815,792,1
1201,70,858,0
1202,350,720,0
1203,463,885,0
1204,172,24,1
1205,762,866,1
1206,466,842,0
1207,915,206,1
1208,213,803,0
1209,193,666,0
1210,850,321,1
1211,143,738,0
1212,577,435,1
1213,640,411,1
1214,192,52,1
1215,107,201,0
1216,857,915,1
1217,367,962,0
1218,518,946,0
1219,503,403,1
1220,808,624,1
1221,902,332,1
1222,30,45,0
1223,366,34,1
1224,139,418,0
1225,834,754,1
1226,968,515,1
1227,460,557,1
1228,281,706,0
1229,793,532,1
1230,500,665,1
1231,128,513,0
1232,571,60,1
1233,793,255,1
1234,523,624,1
1235,106,720,0
1236,621,620,1
1237,541,417,1
1238,137,843,0
1239,509,275,1
1240,707,378,1
1241,455,705,0
1242,718,276,1
1243,974,521,1
1244,84,680,0
1245,910,593,1
1246,664,451,1
1247,122,688,0
1248,450,192,1
1249,570,766,1
1250,225,361,0
1251,844,344,1
1252,632,680,1
1253,130,780,0
1254,63,390,0
1255,948,717,1
1256,322,759,0
1257,948,484,1
1258,798,80,1
1259,104,259,0
1260,583,999,0
1261,93,415,0
1262,336,846,0
1263,38,74,0
1264,882,531,1
1265,92,705,0
1266,973,302,1
1267,455,465,1
1268,860,775,1
1269,835,785,1
1270,74,580,0
1271,118,84,1
1272,195,173,1
1273,5,733,0
1274,790,452,1
1275,511,295,1
1276,718,892,1
1277,385,512,1
1278,968,437,1
1279,848,778,1
1280,799,624,1
1281,933,902,1
1282,386,397,1
1283,202,645,0
1284,231,567,0
1285,515,572,1
1286,504,905,0
1287,952,419,1
1288,724,616,1
1289,878,722,1
1290,369,228,1
1291,302,456,0
1292,245,379,0
1293,773,738,1
1294,340,940,0
1295,378,821,0
1296,812,69,1
1297,871,704,1
1298,404,930,0
1299,271,240,1
1300,475,307,1
1301,621,881,0
1302,301,880,0
1303,573,174,1
1304,543,747,1
1305,196,318,0
1306,644,770,1
1307,209,395,0
1308,640,24,1
1309,71,48,1
1310,833,295,1
1311,275,366,1
1312,830,573,1
1313,544,139,1
1314,776,528,1
1315,474,584,1
1316,253,366,0
1317,279,469,0
1318,419,685,0
1319,977,979,1
1320,977,148,1
1321,81,245,0
1322,433,36,1
1323,446,476,1
1324,314,55,1
1325,314,718,0
1326,42,483,0
1327,37,82,0
1328,793,443,1
1329,547,659,1
1330,641,99,1
1331,184,279,0
1332,753,341,1
1333,628,162,1
1334,824,605,1
1335,410,52,1
1336,54,301,0
1337,866,203,1
1338,134,902,0
1339,990,886,1
1340,280,84,1
1341,26,168,0
1342,324,572,0
1343,412,765,0
1344,777,181,1
1345,211,972,0
1346,315,520,0
1347,669,97,1
1348,98,613,0
1349,128,790,0
1350,31,443,0
1351,945,541,1
1352,210,796,0
1353,923,381,1
1354,414,619,0
1355,912,414,1
1356,998,139,1
1357,427,106,1
1358,497,781,0
1359,461,443,1
1360,457,845,0
1361,894,811,1
1362,114,914,0
1363,908,875,1
1364,813,888,1
1365,759,820,1
1366,316,980,0
1367,773,564,1
1368,376,715,0
1369,216,941,0
1370,142,183,1
1371,709,448,1
1372,320,999,0
1373,857,169,1
1374,719,258,1
1375,268,207,1
1376,871,824,1
1377,63,362,0
1378,139,93,1
1379,513,473,1
1380,927,499,1
1381,365,520,0
1382,932,755,1
1383,512,163,1
1384,293,191,1
1385,902,681,1
1386,201,15,1
1387,44,471,0
1388,450,846,0
1389,312,175,1
1390,570,912,0
1391,620,118,1
1392,197,730,0
1393,234,895,0
1394,41,462,0
1395,833,439,1
1396,185,794,0
1397,782,406,1
1398,2,708,0
1399,694,974,0
1400,909,796,1
1401,423,68,1
1402,947,14,1
1403,894,472,1
1404,575,154,1
1405,379,586,0
1406,956,970,1
1407,450,723,0
1408,415,287,1
1409,482,437,1
1410,696,504,1
1411,160,680,0
1412,210,817,0
1413,38,986,0
1414,650,220,1
1415,340,162,1
1416,708,150,1
1417,768,562,1
1418,736,464,1
1419,642,566,1
1420,348,312,1
1421,584,37,1
1422,531,60,1
1423,241,819,0
1424,283,163,1
1425,749,424,1
1426,324,200,1
1427,361,377,1
1428,109,732,0
1429,817,905,1
1430,808,822,1
1431,173,355,0
1432,773,201,1
1433,574,559,1
1434,93,890,0
1435,42,535,0
1436,741,485,1
1437,946,556,1
1438,682,315,1
1439,381,122,1
1440,659,978,0
1441,886,405,1
1442,754,321,1
1443,321,126,1
1444,29,110,0
1445,995,678,1
1446,145,775,0
1447,102,557,0
1448,726,353,1
1449,275,263,1
1450,877,832,1
1451,66,445,0
1452,805,379,1
1453,246,859,0
1454,277,699,0
1455,948,715,1
1456,493,720,0
1457,145,878,0
1458,429,248,1
1459,323,266,1
1460,231,333,0
1461,552,124,1
1462,784,330,1
1463,579,651,1
1464,97,394,0
1465,573,831,0
1466,52,980,0
1467,583,316,1
1468,106,783,0
1469,686,847,1
1470,281,6,1
1471,79,283,0
1472,875,576,1
1473,946,24,1
1474,322,888,0
1475,556,626,1
1476,335,963,0
1477,444,505,1
1478,385,787,0
1479,927,994,1
1480,691,863,1
1481,478,609,1
1482,326,348,1
1483,661,281,1
1484,646,61,1
1485,783,10,1
1486,345,34,1
1487,85,6,1
1488,161,824,0
1489,789,272,1
1490,939,893,1
1491,191,265,0
1492,88,998,0
1493,259,945,0
1494,73,479,0
1495,606,838,1
1496,159,798,0
1497,844,427,1
1498,96,980,0
1499,7,840,0
1500,878,377,1
1501,245,802,0
1502,345,587,0
1503,487,128,1
1504,517,538,1
1505,670,753,1
1506,774,276,1
1507,473,932,0
1508,127,624,0
1509,833,502,1
1510,723,193,1
1511,221,898,0
1512,731,689,1
1513,953,88,1
1514,205,863,0
1515,681,501,1
1516,318,919,0
1517,724,802,1
1518,654,428,1
1519,508,116,1
1520,577,364,1
1521,305,711,0
1522,958,656,1
1523,29,167,0
1524,33,262,0
1525,538,589,1
1526,803,934,1
1527,800,107,1
1528,153,637,0
1529,59,676,0
1530,250,513,0
1531,944,275,1
1532,313,794,0
1533,912,550,1
1534,819,537,1
1535,78,974,0
1536,130,752,0
1537,322,982,0
1538,304,573,0
1539,896,822,1
1540,543,413,1
1541,994,147,1
1542,53,9,1
1543,242,340,1
1544,622,15,1
1545,628,196,1
1546,457,519,1
1547,136,207,0
1548,644,760,1
1549,805,402,1
1550,404,311,1
1551,697,796,1
1552,860,203,1
1553,429,483,1
1554,606,136,1
1555,765,172,1
1556,72,79,1
1557,454,643,0
1558,942,918,1
1559,392,259,1
1560,502,857,0
1561,426,778,0
1562,928,516,1
1563,172,348,0
1564,867,731,1
1565,480,363,1
1566,757,65,1
1567,418,984,0
1568,923,329,1
1569,271,416,0
1570,574,253,1
1571,889,854,1
1572,911,169,1
1573,144,241,0
1574,905,754,1
1575,93,953,0
1576,860,696,1
1577,824,284,1
1578,410,717,0
1579,945,231,1
1580,82,425,0
1581,755,755,1
1582,883,76,1
1583,76,790,0
1584,882,382,1
1585,130,547,0
1586,132,87,1
1587,672,927,1
1588,791,950,1
1589,101,145,0
1590,658,216,1
1591,349,61,1
1592,149,840,0
1593,833,116,1
1594,420,461,1
1595,522,324,1
1596,557,540,1
1597,243,688,0
1598,888,330,1
1599,244,452,0
1600,310,86,1
1601,267,135,1
1602,938,98,1
1603,101,284,0
1604,605,540,1
1605,850,815,1
1606,182,381,0
1607,230,329,0
1608,110,965,0
1609,259,728,0
1610,840,672,1
1611,956,391,1
1612,775,961,1
1613,285,781,0
1614,595,170,1
1615,190,764,0
1616,971,341,1
1617,694,640,1
1618,286,842,0
1619,220,369,0
1620,309,798,0
1621,977,247,1
1622,648,436,1
1623,577,762,1
1624,352,746,0
1625,905,931,1
1626,404,563,1
1627,2,539,0
1628,582,908,0
1629,747,798,1
1630,605,526,1
1631,501,18,1
1632,909,695,1
1633,695,738,1
1634,619,636,1
1635,258,298,1
1636,986,607,1
1637,855,126,1
1638,724,873,1
1639,469,107,1
1640,746,749,1
1641,919,362,1
1642,116,609,0
1643,225,652,0
1644,748,345,1
1645,347,599,0
1646,948,866,1
1647,958,436,1
1648,712,408,1
1649,323,697,0
1650,318,868,0
1651,331,938,0
1652,266,565,0
1653,609,263,1
1654,430,889,0
1655,604,625,1
1656,143,817,0
1657,192,455,0
1658,498,831,0
1659,236,848,0
1660,509,396,1
1661,847,236,1
1662,939,570,1
1663,588,140,1
1664,199,859,0
1665,860,290,1
1666,162,301,0
1667,746,93,1
1668,375,938,0
1669,225,37,1
1670,819,352,1
1671,74,496,0
1672,482,905,0
1673,178,55,1
1674,788,624,1
1675,560,273,1
1676,839,777,1
1677,4,73,0
1678,446,179,1
1679,915,94,1
1680,711,142,1
1681,983,135,1
1682,115,307,0
1683,348,649,0
1684,366,556,0
1685,213,14,1
1686,390,624,0
1687,604,268,1
1688,592,883,0
1689,888,999,1
1690,5,504,0
1691,521,452,1
1692,724,420,1
1693,983,643,1
1694,434,961,0
1695,280,471,0
1696,748,235,1
1697,409,342,1
1698,29,330,0
1699,516,352,1
1700,515,445,1
1701,399,190,1
1702,811,199,1
1703,997,240,1
1704,789,657,1
1705,606,682,1
1706,858,924,1
1707,626,84,1
1708,257,169,1
1709,811,749,1
1710,258,55,1
1711,55,147,0
1712,986,887,1
1713,884,42,1
1714,372,519,1
1715,927,79,1
1716,593,570,1
1717,389,951,0
1718,950,241,1
1719,450,425,1
1720,804,88,1
1721,192,140,1
1722,933,463,1
1723,567,462,1
1724,138,19,1
1725,67,379,0
1726,650,993,0
1727,747,462,1
1728,404,318,1
1729,206,999,0
1730,877,54,1
1731,544,33,1
1732,429,559,1
1733,50,262,0
1734,508,641,1
1735,679,610,1
1736,939,708,1
1737,858,225,1
1738,836,166,1
1739,661,510,1
1740,99,728,0
1741,853,273,1
1742,934,923,1
1743,537,163,1
1744,200,812,0
1745,505,281,1
1746,915,586,1
1747,372,611,0
1748,819,120,1
1749,305,968,0
1750,496,339,1
1751,431,704,0
1752,356,985,0
1753,664,349,1
1754,979,12,1
1755,200,791,0
1756,815,370,1
1757,339,115,1
1758,451,490,1
1759,644,967,0
1760,640,5,1
1761,227,356,0
1762,739,375,1
1763,270,721,0
1764,599,617,1
1765,720,616,1
1766,727,692,1
1767,166,959,0
1768,604,803,1
1769,950,509,1
1770,244,349,0
1771,763,30,1
1772,76,510,0
1773,659,861,1
1774,452,250,1
1775,297,302,1
1776,224,469,0
1777,950,325,1
1778,392,482,1
1779,51,302,0
1780,197,629,0
1781,977,810,1
1782,259,159,1
1783,10,586,0
1784,110,22,1
1785,896,227,1
1786,605,646,1
1787,274,655,0
1788,156,376,0
1789,24,100,0
1790,149,446,0
1791,68,667,0
1792,566,656,1
1793,200,911,0
1794,709,470,1
1795,470,7,1
1796,456,858,0
1797,858,26,1
1798,986,560,1
1799,388,718,0
1800,776,366,1
1801,90,541,0
1802,849,498,1
1803,74,613,0
1804,563,589,1
1805,421,491,1
1806,755,618,1
1807,456,123,1
1808,852,66,1
1809,43,70,0
1810,65,407,0
1811,964,896,1
1812,645,179,1
1813,462,252,1
1814,583,668,1
1815,722,295,1
1816,484,870,0
1817,152,254,0
1818,261,718,0
1819,735,341,1
1820,991,655,1
1821,8,461,0
1822,153,330,0
1823,657,153,1
1824,807,718,1
1825,677,710,1
1826,13,562,0
1827,280,604,0
1828,976,987,1
1829,873,853,1
1830,711,183,1
1831,208,888,0
1832,247,236,1
1833,310,66,1
1834,227,29,1
1835,244,115,1
1836,42,18,1
1837,668,296,1
1838,971,268,1
1839,820,898,1
1840,235,202,1
1841,857,435,1
1842,335,378,1
1843,983,216,1
1844,13,639,0
1845,423,143,1
1846,821,507,1
1847,817,622,1
1848,85,682,0
1849,569,437,1
1850,633,436,1
1851,878,722,1
1852,2,652,0
1853,325,352,1
1854,637,209,1
1855,780,170,1
1856,636,672,1
1857,963,585,1
1858,218,332,0
1859,837,144,1
1860,648,644,1
1861,99,952,0
1862,509,39,1
1863,466,917,0
1864,890,486,1
1865,587,28,1
1866,586,549,1
1867,144,831,0
1868,80,536,0
1869,15,775,0
1870,132,783,0
1871,990,837,1
1872,774,262,1
1873,446,173,1
1874,707,195,1
1875,837,711,1
1876,852,780,1
1877,147,947,0
1878,827,660,1
1879,566,384,1
1880,209,594,0
1881,209,353,0
1882,987,239,1
1883,119,606,0
1884,931,458,1
1885,710,426,1
1886,427,873,0
1887,574,230,1
1888,428,478,1
1889,544,241,1
1890,68,515,0
1891,179,930,0
1892,350,140,1
1893,626,668,1
1894,900,808,1
1895,98,900,0
1896,71,923,0
1897,943,298,1
1898,207,51,1
1899,446,370,1
1900,950,757,1
1901,13,470,0
1902,214,620,0
1903,335,330,1
1904,915,381,1
1905,388,235,1
1906,835,393,1
1907,229,964,0
1908,938,984,1
1909,588,15,1
1910,738,983,1
1911,193,661,0
1912,840,565,1
1913,442,562,1
1914,946,384,1
1915,138,536,0
1916,828,391,1
1917,554,110,1
1918,433,427,1
1919,782,28,1
1920,919,751,1
1921,902,198,1
1922,523,953,0
1923,716,563,1
1924,388,164,1
1925,437,568,1
1926,364,531,0
1927,168,694,0
1928,56,788,0
1929,636,725,1
1930,624,887,0
1931,223,379,0
1932,26,290,0
1933,784,702,1
1934,33,562,0
1935,806,353,1
1936,739,904,1
1937,42,758,0
1938,617,741,1
1939,54,120,0
1940,575,180,1
1941,849,12,1
1942,179,586,0
1943,603,780,1
1944,138,948,0
1945,522,767,0
1946,654,438,1
1947,768,97,1
1948,196,43,1
1949,643,658,1
1950,769,950,1
1951,380,885,0
1952,429,332,1
1953,467,111,1
1954,824,251,1
1955,655,994,0
1956,840,931,1
1957,764,558,1
1958,245,920,0
1959,813,939,1
1960,948,489,1
1961,249,925,0
1962,655,600,1
1963,289,355,1
1964,989,462,1
1965,983,318,1
1966,758,723,1
1967,259,779,0
1968,823,990,1
1969,671,846,1
1970,412,831,0
1971,586,515,1
1972,755,327,1
1973,402,953,0
1974,621,896,0
1975,130,30,1
1976,208,207,1
1977,851,817,1
1978,439,746,0
1979,71,296,0
1980,299,287,1
1981,985,782,1
1982,954,611,1
1983,647,280,1
1984,406,876,0
1985,609,245,1
1986,705,12,1
1987,180,608,0
1988,884,66,1
1989,351,603,0
1990,679,102,1
1991,631,402,1
1992,970,305,1
1993,294,209,1
1994,106,503,0
1995,38,378,0
1996,992,962,1
1997,203,951,0
1998,35,988,0
1999,982,952,1
2000,942,785,1
