n 500
c 161092
z 227797
time 0.00
1,818,900,1
2,379,304,1
3,636,318,1
4,96,447,0
5,902,928,1
6,957,86,1
7,574,497,1
8,656,552,1
9,531,913,1
10,911,566,1
11,195,784,0
12,455,471,1
13,239,32,1
14,966,760,1
15,603,17,1
16,168,17,1
17,490,881,1
18,782,676,1
19,855,461,1
20,590,714,1
21,558,337,1
22,595,300,1
23,112,240,0
24,948,483,1
25,309,337,1
26,523,20,1
27,892,198,1
28,636,212,1
29,182,994,0
30,469,859,1
31,121,862,0
32,140,216,1
33,32,768,0
34,459,65,1
35,976,176,1
36,145,5,1
37,477,432,1
38,27,857,0
39,131,496,0
40,520,755,1
41,416,755,1
42,266,14,1
43,6,330,0
44,863,466,1
45,959,355,1
46,679,79,1
47,433,766,1
48,865,358,1
49,265,707,0
50,262,908,0
51,507,627,1
52,911,212,1
53,351,113,1
54,169,328,0
55,824,677,1
56,54,924,0
57,47,725,0
58,200,135,1
59,52,160,0
60,751,222,1
61,44,537,0
62,594,791,1
63,414,964,0
64,226,527,0
65,983,512,1
66,921,728,1
67,109,81,1
68,842,419,1
69,1,808,0
70,954,342,1
71,613,434,1
72,659,154,1
73,653,634,1
74,482,195,1
75,859,372,1
76,230,845,0
77,450,583,1
78,257,191,1
79,20,573,0
80,556,775,1
81,959,114,1
82,634,98,1
83,882,719,1
84,518,662,1
85,61,674,0
86,425,846,0
87,246,260,1
88,27,120,0
89,80,286,0
90,939,687,1
91,158,377,0
92,274,89,1
93,990,489,1
94,409,644,1
95,488,460,1
96,283,161,1
97,557,37,1
98,396,941,0
99,941,688,1
100,209,200,1
101,153,441,0
102,266,628,0
103,127,782,0
104,98,188,0
105,539,117,1
106,367,382,1
107,730,443,1
108,501,671,1
109,578,19,1
110,757,321,1
111,894,247,1
112,658,923,1
113,398,285,1
114,236,413,0
115,474,753,1
116,493,775,1
117,367,723,0
118,809,413,1
119,98,693,0
120,179,73,1
121,754,868,1
122,411,197,1
123,866,904,1
124,587,379,1
125,180,553,0
126,121,555,0
127,785,328,1
128,782,632,1
129,452,247,1
130,605,663,1
131,663,878,1
132,79,373,0
133,772,443,1
134,179,340,0
135,382,557,1
136,868,426,1
137,537,109,1
138,794,943,1
139,923,170,1
140,226,720,0
141,214,15,1
142,681,373,1
143,710,27,1
144,580,947,1
145,244,365,1
146,683,166,1
147,77,474,0
148,771,759,1
149,885,133,1
150,43,782,0
151,557,769,1
152,535,685,1
153,236,230,1
154,208,880,0
155,489,182,1
156,332,948,0
157,14,242,0
158,449,987,0
159,224,366,1
160,605,953,1
161,371,717,0
162,826,591,1
163,74,50,1
164,93,794,0
165,621,61,1
166,21,302,0
167,939,991,1
168,616,116,1
169,318,402,1
170,313,877,0
171,695,607,1
172,470,914,0
173,262,725,0
174,254,282,1
175,387,363,1
176,456,439,1
177,827,114,1
178,166,701,0
179,834,930,1
180,953,400,1
181,215,519,0
182,886,841,1
183,61,320,0
184,709,724,1
185,717,581,1
186,154,169,1
187,145,770,0
188,524,709,1
189,260,500,0
190,891,845,1
191,389,550,1
192,120,351,0
193,10,816,0
194,4,324,0
195,984,797,1
196,666,918,1
197,49,648,0
198,288,282,1
199,655,763,1
200,464,241,1
201,772,731,1
202,518,745,1
203,100,147,1
204,922,195,1
205,818,411,1
206,789,705,1
207,527,428,1
208,632,310,1
209,170,659,0
210,647,9,1
211,225,536,0
212,373,920,0
213,421,955,0
214,113,877,0
215,220,378,1
216,111,679,0
217,175,672,0
218,881,384,1
219,996,477,1
220,67,846,0
221,558,406,1
222,247,257,1
223,104,481,0
224,45,296,0
225,545,200,1
226,44,560,0
227,296,783,0
228,814,889,1
229,65,243,0
230,245,775,0
231,856,961,1
232,251,82,1
233,866,969,1
234,184,730,0
235,444,445,1
236,85,196,0
237,611,673,1
238,725,137,1
239,370,673,0
240,979,929,1
241,289,865,0
242,325,443,1
243,426,477,1
244,736,943,1
245,312,126,1
246,54,163,0
247,32,118,0
248,699,486,1
249,689,216,1
250,134,612,0
251,920,271,1
252,290,647,0
253,132,865,0
254,115,862,0
255,793,967,1
256,893,685,1
257,32,348,0
258,736,488,1
259,939,127,1
260,537,837,1
261,589,479,1
262,154,221,1
263,912,731,1
264,50,559,0
265,185,3,1
266,215,450,0
267,62,390,0
268,455,884,0
269,927,937,1
270,469,835,1
271,34,568,0
272,609,759,1
273,696,668,1
274,657,99,1
275,934,73,1
276,659,478,1
277,686,763,1
278,149,338,0
279,675,845,1
280,659,264,1
281,140,45,1
282,407,910,0
283,223,879,0
284,151,599,0
285,119,188,1
286,896,829,1
287,584,943,1
288,417,109,1
289,423,293,1
290,586,759,1
291,831,166,1
292,931,784,1
293,46,172,0
294,945,78,1
295,582,759,1
296,995,263,1
297,559,698,1
298,907,542,1
299,777,262,1
300,239,404,1
301,344,736,0
302,671,999,1
303,8,570,0
304,202,81,1
305,576,507,1
306,57,760,0
307,43,283,0
308,125,461,0
309,201,432,0
310,956,115,1
311,900,646,1
312,926,222,1
313,294,758,0
314,670,766,1
315,192,230,1
316,844,694,1
317,693,313,1
318,519,557,1
319,902,586,1
320,631,97,1
321,790,386,1
322,913,107,1
323,285,420,1
324,340,770,0
325,979,105,1
326,377,391,1
327,466,158,1
328,975,571,1
329,781,710,1
330,660,897,1
331,975,932,1
332,712,11,1
333,68,849,0
334,642,628,1
335,917,454,1
336,358,751,0
337,111,303,0
338,927,107,1
339,650,732,1
340,262,100,1
341,327,677,0
342,836,246,1
343,347,666,0
344,388,456,1
345,273,356,1
346,345,363,1
347,923,580,1
348,119,462,0
349,984,149,1
350,854,167,1
351,985,408,1
352,513,968,0
353,870,36,1
354,149,788,0
355,798,120,1
356,293,701,0
357,43,207,0
358,882,755,1
359,68,959,0
360,287,258,1
361,820,158,1
362,474,417,1
363,823,681,1
364,751,514,1
365,197,698,0
366,583,475,1
367,367,453,1
368,693,392,1
369,839,655,1
370,993,187,1
371,908,388,1
372,566,58,1
373,450,700,1
374,838,642,1
375,712,936,1
376,701,845,1
377,923,767,1
378,746,926,1
379,408,720,1
380,178,981,0
381,727,91,1
382,975,195,1
383,603,80,1
384,126,603,0
385,406,59,1
386,118,683,0
387,217,947,0
388,828,470,1
389,928,750,1
390,148,816,0
391,236,987,0
392,794,437,1
393,3,675,0
394,894,478,1
395,874,36,1
396,373,257,1
397,290,308,1
398,644,780,1
399,768,654,1
400,664,93,1
401,446,236,1
402,809,393,1
403,496,226,1
404,853,215,1
405,761,666,1
406,496,168,1
407,532,714,1
408,497,918,1
409,758,302,1
410,232,158,1
411,536,691,1
412,708,91,1
413,242,721,0
414,449,441,1
415,211,227,1
416,382,10,1
417,221,943,0
418,805,608,1
419,526,140,1
420,315,400,1
421,521,701,1
422,543,887,1
423,586,825,1
424,759,996,1
425,297,900,0
426,862,521,1
427,814,118,1
428,43,680,0
429,635,830,1
430,330,398,1
431,831,723,1
432,949,662,1
433,894,334,1
434,566,757,1
435,158,567,0
436,363,29,1
437,660,218,1
438,956,752,1
439,989,190,1
440,432,571,1
441,745,250,1
442,227,60,1
443,297,348,1
444,653,346,1
445,969,495,1
446,12,488,0
447,729,257,1
448,529,677,1
449,93,375,0
450,160,891,0
451,724,765,1
452,897,241,1
453,822,157,1
454,467,39,1
455,527,402,1
456,536,598,1
457,728,59,1
458,900,922,1
459,837,487,1
460,191,14,1
461,464,729,1
462,626,250,1
463,564,769,1
464,286,498,1
465,910,604,1
466,416,510,1
467,742,970,1
468,480,170,1
469,588,306,1
470,593,185,1
471,60,708,0
472,219,459,0
473,180,322,1
474,148,248,1
475,317,68,1
476,837,631,1
477,324,447,1
478,96,136,1
479,229,385,1
480,16,667,0
481,589,571,1
482,401,211,1
483,790,883,1
484,430,970,0
485,120,109,1
486,953,945,1
487,858,246,1
488,868,116,1
489,239,277,1
490,487,817,1
491,917,775,1
492,891,779,1
493,690,485,1
494,387,439,1
495,471,251,1
496,138,434,0
497,766,439,1
498,519,205,1
499,264,156,1
500,717,6,1
