n 1000
c 132432
z 306475
time 0.00
1,443,910,0
2,855,399,1
3,293,817,0
4,845,502,1
5,950,35,1
6,666,700,0
7,422,284,1
8,340,798,0
9,139,668,0
10,947,589,1
11,412,378,0
12,868,470,1
13,896,427,1
14,75,31,1
15,116,179,0
16,453,351,1
17,67,252,0
18,243,259,0
19,679,464,1
20,842,617,1
21,862,644,1
22,976,50,1
23,961,35,1
24,729,977,0
25,294,859,0
26,263,291,0
27,189,393,0
28,176,842,0
29,679,524,1
30,505,602,0
31,58,64,0
32,585,582,0
33,617,154,1
34,448,728,0
35,744,27,1
36,70,596,0
37,502,387,1
38,840,855,0
39,299,187,1
40,900,521,1
41,641,430,1
42,614,636,0
43,910,45,1
44,852,464,1
45,7,470,0
46,724,269,1
47,761,728,0
48,597,308,1
49,81,30,1
50,578,179,1
51,20,245,0
52,779,299,1
53,544,796,0
54,582,559,0
55,977,767,1
56,707,42,1
57,647,464,1
58,445,677,0
59,805,443,1
60,268,941,0
61,909,339,1
62,967,861,0
63,598,574,0
64,790,669,1
65,743,594,1
66,582,239,1
67,214,715,0
68,342,129,1
69,817,627,1
70,502,716,0
71,302,388,0
72,32,520,0
73,878,629,1
74,902,618,1
75,435,390,0
76,963,123,1
77,563,769,0
78,366,382,0
79,693,471,1
80,576,997,0
81,648,620,0
82,367,696,0
83,202,881,0
84,195,372,0
85,46,652,0
86,453,780,0
87,879,790,0
88,192,615,0
89,257,889,0
90,303,102,1
91,647,59,1
92,830,367,1
93,438,395,0
94,5,226,0
95,825,31,1
96,959,744,1
97,806,520,1
98,953,915,0
99,901,795,0
100,477,943,0
101,17,212,0
102,294,747,0
103,47,545,0
104,358,195,1
105,508,536,0
106,244,461,0
107,467,470,0
108,553,101,1
109,483,557,0
110,489,768,0
111,750,609,1
112,671,2,1
113,862,768,0
114,888,548,1
115,787,468,1
116,786,109,1
117,72,814,0
118,382,772,0
119,315,224,1
120,920,887,0
121,242,158,1
122,15,155,0
123,107,290,0
124,128,753,0
125,68,204,0
126,789,297,1
127,17,330,0
128,547,366,1
129,540,273,1
130,697,462,1
131,647,696,0
132,452,444,0
133,197,973,0
134,359,539,0
135,294,911,0
136,808,425,1
137,297,760,0
138,542,837,0
139,572,20,1
140,526,471,0
141,103,818,0
142,733,971,0
143,958,534,1
144,800,690,1
145,253,232,0
146,591,909,0
147,94,125,0
148,104,870,0
149,613,695,0
150,431,133,1
151,389,516,0
152,987,843,1
153,660,856,0
154,972,535,1
155,177,920,0
156,385,75,1
157,838,85,1
158,646,594,0
159,288,600,0
160,122,656,0
161,451,520,0
162,806,261,1
163,251,429,0
164,698,816,0
165,317,176,1
166,842,589,1
167,60,201,0
168,981,122,1
169,575,388,1
170,622,996,0
171,863,969,0
172,299,392,0
173,847,687,1
174,107,808,0
175,252,141,1
176,205,877,0
177,772,685,0
178,611,340,1
179,739,389,1
180,69,646,0
181,1000,810,1
182,58,543,0
183,470,211,1
184,434,795,0
185,478,719,0
186,446,800,0
187,418,797,0
188,441,364,1
189,100,142,0
190,976,780,1
191,709,33,1
192,388,533,0
193,274,67,1
194,641,955,0
195,761,136,1
196,422,548,0
197,577,594,0
198,813,336,1
199,951,685,1
200,245,232,0
201,589,861,0
202,402,799,0
203,309,173,1
204,671,105,1
205,163,61,1
206,649,223,1
207,600,703,0
208,148,700,0
209,659,518,1
210,796,696,0
211,322,995,0
212,282,814,0
213,966,125,1
214,382,491,0
215,92,52,1
216,443,310,1
217,856,675,1
218,630,398,1
219,316,72,1
220,432,869,0
221,134,208,0
222,891,39,1
223,296,908,0
224,697,222,1
225,929,954,0
226,816,278,1
227,785,34,1
228,82,112,0
229,889,990,0
230,1,597,0
231,401,228,1
232,336,697,0
233,611,51,1
234,988,385,1
235,420,752,0
236,145,130,0
237,299,524,0
238,585,592,0
239,202,467,0
240,311,751,0
241,498,508,0
242,586,194,1
243,139,560,0
244,765,558,1
245,48,169,0
246,483,745,0
247,537,224,1
248,48,516,0
249,706,259,1
250,10,195,0
251,193,353,0
252,918,349,1
253,101,699,0
254,247,476,0
255,313,250,1
256,954,315,1
257,568,807,0
258,893,111,1
259,843,146,1
260,525,19,1
261,670,658,0
262,895,836,0
263,880,269,1
264,278,397,0
265,529,846,0
266,907,24,1
267,446,465,0
268,275,730,0
269,304,427,0
270,458,754,0
271,898,650,1
272,613,70,1
273,73,854,0
274,325,793,0
275,862,836,0
276,752,37,1
277,719,269,1
278,441,89,1
279,556,743,0
280,503,671,0
281,740,183,1
282,940,725,1
283,736,362,1
284,388,357,0
285,423,31,1
286,757,963,0
287,785,674,0
288,245,803,0
289,536,743,0
290,87,197,0
291,207,769,0
292,584,622,0
293,542,191,1
294,590,124,1
295,902,625,1
296,103,885,0
297,535,165,1
298,783,605,1
299,418,56,1
300,972,346,1
301,216,643,0
302,700,845,0
303,193,212,0
304,950,160,1
305,136,966,0
306,670,198,1
307,907,806,0
308,545,396,1
309,9,834,0
310,512,434,1
311,885,704,1
312,522,765,0
313,503,817,0
314,186,900,0
315,265,16,1
316,912,709,1
317,918,299,1
318,899,660,1
319,566,925,0
320,868,967,0
321,999,853,1
322,782,257,1
323,782,270,1
324,449,345,1
325,307,388,0
326,69,238,0
327,818,944,0
328,652,553,1
329,78,256,0
330,344,319,0
331,928,214,1
332,916,122,1
333,5,227,0
334,351,99,1
335,373,320,1
336,378,750,0
337,440,969,0
338,259,601,0
339,995,879,0
340,538,698,0
341,120,656,0
342,753,677,0
343,684,316,1
344,416,87,1
345,1,95,0
346,326,737,0
347,612,918,0
348,124,996,0
349,649,872,0
350,859,798,0
351,146,787,0
352,190,175,0
353,86,631,0
354,474,291,1
355,63,139,0
356,737,67,1
357,764,250,1
358,582,738,0
359,940,145,1
360,763,489,1
361,132,648,0
362,919,375,1
363,56,35,1
364,339,865,0
365,934,588,1
366,99,202,0
367,416,359,0
368,378,391,0
369,439,730,0
370,710,913,0
371,749,398,1
372,194,112,1
373,107,126,0
374,554,873,0
375,633,267,1
376,561,948,0
377,564,65,1
378,823,884,0
379,505,146,1
380,103,67,1
381,288,245,0
382,316,618,0
383,779,907,0
384,259,354,0
385,286,334,0
386,403,866,0
387,545,958,0
388,985,421,1
389,153,416,0
390,392,591,0
391,813,589,1
392,254,764,0
393,979,621,1
394,674,101,1
395,562,919,0
396,962,456,1
397,619,30,1
398,824,274,1
399,393,161,1
400,268,44,1
401,39,535,0
402,813,96,1
403,968,420,1
404,649,374,1
405,538,661,0
406,853,439,1
407,196,876,0
408,718,365,1
409,830,217,1
410,541,173,1
411,216,733,0
412,416,234,1
413,147,163,0
414,94,679,0
415,763,182,1
416,971,265,1
417,518,889,0
418,265,191,1
419,158,871,0
420,647,702,0
421,914,280,1
422,331,781,0
423,563,340,1
424,636,874,0
425,946,519,1
426,531,536,0
427,695,393,1
428,7,630,0
429,516,689,0
430,167,108,1
431,679,189,1
432,834,740,0
433,823,584,1
434,650,691,0
435,518,993,0
436,407,795,0
437,189,92,1
438,784,94,1
439,781,344,1
440,261,73,1
441,305,364,0
442,704,83,1
443,770,878,0
444,889,112,1
445,250,242,0
446,537,326,1
447,561,291,1
448,966,91,1
449,950,369,1
450,429,929,0
451,901,847,0
452,365,48,1
453,895,247,1
454,728,54,1
455,295,565,0
456,509,205,1
457,361,213,1
458,688,65,1
459,205,890,0
460,908,564,1
461,617,660,0
462,895,560,1
463,356,356,0
464,731,809,0
465,383,799,0
466,316,500,0
467,774,109,1
468,173,256,0
469,524,621,0
470,421,776,0
471,349,727,0
472,679,161,1
473,412,45,1
474,176,302,0
475,525,246,1
476,226,710,0
477,301,617,0
478,37,767,0
479,733,427,1
480,324,649,0
481,894,134,1
482,173,505,0
483,46,206,0
484,786,760,0
485,936,736,1
486,429,104,1
487,618,329,1
488,217,235,0
489,176,832,0
490,251,719,0
491,630,857,0
492,87,370,0
493,298,55,1
494,295,262,0
495,888,861,0
496,526,601,0
497,263,834,0
498,155,235,0
499,520,863,0
500,425,925,0
501,31,621,0
502,603,275,1
503,283,360,0
504,37,837,0
505,871,578,1
506,6,128,0
507,859,413,1
508,433,443,0
509,636,393,1
510,122,769,0
511,999,894,0
512,821,395,1
513,206,423,0
514,27,631,0
515,601,707,0
516,6,721,0
517,254,961,0
518,908,332,1
519,211,351,0
520,360,124,1
521,391,103,1
522,987,451,1
523,480,191,1
524,362,23,1
525,248,955,0
526,665,5,1
527,529,57,1
528,229,596,0
529,223,769,0
530,663,312,1
531,333,823,0
532,613,593,0
533,711,887,0
534,850,511,1
535,174,307,0
536,942,68,1
537,635,636,0
538,176,199,0
539,163,578,0
540,439,696,0
541,200,466,0
542,568,565,0
543,640,307,1
544,618,104,1
545,950,677,1
546,421,194,1
547,95,367,0
548,273,889,0
549,903,939,0
550,515,25,1
551,178,440,0
552,922,266,1
553,94,851,0
554,72,909,0
555,109,228,0
556,732,628,1
557,489,344,1
558,636,165,1
559,760,296,1
560,319,659,0
561,599,949,0
562,9,386,0
563,411,127,1
564,72,813,0
565,994,145,1
566,611,405,1
567,872,666,1
568,426,175,1
569,382,426,0
570,624,315,1
571,757,598,1
572,637,69,1
573,783,907,0
574,664,666,0
575,734,835,0
576,986,169,1
577,327,359,0
578,317,315,0
579,102,610,0
580,844,184,1
581,933,269,1
582,300,528,0
583,791,372,1
584,664,578,1
585,174,572,0
586,730,477,1
587,964,759,1
588,901,408,1
589,431,182,1
590,784,208,1
591,406,673,0
592,637,854,0
593,800,438,1
594,591,618,0
595,268,260,0
596,929,296,1
597,58,235,0
598,756,973,0
599,144,131,0
600,201,462,0
601,337,549,0
602,460,461,0
603,417,465,0
604,265,650,0
605,827,389,1
606,737,594,1
607,387,406,0
608,356,342,0
609,807,638,1
610,738,242,1
611,264,907,0
612,917,112,1
613,671,664,0
614,550,304,1
615,314,442,0
616,72,183,0
617,181,105,1
618,154,226,0
619,925,793,1
620,61,965,0
621,473,868,0
622,429,452,0
623,425,405,0
624,885,988,0
625,488,92,1
626,147,735,0
627,142,689,0
628,850,395,1
629,918,399,1
630,359,614,0
631,495,126,1
632,363,408,0
633,885,892,0
634,222,629,0
635,351,514,0
636,541,550,0
637,427,911,0
638,650,626,0
639,438,179,1
640,42,558,0
641,536,850,0
642,701,102,1
643,691,867,0
644,22,518,0
645,812,35,1
646,673,226,1
647,979,931,0
648,580,631,0
649,109,571,0
650,262,188,1
651,201,97,1
652,885,680,1
653,471,82,1
654,68,937,0
655,491,692,0
656,512,958,0
657,849,134,1
658,484,714,0
659,571,164,1
660,875,270,1
661,214,626,0
662,898,553,1
663,3,957,0
664,8,998,0
665,265,369,0
666,621,131,1
667,663,434,1
668,512,945,0
669,719,754,0
670,861,5,1
671,918,283,1
672,403,210,1
673,104,298,0
674,684,216,1
675,993,233,1
676,309,453,0
677,126,664,0
678,621,166,1
679,226,127,1
680,987,699,1
681,837,737,0
682,448,132,1
683,726,728,0
684,19,804,0
685,465,242,1
686,755,664,0
687,731,29,1
688,927,652,1
689,2,108,0
690,705,187,1
691,626,766,0
692,226,488,0
693,778,479,1
694,975,782,1
695,373,997,0
696,928,680,1
697,309,633,0
698,209,950,0
699,857,296,1
700,10,788,0
701,655,214,1
702,681,689,0
703,885,758,1
704,688,89,1
705,961,839,0
706,200,967,0
707,321,262,1
708,580,339,1
709,13,812,0
710,3,108,0
711,912,853,0
712,557,794,0
713,85,373,0
714,214,250,0
715,237,454,0
716,665,735,0
717,839,994,0
718,956,393,1
719,481,377,1
720,201,877,0
721,443,280,1
722,884,129,1
723,899,854,0
724,384,370,0
725,706,908,0
726,637,436,1
727,542,729,0
728,996,813,1
729,665,351,1
730,307,766,0
731,958,93,1
732,35,431,0
733,915,490,1
734,862,254,1
735,402,467,0
736,79,540,0
737,418,561,0
738,866,700,1
739,515,842,0
740,754,305,1
741,143,18,1
742,217,915,0
743,371,838,0
744,266,573,0
745,629,676,0
746,450,166,1
747,551,162,1
748,597,225,1
749,57,554,0
750,453,60,1
751,373,815,0
752,574,90,1
753,580,1000,0
754,996,445,1
755,622,173,1
756,718,820,0
757,287,602,0
758,620,916,0
759,900,159,1
760,683,510,1
761,61,737,0
762,545,189,1
763,653,833,0
764,827,642,1
765,212,247,0
766,333,126,1
767,142,163,0
768,361,171,1
769,939,543,1
770,200,7,1
771,975,988,0
772,255,942,0
773,789,824,0
774,97,971,0
775,397,953,0
776,722,227,1
777,133,681,0
778,131,151,0
779,51,405,0
780,865,196,1
781,648,844,0
782,80,640,0
783,39,184,0
784,870,498,1
785,701,396,1
786,122,942,0
787,531,923,0
788,970,141,1
789,951,928,0
790,500,621,0
791,729,216,1
792,676,906,0
793,945,592,1
794,621,8,1
795,293,363,0
796,75,572,0
797,616,676,0
798,12,478,0
799,599,629,0
800,495,237,1
801,157,658,0
802,988,207,1
803,334,901,0
804,419,107,1
805,232,247,0
806,977,662,1
807,533,759,0
808,237,870,0
809,893,986,0
810,825,902,0
811,553,927,0
812,636,110,1
813,522,773,0
814,340,93,1
815,784,804,0
816,177,614,0
817,334,565,0
818,612,574,0
819,755,503,1
820,182,638,0
821,140,511,0
822,757,64,1
823,948,403,1
824,761,882,0
825,981,779,1
826,957,850,0
827,400,588,0
828,921,245,1
829,97,587,0
830,317,521,0
831,870,570,1
832,399,179,1
833,558,210,1
834,493,109,1
835,502,525,0
836,702,800,0
837,430,798,0
838,51,2,1
839,931,976,0
840,220,939,0
841,86,391,0
842,924,282,1
843,969,439,1
844,70,263,0
845,81,968,0
846,777,165,1
847,814,106,1
848,495,886,0
849,40,971,0
850,412,50,1
851,556,2,1
852,649,14,1
853,556,591,0
854,399,429,0
855,429,425,0
856,73,750,0
857,866,675,1
858,43,305,0
859,541,60,1
860,591,943,0
861,374,825,0
862,854,405,1
863,692,874,0
864,651,828,0
865,160,910,0
866,235,905,0
867,113,483,0
868,913,548,1
869,793,662,1
870,318,887,0
871,7,795,0
872,885,581,1
873,390,218,1
874,917,276,1
875,531,326,1
876,751,336,1
877,764,691,0
878,663,334,1
879,91,715,0
880,888,666,1
881,945,573,1
882,696,613,0
883,696,764,0
884,611,94,1
885,673,183,1
886,259,747,0
887,460,962,0
888,804,501,1
889,294,880,0
890,510,406,1
891,421,482,0
892,868,624,1
893,519,657,0
894,401,91,1
895,984,28,1
896,906,418,1
897,73,582,0
898,846,570,1
899,94,520,0
900,594,704,0
901,672,894,0
902,818,494,1
903,585,881,0
904,306,466,0
905,767,649,1
906,442,556,0
907,799,188,1
908,272,505,0
909,867,519,1
910,951,904,0
911,678,607,0
912,605,73,1
913,67,405,0
914,426,949,0
915,350,756,0
916,444,750,0
917,514,560,0
918,792,339,1
919,290,709,0
920,522,24,1
921,603,137,1
922,294,880,0
923,470,71,1
924,656,376,1
925,748,65,1
926,421,730,0
927,417,913,0
928,364,962,0
929,3,428,0
930,967,177,1
931,988,499,1
932,731,59,1
933,363,480,0
934,295,815,0
935,322,505,0
936,2,643,0
937,200,284,0
938,205,257,0
939,949,776,1
940,839,873,0
941,974,499,1
942,727,428,1
943,63,421,0
944,756,843,0
945,669,464,1
946,105,658,0
947,590,259,1
948,468,797,0
949,519,937,0
950,733,517,1
951,117,739,0
952,756,822,0
953,912,167,1
954,355,560,0
955,873,234,1
956,875,777,0
957,493,489,0
958,570,3,1
959,897,336,1
960,609,799,0
961,693,198,1
962,572,469,1
963,301,429,0
964,659,911,0
965,482,353,1
966,366,473,0
967,24,373,0
968,277,183,1
969,1000,252,1
970,36,724,0
971,958,306,1
972,446,57,1
973,357,760,0
974,345,266,1
975,742,742,0
976,263,553,0
977,999,824,1
978,509,942,0
979,240,760,0
980,315,44,1
981,560,76,1
982,540,200,1
983,759,123,1
984,896,112,1
985,941,817,0
986,197,702,0
987,575,52,1
988,197,104,1
989,610,715,0
990,40,734,0
991,487,354,1
992,361,143,1
993,599,580,0
994,399,703,0
995,48,230,0
996,946,609,1
997,326,228,1
998,709,85,1
999,13,282,0
1000,819,615,1
