n 500
c 115901
z 191994
time 0.00
1,381,616,0
2,273,737,0
3,791,947,1
4,199,520,0
5,304,461,0
6,164,966,0
7,656,270,1
8,46,880,0
9,685,198,1
10,509,311,1
11,206,756,0
12,654,288,1
13,290,341,1
14,93,481,0
15,942,333,1
16,215,473,0
17,541,598,1
18,221,901,0
19,713,778,1
20,572,403,1
21,128,710,0
22,874,204,1
23,99,949,0
24,371,683,0
25,416,893,0
26,313,477,0
27,799,403,1
28,130,596,0
29,25,166,0
30,371,876,0
31,988,738,1
32,27,160,0
33,483,356,1
34,858,346,1
35,66,853,0
36,216,126,1
37,592,397,1
38,562,97,1
39,845,549,1
40,494,691,0
41,627,672,1
42,904,142,1
43,176,567,0
44,950,658,1
45,465,672,0
46,62,999,0
47,971,506,1
48,815,134,1
49,931,8,1
50,692,365,1
51,318,743,0
52,893,805,1
53,330,542,0
54,944,153,1
55,243,657,0
56,69,324,0
57,265,778,0
58,407,735,0
59,431,997,0
60,222,791,0
61,527,173,1
62,777,199,1
63,296,760,0
64,256,151,1
65,577,236,1
66,984,65,1
67,24,845,0
68,640,363,1
69,987,893,1
70,272,14,1
71,560,710,0
72,282,986,0
73,176,655,0
74,560,692,1
75,957,400,1
76,189,117,1
77,189,811,0
78,176,376,0
79,31,297,0
80,754,71,1
81,786,46,1
82,865,626,1
83,228,555,0
84,877,462,1
85,128,182,0
86,615,22,1
87,681,536,1
88,130,265,0
89,883,307,1
90,241,152,1
91,697,709,1
92,952,529,1
93,688,989,0
94,191,972,0
95,219,625,0
96,217,82,1
97,688,642,1
98,491,13,1
99,519,549,1
100,639,65,1
101,531,326,1
102,608,437,1
103,433,3,1
104,912,629,1
105,622,922,0
106,758,615,1
107,981,672,1
108,75,959,0
109,597,23,1
110,187,322,0
111,32,499,0
112,545,684,0
113,128,258,0
114,458,150,1
115,309,670,0
116,276,343,1
117,442,912,0
118,944,478,1
119,429,242,1
120,818,513,1
121,76,952,0
122,433,805,0
123,589,596,1
124,290,843,0
125,526,454,1
126,751,347,1
127,459,116,1
128,597,32,1
129,534,419,1
130,603,976,0
131,937,810,1
132,894,686,1
133,71,503,0
134,625,213,1
135,648,865,0
136,490,723,0
137,67,530,0
138,784,367,1
139,710,534,1
140,568,305,1
141,833,916,1
142,999,637,1
143,776,392,1
144,930,860,1
145,583,554,1
146,713,543,1
147,776,271,1
148,698,800,1
149,719,417,1
150,313,23,1
151,719,166,1
152,461,925,0
153,182,802,0
154,814,121,1
155,699,858,1
156,163,701,0
157,184,511,0
158,48,452,0
159,906,250,1
160,140,290,0
161,253,682,0
162,456,119,1
163,973,647,1
164,540,106,1
165,79,18,1
166,436,151,1
167,294,603,0
168,495,348,1
169,529,366,1
170,960,630,1
171,153,275,0
172,141,658,0
173,129,249,0
174,941,746,1
175,566,407,1
176,87,287,0
177,678,759,1
178,205,798,0
179,789,255,1
180,711,520,1
181,450,540,1
182,92,649,0
183,640,685,1
184,628,333,1
185,560,393,1
186,504,442,1
187,132,55,1
188,763,478,1
189,526,888,0
190,154,910,0
191,351,107,1
192,134,295,0
193,268,741,0
194,203,813,0
195,275,970,0
196,488,454,1
197,267,620,0
198,375,242,1
199,401,23,1
200,471,970,0
201,183,23,1
202,644,697,1
203,231,167,1
204,593,603,1
205,797,895,1
206,315,497,0
207,794,57,1
208,102,918,0
209,341,64,1
210,574,202,1
211,196,125,1
212,676,576,1
213,880,519,1
214,72,749,0
215,798,134,1
216,677,120,1
217,298,453,0
218,80,296,0
219,326,402,0
220,634,471,1
221,344,98,1
222,741,161,1
223,882,854,1
224,755,792,1
225,483,436,1
226,898,928,1
227,995,708,1
228,252,602,0
229,707,696,1
230,491,263,1
231,475,230,1
232,738,51,1
233,45,173,0
234,734,491,1
235,350,394,1
236,131,4,1
237,541,766,0
238,667,226,1
239,436,477,1
240,537,569,1
241,844,398,1
242,404,404,1
243,597,210,1
244,615,144,1
245,354,915,0
246,541,347,1
247,547,234,1
248,874,990,1
249,700,317,1
250,524,685,0
251,795,219,1
252,336,79,1
253,311,829,0
254,633,566,1
255,187,108,1
256,140,541,0
257,386,193,1
258,543,777,0
259,957,948,1
260,679,349,1
261,624,868,0
262,889,934,1
263,58,847,0
264,496,287,1
265,283,856,0
266,901,10,1
267,952,75,1
268,717,172,1
269,922,485,1
270,452,28,1
271,52,772,0
272,191,96,1
273,603,408,1
274,127,499,0
275,856,974,1
276,818,783,1
277,209,327,0
278,603,187,1
279,414,889,0
280,1,313,0
281,406,497,1
282,278,871,0
283,826,644,1
284,62,903,0
285,953,825,1
286,159,253,0
287,715,316,1
288,199,405,0
289,306,929,0
290,497,183,1
291,625,347,1
292,10,96,0
293,152,1,1
294,928,934,1
295,88,635,0
296,657,807,1
297,425,439,1
298,153,279,0
299,724,18,1
300,614,188,1
301,138,605,0
302,70,295,0
303,219,438,0
304,136,170,1
305,706,304,1
306,544,568,1
307,637,464,1
308,939,574,1
309,931,788,1
310,426,436,1
311,855,786,1
312,652,303,1
313,1,571,0
314,604,550,1
315,987,954,1
316,290,751,0
317,600,805,0
318,117,342,0
319,392,815,0
320,166,833,0
321,393,535,0
322,584,299,1
323,856,40,1
324,787,963,1
325,253,574,0
326,911,944,1
327,340,778,0
328,590,467,1
329,256,378,0
330,418,921,0
331,450,976,0
332,502,892,0
333,671,453,1
334,529,869,0
335,647,586,1
336,660,96,1
337,594,715,1
338,381,939,0
339,909,801,1
340,428,980,0
341,234,122,1
342,387,895,0
343,454,670,0
344,314,417,0
345,475,513,1
346,816,819,1
347,710,168,1
348,654,558,1
349,179,114,1
350,605,968,0
351,76,629,0
352,232,713,0
353,464,657,0
354,444,557,0
355,689,525,1
356,331,173,1
357,534,212,1
358,1000,484,1
359,494,435,1
360,13,227,0
361,382,594,0
362,409,873,0
363,810,461,1
364,21,435,0
365,592,470,1
366,781,44,1
367,386,433,1
368,772,889,1
369,1,660,0
370,400,955,0
371,543,744,0
372,452,810,0
373,333,288,1
374,140,931,0
375,963,117,1
376,595,838,0
377,142,579,0
378,873,758,1
379,267,76,1
380,937,573,1
381,522,927,0
382,270,332,1
383,149,941,0
384,325,140,1
385,344,56,1
386,53,308,0
387,867,152,1
388,531,351,1
389,451,530,1
390,778,425,1
391,223,799,0
392,920,974,1
393,125,223,0
394,788,599,1
395,812,881,1
396,948,746,1
397,677,176,1
398,674,548,1
399,227,755,0
400,966,30,1
401,521,873,0
402,183,306,0
403,938,62,1
404,147,552,0
405,956,735,1
406,239,513,0
407,566,334,1
408,784,751,1
409,328,59,1
410,727,687,1
411,178,423,0
412,762,396,1
413,693,909,0
414,904,249,1
415,333,832,0
416,221,747,0
417,232,755,0
418,251,841,0
419,272,777,0
420,249,488,0
421,196,546,0
422,693,63,1
423,21,230,0
424,54,132,0
425,92,57,1
426,917,218,1
427,601,531,1
428,153,200,0
429,894,443,1
430,465,78,1
431,25,199,0
432,964,422,1
433,721,354,1
434,252,669,0
435,856,515,1
436,425,805,0
437,39,918,0
438,786,320,1
439,799,762,1
440,431,707,0
441,171,566,0
442,746,109,1
443,68,472,0
444,659,690,1
445,988,4,1
446,467,320,1
447,107,629,0
448,736,237,1
449,336,331,1
450,551,603,1
451,95,81,1
452,479,66,1
453,185,345,0
454,338,48,1
455,769,79,1
456,543,847,0
457,651,471,1
458,786,547,1
459,175,204,0
460,126,670,0
461,43,934,0
462,537,746,0
463,878,918,1
464,541,211,1
465,529,825,0
466,142,926,0
467,216,511,0
468,343,498,0
469,558,663,1
470,119,250,0
471,343,993,0
472,609,371,1
473,430,439,1
474,234,200,1
475,543,304,1
476,684,456,1
477,863,323,1
478,615,361,1
479,159,653,0
480,830,243,1
481,952,592,1
482,671,99,1
483,208,448,0
484,220,82,1
485,362,618,0
486,527,330,1
487,444,299,1
488,611,469,1
489,738,42,1
490,293,401,0
491,672,763,1
492,697,316,1
493,12,441,0
494,793,496,1
495,322,999,0
496,200,971,0
497,177,796,0
498,341,925,0
499,754,505,1
500,83,143,0
