n 1000
c 54413
z 189526
time 0.01
1,563,486,0
2,39,847,0
3,165,313,0
4,21,606,0
5,326,35,1
6,986,428,1
7,398,36,1
8,316,62,1
9,43,44,0
10,27,789,0
11,188,698,0
12,428,134,1
13,40,755,0
14,931,671,0
15,596,315,1
16,925,135,1
17,395,564,0
18,931,27,1
19,511,24,1
20,258,377,0
21,590,332,1
22,80,186,0
23,673,315,1
24,697,601,0
25,678,891,0
26,223,731,0
27,701,537,0
28,72,698,0
29,791,140,1
30,953,842,0
31,962,536,1
32,161,390,0
33,665,522,0
34,920,352,1
35,368,155,1
36,142,372,0
37,582,627,0
38,792,191,1
39,851,779,0
40,284,185,0
41,441,766,0
42,334,20,1
43,38,557,0
44,492,168,1
45,111,990,0
46,972,437,1
47,193,376,0
48,645,836,0
49,649,518,0
50,346,619,0
51,452,965,0
52,699,483,0
53,408,340,0
54,174,343,0
55,505,655,0
56,499,194,1
57,375,672,0
58,805,901,0
59,845,859,0
60,364,61,1
61,285,331,0
62,719,509,0
63,462,966,0
64,958,613,0
65,383,362,0
66,390,767,0
67,414,811,0
68,374,553,0
69,329,355,0
70,734,948,0
71,566,460,0
72,680,488,0
73,510,197,1
74,894,770,0
75,747,182,1
76,123,139,0
77,451,865,0
78,118,46,1
79,693,199,1
80,904,349,1
81,960,220,1
82,839,952,0
83,370,601,0
84,379,900,0
85,910,276,1
86,53,916,0
87,319,134,1
88,64,495,0
89,345,225,0
90,975,462,1
91,7,339,0
92,262,967,0
93,686,179,1
94,45,722,0
95,521,415,0
96,823,144,1
97,678,952,0
98,593,555,0
99,477,851,0
100,629,175,1
101,17,332,0
102,254,995,0
103,727,449,0
104,926,907,0
105,476,968,0
106,644,501,0
107,715,638,0
108,65,885,0
109,251,973,0
110,601,784,0
111,854,345,1
112,783,738,0
113,638,776,0
114,432,948,0
115,99,36,1
116,794,733,0
117,776,806,0
118,310,148,1
119,683,528,0
120,872,175,1
121,386,582,0
122,303,835,0
123,499,34,1
124,128,881,0
125,124,204,0
126,549,209,1
127,393,842,0
128,307,374,0
129,556,345,0
130,761,310,1
131,615,416,0
132,980,180,1
133,309,749,0
134,887,459,1
135,422,7,1
136,344,857,0
137,729,696,0
138,878,365,1
139,132,20,1
140,22,15,1
141,471,10,1
142,861,27,1
143,326,918,0
144,944,554,0
145,541,304,1
146,23,613,0
147,230,749,0
148,240,526,0
149,269,999,0
150,455,469,0
151,325,348,0
152,467,107,1
153,420,40,1
154,276,255,0
155,289,440,0
156,633,315,1
157,150,85,1
158,302,378,0
159,464,680,0
160,426,960,0
161,739,568,0
162,334,893,0
163,603,525,0
164,954,584,0
165,789,232,1
166,578,21,1
167,532,561,0
168,981,82,1
169,223,476,0
170,222,500,0
171,679,913,0
172,507,520,0
173,751,767,0
174,299,128,1
175,612,117,1
176,781,149,1
177,836,485,0
178,195,44,1
179,299,285,0
180,733,454,0
181,640,378,0
182,690,447,0
183,534,443,0
184,690,435,0
185,742,991,0
186,670,168,1
187,506,61,1
188,713,132,1
189,148,934,0
190,504,76,1
191,725,833,0
192,980,653,0
193,938,787,0
194,121,187,0
195,761,328,1
196,558,412,0
197,225,562,0
198,493,600,0
199,991,333,1
200,653,712,0
201,421,813,0
202,338,951,0
203,301,237,0
204,415,825,0
205,867,205,1
206,105,863,0
207,952,631,0
208,596,844,0
209,91,70,0
210,892,280,1
211,530,91,1
212,378,134,1
213,894,269,1
214,582,755,0
215,468,268,0
216,115,910,0
217,432,75,1
218,70,150,0
219,260,408,0
220,952,469,1
221,614,296,1
222,363,23,1
223,168,940,0
224,769,566,0
225,697,698,0
226,832,406,1
227,265,754,0
228,346,672,0
229,505,214,1
230,809,605,0
231,801,308,1
232,896,225,1
233,923,883,0
234,780,41,1
235,428,120,1
236,345,690,0
237,987,860,0
238,601,144,1
239,874,659,0
240,519,767,0
241,810,548,0
242,2,74,0
243,843,440,1
244,885,526,0
245,192,561,0
246,955,993,0
247,329,368,0
248,576,548,0
249,322,483,0
250,410,955,0
251,793,449,0
252,654,565,0
253,685,595,0
254,479,156,1
255,273,34,1
256,146,123,0
257,384,991,0
258,773,319,1
259,611,186,1
260,261,355,0
261,966,490,1
262,759,628,0
263,56,525,0
264,774,333,1
265,537,990,0
266,523,576,0
267,230,329,0
268,651,858,0
269,80,499,0
270,74,994,0
271,786,834,0
272,621,790,0
273,697,774,0
274,965,569,0
275,478,796,0
276,640,733,0
277,927,293,1
278,41,481,0
279,140,415,0
280,423,87,1
281,396,639,0
282,788,949,0
283,64,618,0
284,108,861,0
285,999,607,0
286,365,531,0
287,689,90,1
288,589,851,0
289,672,735,0
290,959,149,1
291,991,225,1
292,232,702,0
293,854,991,0
294,238,628,0
295,542,865,0
296,471,829,0
297,23,653,0
298,287,925,0
299,714,968,0
300,340,954,0
301,808,3,1
302,404,85,1
303,113,420,0
304,190,600,0
305,128,166,0
306,182,950,0
307,475,150,1
308,689,324,1
309,401,530,0
310,840,314,1
311,909,568,0
312,818,405,1
313,175,625,0
314,122,932,0
315,17,136,0
316,480,357,0
317,350,83,1
318,595,844,0
319,246,861,0
320,548,863,0
321,295,437,0
322,222,505,0
323,934,654,0
324,897,321,1
325,891,228,1
326,325,214,0
327,530,336,0
328,572,233,1
329,158,240,0
330,896,519,0
331,40,734,0
332,188,306,0
333,413,435,0
334,79,131,0
335,765,648,0
336,82,814,0
337,128,561,0
338,91,1,1
339,475,919,0
340,226,954,0
341,88,424,0
342,505,573,0
343,420,692,0
344,816,271,1
345,233,31,1
346,734,753,0
347,404,318,0
348,852,476,1
349,73,456,0
350,803,510,0
351,2,843,0
352,838,415,1
353,302,599,0
354,450,219,1
355,503,619,0
356,321,923,0
357,796,210,1
358,366,482,0
359,956,865,0
360,715,169,1
361,132,232,0
362,127,47,1
363,912,435,1
364,523,609,0
365,78,564,0
366,883,706,0
367,992,559,1
368,874,463,1
369,719,186,1
370,758,761,0
371,373,510,0
372,810,272,1
373,667,726,0
374,226,497,0
375,569,187,1
376,593,236,1
377,820,913,0
378,183,244,0
379,577,954,0
380,695,603,0
381,112,581,0
382,412,306,0
383,131,691,0
384,547,914,0
385,510,486,0
386,35,42,0
387,817,62,1
388,137,677,0
389,785,936,0
390,72,231,0
391,285,469,0
392,462,244,1
393,203,621,0
394,242,373,0
395,362,479,0
396,514,224,1
397,43,702,0
398,144,466,0
399,785,697,0
400,628,44,1
401,783,687,0
402,69,376,0
403,592,636,0
404,321,902,0
405,274,861,0
406,333,39,1
407,148,28,1
408,6,797,0
409,902,473,1
410,781,773,0
411,376,381,0
412,728,234,1
413,347,507,0
414,694,623,0
415,259,310,0
416,723,657,0
417,406,385,0
418,65,719,0
419,430,487,0
420,895,414,1
421,866,456,1
422,723,685,0
423,267,628,0
424,772,490,0
425,618,759,0
426,611,72,1
427,559,753,0
428,831,774,0
429,684,697,0
430,599,684,0
431,143,181,0
432,930,476,1
433,823,920,0
434,850,627,0
435,270,705,0
436,63,987,0
437,309,372,0
438,112,750,0
439,485,480,0
440,173,225,0
441,201,532,0
442,200,651,0
443,450,862,0
444,225,520,0
445,130,914,0
446,793,990,0
447,713,443,0
448,102,715,0
449,430,729,0
450,61,801,0
451,557,519,0
452,685,752,0
453,863,239,1
454,40,70,0
455,279,165,0
456,341,773,0
457,329,877,0
458,528,9,1
459,877,50,1
460,652,268,1
461,265,300,0
462,463,400,0
463,420,636,0
464,531,217,1
465,55,167,0
466,996,796,0
467,350,69,1
468,837,592,0
469,508,117,1
470,381,808,0
471,813,255,1
472,735,145,1
473,116,341,0
474,48,454,0
475,781,718,0
476,930,302,1
477,733,241,1
478,493,151,1
479,381,235,0
480,156,385,0
481,166,886,0
482,45,489,0
483,798,542,0
484,250,232,0
485,184,712,0
486,21,264,0
487,498,801,0
488,961,755,0
489,208,816,0
490,899,103,1
491,126,473,0
492,551,354,0
493,786,687,0
494,415,486,0
495,648,621,0
496,446,505,0
497,943,794,0
498,595,483,0
499,592,479,0
500,217,421,0
501,279,533,0
502,427,779,0
503,787,696,0
504,149,893,0
505,287,874,0
506,526,960,0
507,667,589,0
508,353,531,0
509,764,9,1
510,474,409,0
511,903,54,1
512,517,307,0
513,94,807,0
514,643,87,1
515,729,323,1
516,134,217,0
517,22,745,0
518,884,204,1
519,227,671,0
520,680,188,1
521,175,607,0
522,531,843,0
523,736,631,0
524,386,839,0
525,856,243,1
526,257,213,0
527,761,145,1
528,781,356,1
529,167,889,0
530,295,936,0
531,493,919,0
532,453,449,0
533,599,719,0
534,866,175,1
535,918,931,0
536,822,28,1
537,939,164,1
538,8,47,0
539,771,978,0
540,815,776,0
541,440,122,1
542,904,477,1
543,184,875,0
544,738,144,1
545,198,941,0
546,85,962,0
547,503,535,0
548,329,201,0
549,647,771,0
550,427,9,1
551,842,240,1
552,226,242,0
553,294,491,0
554,104,357,0
555,685,220,1
556,956,716,0
557,769,368,1
558,12,141,0
559,104,624,0
560,111,763,0
561,39,805,0
562,657,642,0
563,523,479,0
564,272,61,1
565,466,465,0
566,595,45,1
567,680,714,0
568,882,703,0
569,374,130,1
570,528,995,0
571,333,454,0
572,157,821,0
573,823,955,0
574,872,50,1
575,518,875,0
576,186,121,0
577,599,407,0
578,429,419,0
579,966,666,0
580,892,288,1
581,85,45,1
582,148,912,0
583,239,292,0
584,160,722,0
585,374,268,0
586,234,213,0
587,988,39,1
588,413,40,1
589,559,974,0
590,408,624,0
591,774,457,0
592,373,382,0
593,888,318,1
594,879,650,0
595,468,708,0
596,601,208,1
597,682,915,0
598,580,293,1
599,760,99,1
600,489,54,1
601,385,29,1
602,996,621,0
603,753,369,1
604,65,586,0
605,627,597,0
606,449,890,0
607,339,342,0
608,92,174,0
609,391,438,0
610,442,594,0
611,680,195,1
612,117,168,0
613,935,584,0
614,78,208,0
615,602,834,0
616,64,583,0
617,885,785,0
618,914,370,1
619,501,809,0
620,397,245,0
621,193,172,0
622,453,812,0
623,409,925,0
624,69,500,0
625,648,292,1
626,91,519,0
627,838,81,1
628,554,371,0
629,830,727,0
630,991,502,1
631,935,870,0
632,131,448,0
633,981,460,1
634,398,157,1
635,511,66,1
636,205,70,1
637,571,703,0
638,650,106,1
639,54,443,0
640,514,774,0
641,344,378,0
642,941,446,1
643,379,739,0
644,278,222,0
645,164,67,1
646,73,306,0
647,83,507,0
648,116,263,0
649,797,931,0
650,806,44,1
651,353,601,0
652,325,952,0
653,799,706,0
654,500,577,0
655,195,588,0
656,392,550,0
657,425,310,0
658,604,114,1
659,795,356,1
660,563,598,0
661,878,194,1
662,754,81,1
663,259,341,0
664,408,350,0
665,321,993,0
666,189,99,1
667,983,594,0
668,720,985,0
669,7,914,0
670,325,773,0
671,318,19,1
672,907,146,1
673,616,538,0
674,500,832,0
675,593,401,0
676,29,685,0
677,110,432,0
678,885,558,0
679,98,903,0
680,563,371,0
681,557,73,1
682,104,836,0
683,750,536,0
684,939,892,0
685,745,946,0
686,643,808,0
687,587,893,0
688,551,252,1
689,314,924,0
690,913,547,0
691,978,678,0
692,354,288,0
693,226,943,0
694,919,558,0
695,5,597,0
696,504,448,0
697,213,697,0
698,369,910,0
699,241,384,0
700,538,764,0
701,567,534,0
702,233,737,0
703,461,118,1
704,968,969,0
705,281,487,0
706,728,967,0
707,745,798,0
708,564,811,0
709,501,300,0
710,515,540,0
711,424,261,0
712,469,850,0
713,509,45,1
714,54,826,0
715,53,390,0
716,241,999,0
717,631,954,0
718,852,449,1
719,841,569,0
720,361,949,0
721,379,760,0
722,540,681,0
723,603,710,0
724,448,2,1
725,242,228,0
726,277,900,0
727,382,129,1
728,740,229,1
729,225,191,0
730,355,158,1
731,638,437,0
732,403,943,0
733,147,122,0
734,222,54,1
735,466,259,1
736,679,68,1
737,922,969,0
738,338,380,0
739,947,178,1
740,898,617,0
741,223,866,0
742,161,243,0
743,963,614,0
744,554,541,0
745,701,756,0
746,994,118,1
747,647,410,0
748,101,209,0
749,545,602,0
750,949,620,0
751,861,999,0
752,862,634,0
753,652,528,0
754,556,253,1
755,174,909,0
756,662,420,0
757,839,802,0
758,364,692,0
759,700,599,0
760,35,694,0
761,653,401,0
762,577,637,0
763,781,121,1
764,707,530,0
765,84,55,0
766,373,38,1
767,278,611,0
768,569,939,0
769,571,775,0
770,648,551,0
771,223,564,0
772,903,526,0
773,525,384,0
774,753,587,0
775,837,545,0
776,522,819,0
777,69,193,0
778,347,519,0
779,891,157,1
780,665,980,0
781,936,820,0
782,568,128,1
783,551,736,0
784,270,346,0
785,341,364,0
786,490,902,0
787,347,835,0
788,890,85,1
789,367,40,1
790,500,869,0
791,569,1000,0
792,820,514,0
793,921,488,1
794,125,968,0
795,589,643,0
796,235,804,0
797,368,532,0
798,644,46,1
799,15,909,0
800,47,21,1
801,541,138,1
802,540,631,0
803,478,165,1
804,11,579,0
805,608,231,1
806,721,142,1
807,509,975,0
808,485,278,0
809,829,370,1
810,777,614,0
811,169,735,0
812,196,254,0
813,338,877,0
814,308,173,1
815,488,460,0
816,825,486,0
817,246,725,0
818,788,822,0
819,875,895,0
820,918,486,1
821,540,223,1
822,613,480,0
823,476,195,1
824,33,402,0
825,965,675,0
826,573,666,0
827,560,564,0
828,225,677,0
829,593,19,1
830,605,121,1
831,46,274,0
832,423,939,0
833,182,18,1
834,21,261,0
835,190,637,0
836,478,312,0
837,702,926,0
838,707,810,0
839,51,984,0
840,948,947,0
841,430,743,0
842,772,394,1
843,17,215,0
844,6,567,0
845,777,464,0
846,161,277,0
847,150,258,0
848,919,630,0
849,552,787,0
850,196,906,0
851,292,538,0
852,137,158,0
853,332,655,0
854,511,189,1
855,565,545,0
856,553,502,0
857,754,347,1
858,803,801,0
859,533,852,0
860,647,615,0
861,398,777,0
862,606,301,1
863,676,898,0
864,131,356,0
865,488,838,0
866,411,873,0
867,617,963,0
868,857,84,1
869,489,366,0
870,158,615,0
871,503,419,0
872,869,453,1
873,174,994,0
874,269,84,1
875,939,990,0
876,719,80,1
877,908,147,1
878,495,510,0
879,419,467,0
880,768,370,1
881,657,165,1
882,280,525,0
883,280,116,1
884,883,462,1
885,841,359,1
886,419,915,0
887,44,738,0
888,316,693,0
889,902,464,1
890,246,294,0
891,781,514,0
892,436,408,0
893,479,25,1
894,873,27,1
895,800,332,1
896,514,42,1
897,137,430,0
898,438,922,0
899,958,544,1
900,138,784,0
901,592,262,1
902,858,326,1
903,609,657,0
904,474,2,1
905,943,665,0
906,706,836,0
907,415,20,1
908,728,857,0
909,651,215,1
910,711,8,1
911,982,71,1
912,13,657,0
913,851,253,1
914,154,957,0
915,286,308,0
916,980,806,0
917,658,968,0
918,240,811,0
919,138,533,0
920,690,48,1
921,19,777,0
922,934,56,1
923,710,479,0
924,240,32,1
925,324,161,1
926,965,338,1
927,9,465,0
928,924,194,1
929,163,708,0
930,839,17,1
931,28,955,0
932,403,387,0
933,931,312,1
934,999,711,0
935,650,977,0
936,674,475,0
937,344,364,0
938,829,321,1
939,597,416,0
940,335,833,0
941,566,723,0
942,991,508,1
943,247,69,1
944,564,411,0
945,965,56,1
946,713,930,0
947,6,403,0
948,196,485,0
949,495,705,0
950,509,77,1
951,613,11,1
952,652,606,0
953,496,719,0
954,923,752,0
955,425,810,0
956,75,897,0
957,933,929,0
958,986,747,0
959,481,112,1
960,393,687,0
961,877,78,1
962,36,437,0
963,605,861,0
964,787,79,1
965,338,753,0
966,998,985,0
967,352,797,0
968,573,183,1
969,608,932,0
970,268,420,0
971,678,106,1
972,334,457,0
973,141,160,0
974,785,202,1
975,686,54,1
976,439,745,0
977,871,712,0
978,533,886,0
979,536,896,0
980,259,196,0
981,200,340,0
982,428,760,0
983,911,251,1
984,984,64,1
985,677,497,0
986,165,174,0
987,143,300,0
988,61,464,0
989,490,827,0
990,224,966,0
991,551,690,0
992,33,919,0
993,7,940,0
994,215,919,0
995,624,598,0
996,898,337,1
997,438,420,0
998,573,245,1
999,309,570,0
1000,603,431,0
