n 500
c 74881
z 162136
time 0.00
1,501,192,1
2,809,185,1
3,663,443,1
4,375,976,0
5,32,461,0
6,836,694,1
7,280,22,1
8,22,144,0
9,589,574,0
10,589,863,0
11,982,724,1
12,566,952,0
13,434,669,0
14,949,121,1
15,422,469,0
16,687,905,0
17,221,262,0
18,909,317,1
19,545,986,0
20,988,163,1
21,856,398,1
22,626,340,1
23,459,229,1
24,339,307,1
25,448,925,0
26,273,269,0
27,311,195,1
28,26,452,0
29,489,782,0
30,819,116,1
31,244,858,0
32,603,968,0
33,531,724,0
34,330,970,0
35,338,981,0
36,288,902,0
37,320,989,0
38,514,433,1
39,397,789,0
40,230,355,0
41,427,8,1
42,272,526,0
43,304,431,0
44,590,362,1
45,569,840,0
46,662,815,0
47,403,154,1
48,511,662,0
49,851,496,1
50,460,805,0
51,750,463,1
52,461,989,0
53,842,734,1
54,536,289,1
55,771,545,1
56,509,828,0
57,641,338,1
58,767,959,0
59,471,413,1
60,318,911,0
61,551,165,1
62,529,199,1
63,808,152,1
64,424,95,1
65,569,652,0
66,792,593,1
67,576,941,0
68,672,787,0
69,851,621,1
70,856,246,1
71,824,782,0
72,282,954,0
73,808,223,1
74,904,844,1
75,269,192,1
76,349,781,0
77,77,907,0
78,928,40,1
79,31,25,1
80,82,423,0
81,746,646,1
82,337,882,0
83,748,275,1
84,61,990,0
85,992,158,1
86,215,158,1
87,121,880,0
88,650,145,1
89,971,643,1
90,561,512,1
91,57,989,0
92,384,129,1
93,288,773,0
94,231,116,1
95,915,9,1
96,81,482,0
97,912,74,1
98,131,5,1
99,95,605,0
100,791,297,1
101,179,94,1
102,568,685,0
103,113,907,0
104,480,341,1
105,590,354,1
106,158,303,0
107,229,840,0
108,587,743,0
109,717,439,1
110,299,690,0
111,136,587,0
112,305,68,1
113,904,266,1
114,2,198,0
115,621,238,1
116,284,615,0
117,146,904,0
118,224,854,0
119,797,546,1
120,770,801,0
121,220,376,0
122,369,485,0
123,333,692,0
124,290,971,0
125,230,454,0
126,511,907,0
127,835,628,1
128,357,40,1
129,550,491,1
130,19,824,0
131,905,530,1
132,70,422,0
133,831,279,1
134,153,133,1
135,776,961,0
136,674,155,1
137,851,114,1
138,120,543,0
139,270,534,0
140,64,849,0
141,849,756,1
142,127,45,1
143,792,776,0
144,426,724,0
145,519,626,0
146,145,895,0
147,912,895,0
148,482,456,0
149,375,369,0
150,337,711,0
151,655,646,0
152,941,189,1
153,294,986,0
154,470,841,0
155,811,378,1
156,411,941,0
157,496,159,1
158,56,236,0
159,82,330,0
160,796,594,1
161,541,82,1
162,336,751,0
163,325,743,0
164,796,874,0
165,551,74,1
166,172,583,0
167,766,963,0
168,495,308,1
169,825,454,1
170,560,782,0
171,321,219,1
172,997,434,1
173,33,329,0
174,133,66,1
175,926,383,1
176,663,559,1
177,742,559,1
178,141,502,0
179,349,151,1
180,727,680,1
181,90,756,0
182,724,553,1
183,704,565,1
184,532,973,0
185,824,313,1
186,728,810,0
187,220,319,0
188,35,246,0
189,574,32,1
190,682,206,1
191,367,259,1
192,726,415,1
193,932,461,1
194,683,45,1
195,923,162,1
196,624,670,0
197,915,588,1
198,55,858,0
199,441,671,0
200,231,450,0
201,367,623,0
202,580,849,0
203,223,231,0
204,985,323,1
205,501,39,1
206,123,137,0
207,498,985,0
208,550,414,1
209,125,616,0
210,670,786,0
211,756,221,1
212,772,896,0
213,808,663,1
214,920,13,1
215,174,998,0
216,349,72,1
217,874,501,1
218,520,48,1
219,918,738,1
220,802,719,1
221,176,186,0
222,861,793,1
223,754,886,0
224,179,136,1
225,251,180,1
226,562,408,1
227,827,428,1
228,516,810,0
229,323,920,0
230,299,271,0
231,875,310,1
232,298,227,1
233,357,5,1
234,526,147,1
235,6,410,0
236,331,564,0
237,877,102,1
238,331,778,0
239,108,669,0
240,745,585,1
241,508,86,1
242,820,636,1
243,301,90,1
244,735,464,1
245,498,307,1
246,365,595,0
247,339,26,1
248,754,22,1
249,316,541,0
250,924,93,1
251,395,315,1
252,72,295,0
253,543,725,0
254,865,894,0
255,147,892,0
256,332,349,0
257,202,25,1
258,423,985,0
259,725,636,1
260,415,685,0
261,920,700,1
262,753,726,0
263,586,455,1
264,992,575,1
265,939,648,1
266,517,562,0
267,88,587,0
268,93,300,0
269,698,557,1
270,68,268,0
271,940,604,1
272,199,816,0
273,579,976,0
274,767,275,1
275,120,934,0
276,706,127,1
277,417,351,1
278,203,579,0
279,998,561,1
280,273,729,0
281,62,305,0
282,478,95,1
283,154,548,0
284,782,407,1
285,529,49,1
286,767,821,0
287,971,732,1
288,895,453,1
289,90,921,0
290,369,783,0
291,761,803,0
292,10,176,0
293,464,153,1
294,928,86,1
295,728,227,1
296,25,399,0
297,913,279,1
298,657,599,1
299,668,578,1
300,630,444,1
301,730,965,0
302,774,535,1
303,139,646,0
304,376,962,0
305,50,504,0
306,56,672,0
307,853,808,0
308,435,502,0
309,323,484,0
310,754,316,1
311,879,650,1
312,948,943,0
313,673,379,1
314,540,230,1
315,739,74,1
316,858,47,1
317,384,589,0
318,813,526,1
319,72,103,0
320,846,729,1
321,689,119,1
322,24,195,0
323,8,424,0
324,587,939,0
325,837,766,1
326,167,568,0
327,52,170,0
328,510,147,1
329,984,362,1
330,970,769,1
331,562,496,1
332,774,76,1
333,79,661,0
334,257,253,0
335,687,914,0
336,364,160,1
337,282,307,0
338,213,339,0
339,389,193,1
340,116,884,0
341,202,538,0
342,139,791,0
343,838,46,1
344,714,953,0
345,707,449,1
346,224,483,0
347,502,568,0
348,30,38,0
349,955,50,1
350,549,32,1
351,932,685,1
352,528,953,0
353,32,625,0
354,68,485,0
355,129,5,1
356,915,29,1
357,918,172,1
358,136,228,0
359,510,803,0
360,613,907,0
361,382,178,1
362,617,545,1
363,666,861,0
364,205,179,1
365,736,94,1
366,565,900,0
367,610,633,0
368,268,961,0
369,281,116,1
370,448,803,0
371,167,856,0
372,716,322,1
373,893,888,0
374,812,555,1
375,899,37,1
376,627,126,1
377,750,427,1
378,233,118,1
379,339,532,0
380,529,109,1
381,346,911,0
382,366,20,1
383,853,725,1
384,613,52,1
385,568,208,1
386,333,484,0
387,139,256,0
388,35,607,0
389,83,50,1
390,810,417,1
391,695,31,1
392,128,806,0
393,349,223,1
394,356,871,0
395,612,441,1
396,500,514,0
397,101,848,0
398,994,740,1
399,619,291,1
400,678,30,1
401,265,673,0
402,87,938,0
403,562,278,1
404,819,80,1
405,692,935,0
406,719,465,1
407,870,838,0
408,72,183,0
409,48,315,0
410,319,287,1
411,338,71,1
412,426,396,0
413,245,253,0
414,856,193,1
415,477,312,1
416,621,491,1
417,120,251,0
418,51,721,0
419,192,393,0
420,497,200,1
421,500,722,0
422,733,967,0
423,725,518,1
424,190,396,0
425,764,297,1
426,349,754,0
427,817,891,0
428,977,344,1
429,62,451,0
430,897,302,1
431,489,191,1
432,60,806,0
433,73,338,0
434,100,957,0
435,256,227,1
436,81,997,0
437,159,198,0
438,114,328,0
439,855,898,0
440,695,859,0
441,67,734,0
442,242,677,0
443,100,456,0
444,643,98,1
445,868,676,1
446,723,984,0
447,259,429,0
448,520,861,0
449,816,691,1
450,535,475,1
451,751,105,1
452,799,122,1
453,153,337,0
454,650,64,1
455,401,327,1
456,375,63,1
457,619,135,1
458,978,491,1
459,199,364,0
460,870,374,1
461,691,574,1
462,105,586,0
463,590,198,1
464,693,619,1
465,201,193,1
466,470,574,0
467,792,119,1
468,7,834,0
469,542,159,1
470,431,930,0
471,807,169,1
472,665,3,1
473,134,735,0
474,458,352,1
475,799,128,1
476,36,400,0
477,943,947,0
478,423,745,0
479,159,461,0
480,14,979,0
481,576,696,0
482,543,83,1
483,608,784,0
484,684,554,1
485,610,242,1
486,119,490,0
487,324,123,1
488,355,341,0
489,418,674,0
490,589,785,0
491,168,379,0
492,809,300,1
493,500,73,1
494,913,368,1
495,434,759,0
496,120,875,0
497,505,756,0
498,781,173,1
499,826,121,1
500,227,639,0
