n 2000
c 39170
z 239007
time 0.00
1,299,345,0
2,796,693,0
3,429,467,0
4,65,100,0
5,623,141,1
6,702,291,0
7,999,670,0
8,401,781,0
9,196,46,1
10,904,59,1
11,204,357,0
12,720,100,1
13,408,493,0
14,327,661,0
15,148,206,0
16,617,254,0
17,611,310,0
18,15,425,0
19,320,258,0
20,679,407,0
21,791,614,0
22,604,313,0
23,801,901,0
24,893,496,0
25,246,350,0
26,44,121,0
27,973,795,0
28,821,617,0
29,63,439,0
30,94,104,0
31,386,795,0
32,805,141,1
33,505,525,0
34,612,414,0
35,241,45,1
36,570,762,0
37,150,749,0
38,700,518,0
39,564,637,0
40,897,976,0
41,713,416,0
42,595,523,0
43,39,247,0
44,848,759,0
45,304,416,0
46,168,644,0
47,658,395,0
48,634,379,0
49,978,216,1
50,127,657,0
51,100,792,0
52,80,497,0
53,224,934,0
54,106,5,1
55,953,970,0
56,919,657,0
57,224,994,0
58,329,348,0
59,869,309,0
60,336,539,0
61,45,798,0
62,235,932,0
63,271,145,0
64,539,868,0
65,512,909,0
66,434,869,0
67,766,902,0
68,811,768,0
69,770,717,0
70,115,211,0
71,78,919,0
72,404,919,0
73,470,703,0
74,979,240,1
75,700,617,0
76,887,386,0
77,435,860,0
78,722,556,0
79,13,290,0
80,621,220,0
81,376,527,0
82,979,39,1
83,3,972,0
84,687,555,0
85,814,655,0
86,882,579,0
87,423,329,0
88,188,581,0
89,993,507,0
90,700,156,1
91,127,462,0
92,955,46,1
93,287,166,0
94,562,665,0
95,465,865,0
96,772,926,0
97,478,218,0
98,869,898,0
99,638,493,0
100,946,805,0
101,882,862,0
102,715,617,0
103,936,755,0
104,403,137,1
105,156,226,0
106,72,203,0
107,955,976,0
108,742,100,1
109,619,328,0
110,462,198,0
111,503,884,0
112,923,696,0
113,199,242,0
114,645,634,0
115,787,262,1
116,70,820,0
117,72,912,0
118,322,106,1
119,811,98,1
120,60,62,0
121,939,25,1
122,684,82,1
123,603,933,0
124,668,648,0
125,253,854,0
126,698,480,0
127,874,173,1
128,551,797,0
129,965,876,0
130,374,60,1
131,664,147,1
132,296,778,0
133,861,376,0
134,12,817,0
135,431,170,0
136,565,991,0
137,922,826,0
138,955,556,0
139,660,223,1
140,979,29,1
141,327,76,1
142,362,162,0
143,543,8,1
144,173,568,0
145,325,674,0
146,716,299,0
147,326,503,0
148,652,324,0
149,38,306,0
150,444,795,0
151,934,782,0
152,960,738,0
153,973,651,0
154,729,117,1
155,754,139,1
156,837,961,0
157,647,927,0
158,482,768,0
159,825,403,0
160,982,758,0
161,244,570,0
162,907,596,0
163,723,63,1
164,694,71,1
165,894,234,1
166,278,795,0
167,708,756,0
168,697,521,0
169,535,287,0
170,330,610,0
171,864,36,1
172,271,743,0
173,823,218,1
174,415,15,1
175,108,592,0
176,81,44,0
177,300,103,0
178,119,274,0
179,83,599,0
180,170,381,0
181,144,236,0
182,247,990,0
183,462,221,0
184,254,873,0
185,974,938,0
186,867,414,0
187,250,559,0
188,85,898,0
189,541,641,0
190,532,418,0
191,662,715,0
192,713,948,0
193,523,245,0
194,797,1,1
195,537,930,0
196,691,963,0
197,810,221,1
198,305,127,0
199,560,256,0
200,617,742,0
201,221,392,0
202,351,702,0
203,525,784,0
204,27,592,0
205,803,920,0
206,702,750,0
207,616,401,0
208,569,595,0
209,363,472,0
210,496,446,0
211,506,357,0
212,446,389,0
213,582,800,0
214,154,842,0
215,589,863,0
216,104,988,0
217,960,629,0
218,586,13,1
219,45,330,0
220,628,643,0
221,879,923,0
222,416,190,0
223,617,950,0
224,278,453,0
225,898,965,0
226,925,165,1
227,441,212,0
228,87,126,0
229,98,808,0
230,950,764,0
231,545,118,1
232,564,783,0
233,691,302,0
234,649,735,0
235,741,42,1
236,654,153,1
237,300,686,0
238,782,142,1
239,11,70,0
240,84,558,0
241,394,462,0
242,430,712,0
243,499,762,0
244,25,500,0
245,289,467,0
246,87,80,0
247,249,539,0
248,516,867,0
249,458,429,0
250,487,721,0
251,217,988,0
252,811,484,0
253,485,638,0
254,500,763,0
255,874,748,0
256,174,786,0
257,289,785,0
258,169,877,0
259,980,476,0
260,426,866,0
261,102,4,1
262,67,658,0
263,321,200,0
264,363,948,0
265,218,248,0
266,984,47,1
267,47,27,0
268,720,801,0
269,904,494,0
270,534,432,0
271,227,253,0
272,610,12,1
273,825,825,0
274,706,64,1
275,175,638,0
276,660,251,0
277,543,400,0
278,782,799,0
279,204,618,0
280,428,309,0
281,981,162,1
282,272,315,0
283,920,940,0
284,904,964,0
285,152,297,0
286,9,530,0
287,377,636,0
288,26,450,0
289,864,202,1
290,715,684,0
291,448,563,0
292,588,381,0
293,79,57,0
294,234,371,0
295,231,900,0
296,548,916,0
297,376,439,0
298,508,995,0
299,410,291,0
300,688,33,1
301,145,837,0
302,24,452,0
303,809,295,0
304,755,446,0
305,353,224,0
306,122,533,0
307,908,984,0
308,822,402,0
309,778,541,0
310,389,224,0
311,493,899,0
312,823,19,1
313,391,419,0
314,767,707,0
315,585,387,0
316,413,427,0
317,358,150,0
318,584,578,0
319,551,623,0
320,72,590,0
321,263,383,0
322,562,512,0
323,478,385,0
324,757,943,0
325,52,830,0
326,802,108,1
327,459,339,0
328,408,208,0
329,998,171,1
330,829,894,0
331,416,977,0
332,201,400,0
333,885,398,0
334,683,185,1
335,790,211,1
336,695,684,0
337,432,692,0
338,760,48,1
339,211,281,0
340,127,393,0
341,592,866,0
342,565,211,0
343,636,239,0
344,341,181,0
345,850,249,1
346,898,448,0
347,860,857,0
348,752,51,1
349,537,306,0
350,271,12,1
351,450,757,0
352,570,141,1
353,735,257,0
354,174,217,0
355,239,325,0
356,246,930,0
357,100,332,0
358,147,976,0
359,445,964,0
360,640,39,1
361,445,907,0
362,155,662,0
363,80,342,0
364,744,471,0
365,174,503,0
366,480,720,0
367,240,66,1
368,918,317,0
369,408,348,0
370,378,144,0
371,613,945,0
372,911,655,0
373,555,953,0
374,951,479,0
375,617,677,0
376,390,762,0
377,244,516,0
378,891,483,0
379,233,117,0
380,435,970,0
381,376,64,1
382,560,1000,0
383,252,949,0
384,103,192,0
385,943,456,0
386,407,872,0
387,602,512,0
388,637,115,1
389,745,915,0
390,605,21,1
391,917,608,0
392,859,258,1
393,732,920,0
394,535,451,0
395,99,889,0
396,350,886,0
397,523,81,1
398,685,577,0
399,273,483,0
400,161,642,0
401,887,33,1
402,914,814,0
403,465,47,1
404,774,4,1
405,930,455,0
406,377,109,1
407,205,183,0
408,650,731,0
409,479,875,0
410,257,587,0
411,737,128,1
412,813,376,0
413,499,614,0
414,786,974,0
415,172,656,0
416,511,423,0
417,926,988,0
418,926,541,0
419,223,985,0
420,732,645,0
421,2,330,0
422,432,772,0
423,483,566,0
424,376,841,0
425,570,897,0
426,119,718,0
427,359,307,0
428,148,437,0
429,228,891,0
430,923,595,0
431,416,16,1
432,622,435,0
433,399,851,0
434,239,338,0
435,479,708,0
436,148,722,0
437,597,39,1
438,285,77,1
439,518,11,1
440,825,72,1
441,266,311,0
442,332,833,0
443,210,73,0
444,142,471,0
445,650,668,0
446,805,149,1
447,890,878,0
448,618,882,0
449,974,4,1
450,65,448,0
451,773,258,1
452,866,798,0
453,999,346,0
454,676,404,0
455,784,479,0
456,649,595,0
457,377,704,0
458,285,911,0
459,550,484,0
460,176,411,0
461,121,598,0
462,947,679,0
463,85,310,0
464,671,359,0
465,183,625,0
466,537,491,0
467,231,287,0
468,201,655,0
469,829,87,1
470,290,686,0
471,173,865,0
472,84,584,0
473,237,823,0
474,981,205,1
475,478,601,0
476,558,196,0
477,197,812,0
478,169,13,1
479,238,310,0
480,97,248,0
481,222,592,0
482,74,464,0
483,551,840,0
484,31,79,0
485,153,738,0
486,314,102,1
487,851,587,0
488,469,481,0
489,432,754,0
490,720,238,1
491,494,324,0
492,524,328,0
493,419,994,0
494,732,212,1
495,192,64,1
496,643,863,0
497,79,916,0
498,648,18,1
499,705,601,0
500,638,347,0
501,160,216,0
502,832,337,0
503,155,434,0
504,466,20,1
505,24,900,0
506,658,238,0
507,27,568,0
508,557,202,0
509,141,948,0
510,918,856,0
511,152,929,0
512,314,841,0
513,350,721,0
514,95,565,0
515,642,94,1
516,371,511,0
517,310,83,1
518,888,754,0
519,899,786,0
520,589,787,0
521,823,122,1
522,16,714,0
523,697,529,0
524,559,221,0
525,648,726,0
526,910,683,0
527,737,956,0
528,906,763,0
529,496,60,1
530,564,14,1
531,29,642,0
532,129,911,0
533,399,697,0
534,679,966,0
535,119,134,0
536,850,3,1
537,435,30,1
538,53,517,0
539,11,157,0
540,444,455,0
541,144,420,0
542,989,483,0
543,536,910,0
544,967,7,1
545,543,263,0
546,530,89,1
547,247,226,0
548,774,903,0
549,752,109,1
550,176,79,0
551,514,411,0
552,495,680,0
553,375,974,0
554,637,756,0
555,390,598,0
556,889,306,0
557,730,755,0
558,801,572,0
559,241,187,0
560,708,610,0
561,768,952,0
562,837,816,0
563,252,857,0
564,124,867,0
565,379,851,0
566,231,748,0
567,865,356,0
568,654,806,0
569,62,588,0
570,100,786,0
571,213,505,0
572,97,140,0
573,664,45,1
574,180,281,0
575,983,334,1
576,214,296,0
577,471,410,0
578,306,362,0
579,319,204,0
580,600,967,0
581,805,775,0
582,1,318,0
583,151,62,0
584,748,209,1
585,358,742,0
586,279,163,0
587,661,425,0
588,178,215,0
589,207,960,0
590,965,390,0
591,974,532,0
592,249,212,0
593,896,913,0
594,68,616,0
595,84,511,0
596,678,302,0
597,379,294,0
598,905,363,0
599,817,853,0
600,861,685,0
601,690,639,0
602,25,268,0
603,521,587,0
604,838,928,0
605,452,647,0
606,333,48,1
607,571,745,0
608,433,732,0
609,80,57,0
610,63,192,0
611,872,45,1
612,338,758,0
613,79,154,0
614,19,663,0
615,202,565,0
616,341,621,0
617,358,612,0
618,70,480,0
619,382,827,0
620,578,955,0
621,673,14,1
622,354,506,0
623,642,704,0
624,649,419,0
625,193,702,0
626,727,822,0
627,319,83,1
628,271,890,0
629,518,561,0
630,723,229,1
631,487,49,1
632,543,775,0
633,910,591,0
634,67,252,0
635,959,21,1
636,18,164,0
637,676,322,0
638,471,585,0
639,654,566,0
640,119,412,0
641,984,621,0
642,785,860,0
643,692,253,0
644,914,269,1
645,845,166,1
646,766,177,1
647,83,374,0
648,153,245,0
649,101,397,0
650,107,507,0
651,345,28,1
652,665,671,0
653,471,925,0
654,560,8,1
655,956,638,0
656,773,461,0
657,490,96,1
658,120,793,0
659,44,47,0
660,815,108,1
661,190,421,0
662,63,176,0
663,315,247,0
664,477,309,0
665,521,467,0
666,938,993,0
667,392,476,0
668,116,312,0
669,784,797,0
670,562,355,0
671,239,838,0
672,224,944,0
673,249,485,0
674,272,190,0
675,114,820,0
676,826,43,1
677,151,154,0
678,266,869,0
679,715,897,0
680,487,337,0
681,205,452,0
682,12,427,0
683,774,243,1
684,400,18,1
685,889,676,0
686,216,647,0
687,844,216,1
688,740,322,0
689,906,895,0
690,494,785,0
691,826,904,0
692,54,847,0
693,683,377,0
694,475,860,0
695,606,176,1
696,77,38,0
697,269,796,0
698,950,68,1
699,82,11,1
700,398,555,0
701,448,464,0
702,78,247,0
703,894,864,0
704,236,335,0
705,498,882,0
706,949,126,1
707,314,489,0
708,569,650,0
709,677,743,0
710,551,210,0
711,784,895,0
712,761,80,1
713,421,591,0
714,819,553,0
715,694,697,0
716,533,805,0
717,447,892,0
718,880,584,0
719,682,539,0
720,389,796,0
721,531,562,0
722,361,512,0
723,811,33,1
724,341,448,0
725,491,159,1
726,553,378,0
727,654,315,0
728,896,275,1
729,305,705,0
730,423,749,0
731,575,544,0
732,648,774,0
733,308,324,0
734,931,709,0
735,307,421,0
736,875,795,0
737,107,684,0
738,750,163,1
739,860,748,0
740,406,415,0
741,967,476,0
742,446,497,0
743,108,512,0
744,102,611,0
745,261,303,0
746,647,924,0
747,208,85,0
748,858,544,0
749,450,61,1
750,266,802,0
751,494,778,0
752,322,728,0
753,772,410,0
754,137,555,0
755,431,544,0
756,210,138,0
757,7,396,0
758,336,90,1
759,509,673,0
760,383,788,0
761,621,876,0
762,750,939,0
763,965,420,0
764,184,80,0
765,796,489,0
766,265,36,1
767,366,877,0
768,870,145,1
769,68,642,0
770,517,102,1
771,824,159,1
772,812,77,1
773,278,610,0
774,205,306,0
775,662,851,0
776,567,546,0
777,125,611,0
778,648,285,0
779,339,64,1
780,622,562,0
781,264,670,0
782,893,326,0
783,360,507,0
784,426,73,1
785,214,119,0
786,750,701,0
787,620,61,1
788,631,243,0
789,472,939,0
790,944,412,0
791,106,530,0
792,497,961,0
793,873,978,0
794,977,671,0
795,718,766,0
796,183,802,0
797,297,951,0
798,105,685,0
799,487,575,0
800,715,507,0
801,837,117,1
802,297,766,0
803,566,112,1
804,112,338,0
805,816,521,0
806,886,156,1
807,821,298,0
808,322,772,0
809,342,108,1
810,326,396,0
811,489,890,0
812,305,84,1
813,51,312,0
814,953,220,1
815,976,839,0
816,557,677,0
817,31,688,0
818,641,636,0
819,59,354,0
820,810,684,0
821,20,946,0
822,458,167,0
823,373,94,1
824,406,329,0
825,638,990,0
826,586,865,0
827,465,119,1
828,870,252,1
829,497,909,0
830,433,383,0
831,39,189,0
832,220,889,0
833,967,84,1
834,970,820,0
835,319,447,0
836,811,694,0
837,119,80,0
838,512,200,0
839,867,450,0
840,280,914,0
841,822,938,0
842,897,240,1
843,505,26,1
844,27,462,0
845,993,882,0
846,326,571,0
847,647,237,0
848,427,29,1
849,80,134,0
850,248,105,0
851,861,229,1
852,917,188,1
853,517,193,0
854,484,500,0
855,486,715,0
856,518,452,0
857,466,453,0
858,767,1000,0
859,942,14,1
860,899,589,0
861,430,364,0
862,315,212,0
863,620,812,0
864,552,283,0
865,352,688,0
866,728,311,0
867,793,38,1
868,413,819,0
869,522,832,0
870,747,118,1
871,399,269,0
872,402,539,0
873,631,708,0
874,433,570,0
875,963,369,0
876,628,487,0
877,724,861,0
878,620,612,0
879,371,470,0
880,165,872,0
881,138,24,1
882,837,971,0
883,984,398,0
884,711,605,0
885,482,234,0
886,455,754,0
887,741,724,0
888,353,331,0
889,967,138,1
890,858,109,1
891,261,437,0
892,544,710,0
893,887,27,1
894,741,649,0
895,72,254,0
896,607,488,0
897,522,481,0
898,819,73,1
899,942,466,0
900,807,910,0
901,657,545,0
902,759,629,0
903,370,3,1
904,966,96,1
905,111,595,0
906,455,826,0
907,8,622,0
908,956,96,1
909,379,505,0
910,771,47,1
911,662,602,0
912,81,15,1
913,868,591,0
914,862,659,0
915,158,902,0
916,736,124,1
917,395,874,0
918,20,562,0
919,42,871,0
920,455,102,1
921,36,251,0
922,850,159,1
923,318,937,0
924,436,639,0
925,396,979,0
926,633,777,0
927,338,251,0
928,121,737,0
929,60,742,0
930,499,31,1
931,333,494,0
932,672,258,0
933,100,562,0
934,716,158,1
935,970,44,1
936,294,761,0
937,984,543,0
938,841,263,1
939,102,346,0
940,180,96,0
941,86,134,0
942,908,827,0
943,47,8,1
944,705,234,1
945,477,91,1
946,269,97,0
947,654,741,0
948,185,179,0
949,448,516,0
950,570,548,0
951,245,581,0
952,680,277,0
953,1000,33,1
954,759,575,0
955,410,853,0
956,279,479,0
957,757,108,1
958,510,146,1
959,538,283,0
960,270,229,0
961,773,304,0
962,713,788,0
963,198,24,1
964,391,5,1
965,691,828,0
966,10,816,0
967,488,975,0
968,489,437,0
969,945,319,1
970,657,642,0
971,158,917,0
972,898,216,1
973,957,794,0
974,661,9,1
975,470,65,1
976,19,848,0
977,215,851,0
978,977,516,0
979,144,418,0
980,912,306,1
981,969,454,0
982,457,943,0
983,823,870,0
984,45,319,0
985,789,796,0
986,442,557,0
987,295,247,0
988,177,151,0
989,194,997,0
990,724,156,1
991,656,261,0
992,662,45,1
993,943,231,1
994,811,102,1
995,225,873,0
996,174,296,0
997,358,118,1
998,689,356,0
999,725,421,0
1000,743,725,0
1001,938,412,0
1002,830,235,1
1003,113,990,0
1004,576,840,0
1005,641,544,0
1006,320,112,0
1007,675,172,1
1008,321,98,1
1009,554,992,0
1010,762,629,0
1011,708,566,0
1012,718,641,0
1013,110,393,0
1014,937,356,0
1015,735,233,1
1016,132,301,0
1017,307,43,1
1018,897,368,0
1019,991,416,0
1020,762,406,0
1021,364,79,1
1022,548,457,0
1023,844,170,1
1024,705,153,1
1025,370,282,0
1026,59,294,0
1027,134,320,0
1028,900,218,1
1029,262,889,0
1030,506,274,0
1031,968,453,0
1032,848,209,1
1033,227,205,0
1034,504,393,0
1035,414,990,0
1036,829,639,0
1037,896,526,0
1038,668,745,0
1039,910,674,0
1040,746,951,0
1041,508,57,1
1042,808,308,0
1043,995,905,0
1044,948,719,0
1045,744,628,0
1046,674,26,1
1047,212,630,0
1048,63,710,0
1049,608,630,0
1050,318,129,0
1051,769,543,0
1052,51,629,0
1053,33,458,0
1054,524,86,1
1055,934,985,0
1056,424,144,1
1057,684,362,0
1058,527,907,0
1059,293,462,0
1060,66,660,0
1061,793,629,0
1062,524,233,0
1063,641,672,0
1064,677,840,0
1065,196,587,0
1066,599,620,0
1067,181,45,1
1068,385,782,0
1069,972,725,0
1070,497,492,0
1071,712,59,1
1072,134,952,0
1073,350,912,0
1074,876,824,0
1075,515,930,0
1076,593,909,0
1077,213,976,0
1078,748,658,0
1079,456,143,1
1080,781,283,0
1081,805,7,1
1082,751,575,0
1083,717,437,0
1084,746,604,0
1085,971,237,1
1086,550,406,0
1087,567,731,0
1088,2,363,0
1089,630,806,0
1090,481,638,0
1091,119,123,0
1092,102,542,0
1093,601,289,0
1094,286,994,0
1095,400,438,0
1096,516,755,0
1097,6,118,0
1098,875,22,1
1099,630,706,0
1100,492,36,1
1101,3,221,0
1102,679,656,0
1103,615,294,0
1104,438,853,0
1105,288,194,0
1106,620,466,0
1107,389,218,0
1108,365,866,0
1109,167,485,0
1110,687,908,0
1111,946,650,0
1112,550,932,0
1113,827,716,0
1114,86,788,0
1115,267,305,0
1116,217,266,0
1117,689,409,0
1118,288,823,0
1119,173,280,0
1120,534,522,0
1121,849,64,1
1122,40,119,0
1123,218,790,0
1124,497,551,0
1125,4,702,0
1126,954,12,1
1127,957,774,0
1128,135,185,0
1129,47,109,0
1130,132,549,0
1131,889,358,0
1132,758,562,0
1133,159,117,0
1134,262,734,0
1135,525,668,0
1136,168,637,0
1137,875,986,0
1138,234,249,0
1139,946,177,1
1140,328,551,0
1141,837,594,0
1142,60,335,0
1143,371,495,0
1144,362,104,1
1145,144,645,0
1146,538,773,0
1147,875,668,0
1148,327,704,0
1149,211,709,0
1150,76,82,0
1151,578,231,0
1152,582,356,0
1153,683,693,0
1154,93,669,0
1155,616,704,0
1156,940,328,0
1157,492,244,0
1158,351,600,0
1159,704,73,1
1160,180,692,0
1161,889,857,0
1162,43,569,0
1163,654,409,0
1164,735,432,0
1165,623,381,0
1166,958,222,1
1167,545,837,0
1168,573,681,0
1169,750,846,0
1170,941,950,0
1171,105,174,0
1172,442,860,0
1173,935,208,1
1174,569,716,0
1175,649,696,0
1176,609,536,0
1177,654,651,0
1178,755,261,0
1179,77,718,0
1180,996,142,1
1181,345,146,0
1182,569,926,0
1183,917,241,1
1184,857,362,0
1185,142,688,0
1186,782,609,0
1187,368,856,0
1188,261,896,0
1189,128,426,0
1190,166,590,0
1191,305,583,0
1192,773,9,1
1193,907,305,1
1194,766,404,0
1195,941,578,0
1196,528,598,0
1197,267,487,0
1198,656,671,0
1199,171,192,0
1200,854,193,1
1201,169,951,0
1202,868,457,0
1203,450,874,0
1204,19,464,0
1205,813,846,0
1206,472,931,0
1207,389,130,1
1208,20,83,0
1209,524,854,0
1210,129,162,0
1211,994,591,0
1212,392,299,0
1213,627,512,0
1214,63,804,0
1215,710,21,1
1216,895,979,0
1217,177,887,0
1218,596,890,0
1219,962,367,0
1220,814,968,0
1221,761,329,0
1222,229,78,0
1223,905,879,0
1224,81,347,0
1225,941,454,0
1226,479,252,0
1227,751,801,0
1228,959,995,0
1229,347,425,0
1230,954,322,1
1231,707,142,1
1232,626,308,0
1233,388,604,0
1234,369,513,0
1235,381,484,0
1236,499,972,0
1237,239,430,0
1238,256,635,0
1239,200,576,0
1240,97,59,0
1241,10,622,0
1242,484,597,0
1243,912,310,1
1244,371,16,1
1245,9,142,0
1246,22,468,0
1247,901,844,0
1248,569,448,0
1249,468,474,0
1250,88,825,0
1251,814,957,0
1252,182,496,0
1253,605,480,0
1254,893,911,0
1255,486,826,0
1256,88,815,0
1257,567,144,1
1258,997,609,0
1259,698,568,0
1260,894,223,1
1261,408,931,0
1262,334,222,0
1263,169,894,0
1264,960,651,0
1265,551,254,0
1266,955,951,0
1267,826,509,0
1268,379,536,0
1269,622,13,1
1270,177,381,0
1271,448,424,0
1272,290,125,0
1273,480,634,0
1274,861,125,1
1275,969,587,0
1276,901,733,0
1277,683,605,0
1278,926,445,0
1279,402,718,0
1280,45,521,0
1281,231,570,0
1282,616,894,0
1283,140,737,0
1284,29,152,0
1285,981,296,1
1286,431,497,0
1287,258,983,0
1288,346,256,0
1289,225,991,0
1290,832,724,0
1291,616,477,0
1292,396,884,0
1293,504,271,0
1294,923,204,1
1295,637,913,0
1296,858,846,0
1297,658,772,0
1298,203,666,0
1299,753,933,0
1300,401,483,0
1301,368,46,1
1302,763,464,0
1303,567,483,0
1304,606,868,0
1305,942,858,0
1306,266,595,0
1307,148,832,0
1308,918,585,0
1309,2,284,0
1310,920,112,1
1311,365,123,1
1312,605,197,1
1313,122,199,0
1314,62,56,0
1315,573,972,0
1316,747,111,1
1317,722,249,0
1318,346,230,0
1319,540,631,0
1320,216,324,0
1321,907,642,0
1322,48,485,0
1323,896,104,1
1324,761,488,0
1325,229,634,0
1326,841,12,1
1327,927,639,0
1328,632,476,0
1329,925,407,0
1330,511,563,0
1331,411,203,0
1332,71,918,0
1333,639,871,0
1334,878,573,0
1335,284,928,0
1336,197,862,0
1337,948,328,0
1338,749,254,0
1339,897,883,0
1340,983,356,0
1341,12,949,0
1342,538,100,1
1343,255,546,0
1344,591,853,0
1345,630,169,1
1346,745,976,0
1347,911,990,0
1348,425,653,0
1349,730,74,1
1350,429,172,0
1351,972,706,0
1352,792,12,1
1353,518,945,0
1354,733,755,0
1355,618,499,0
1356,205,99,0
1357,165,455,0
1358,88,509,0
1359,176,655,0
1360,200,493,0
1361,873,479,0
1362,185,762,0
1363,422,368,0
1364,724,64,1
1365,65,568,0
1366,699,404,0
1367,287,872,0
1368,855,715,0
1369,411,698,0
1370,972,71,1
1371,896,492,0
1372,903,808,0
1373,963,749,0
1374,126,731,0
1375,534,451,0
1376,645,561,0
1377,97,695,0
1378,145,158,0
1379,268,6,1
1380,261,363,0
1381,567,468,0
1382,66,843,0
1383,578,407,0
1384,268,152,0
1385,88,973,0
1386,383,31,1
1387,774,403,0
1388,776,646,0
1389,330,276,0
1390,120,336,0
1391,927,234,1
1392,835,171,1
1393,676,508,0
1394,15,719,0
1395,796,755,0
1396,456,42,1
1397,144,283,0
1398,8,132,0
1399,504,195,0
1400,180,909,0
1401,162,792,0
1402,705,670,0
1403,849,828,0
1404,621,859,0
1405,14,319,0
1406,739,706,0
1407,324,399,0
1408,182,984,0
1409,885,866,0
1410,166,105,0
1411,586,381,0
1412,121,777,0
1413,184,175,0
1414,408,140,0
1415,94,495,0
1416,146,407,0
1417,907,14,1
1418,607,249,0
1419,164,691,0
1420,810,273,1
1421,803,890,0
1422,154,237,0
1423,595,792,0
1424,746,980,0
1425,208,85,0
1426,835,553,0
1427,140,878,0
1428,19,740,0
1429,75,237,0
1430,887,262,1
1431,480,288,0
1432,84,122,0
1433,352,987,0
1434,979,531,0
1435,428,539,0
1436,611,573,0
1437,509,297,0
1438,793,20,1
1439,152,430,0
1440,154,523,0
1441,681,145,1
1442,273,170,0
1443,315,858,0
1444,771,535,0
1445,333,394,0
1446,799,999,0
1447,209,130,0
1448,316,361,0
1449,910,476,0
1450,571,432,0
1451,853,705,0
1452,76,419,0
1453,752,440,0
1454,676,243,0
1455,86,552,0
1456,291,664,0
1457,676,178,1
1458,924,400,0
1459,957,526,0
1460,277,357,0
1461,922,777,0
1462,238,274,0
1463,125,64,0
1464,543,546,0
1465,247,395,0
1466,50,693,0
1467,242,729,0
1468,288,927,0
1469,864,955,0
1470,792,767,0
1471,490,952,0
1472,945,793,0
1473,429,901,0
1474,872,592,0
1475,806,886,0
1476,557,612,0
1477,774,158,1
1478,536,83,1
1479,825,751,0
1480,849,928,0
1481,337,54,1
1482,293,861,0
1483,535,166,1
1484,292,461,0
1485,481,975,0
1486,520,771,0
1487,671,419,0
1488,40,57,0
1489,544,533,0
1490,498,214,0
1491,577,22,1
1492,631,566,0
1493,741,725,0
1494,63,535,0
1495,33,762,0
1496,686,278,0
1497,278,200,0
1498,31,836,0
1499,953,493,0
1500,340,25,1
1501,71,791,0
1502,392,227,0
1503,90,116,0
1504,419,187,0
1505,113,198,0
1506,389,580,0
1507,403,257,0
1508,814,705,0
1509,564,506,0
1510,705,625,0
1511,16,926,0
1512,193,314,0
1513,300,109,0
1514,204,191,0
1515,764,449,0
1516,212,967,0
1517,687,727,0
1518,844,92,1
1519,894,872,0
1520,216,860,0
1521,884,388,0
1522,533,584,0
1523,32,316,0
1524,295,471,0
1525,509,138,1
1526,697,886,0
1527,642,895,0
1528,847,622,0
1529,533,833,0
1530,376,810,0
1531,723,127,1
1532,448,283,0
1533,59,379,0
1534,9,266,0
1535,584,419,0
1536,177,937,0
1537,917,739,0
1538,766,118,1
1539,666,82,1
1540,774,469,0
1541,733,335,0
1542,476,289,0
1543,756,169,1
1544,92,903,0
1545,615,952,0
1546,560,320,0
1547,603,907,0
1548,667,48,1
1549,920,247,1
1550,794,495,0
1551,516,720,0
1552,819,52,1
1553,880,815,0
1554,21,721,0
1555,456,120,1
1556,847,591,0
1557,368,895,0
1558,260,671,0
1559,730,231,1
1560,948,193,1
1561,524,431,0
1562,47,829,0
1563,799,81,1
1564,194,172,0
1565,962,143,1
1566,115,473,0
1567,644,604,0
1568,889,386,0
1569,481,781,0
1570,365,813,0
1571,804,554,0
1572,101,897,0
1573,458,861,0
1574,463,890,0
1575,575,254,0
1576,715,752,0
1577,786,512,0
1578,649,749,0
1579,619,620,0
1580,657,849,0
1581,374,400,0
1582,953,932,0
1583,591,59,1
1584,9,783,0
1585,300,855,0
1586,138,447,0
1587,794,244,1
1588,733,999,0
1589,496,573,0
1590,129,145,0
1591,456,153,1
1592,132,400,0
1593,852,833,0
1594,762,293,0
1595,541,41,1
1596,75,581,0
1597,718,36,1
1598,559,395,0
1599,815,848,0
1600,29,639,0
1601,885,363,0
1602,641,994,0
1603,847,321,0
1604,563,677,0
1605,156,179,0
1606,196,381,0
1607,944,214,1
1608,748,997,0
1609,366,981,0
1610,911,97,1
1611,14,651,0
1612,38,482,0
1613,631,137,1
1614,65,762,0
1615,1000,608,0
1616,698,606,0
1617,177,28,1
1618,861,411,0
1619,375,134,0
1620,939,886,0
1621,764,212,1
1622,206,388,0
1623,324,526,0
1624,799,131,1
1625,203,864,0
1626,691,699,0
1627,485,415,0
1628,716,677,0
1629,214,482,0
1630,148,310,0
1631,847,319,0
1632,268,7,1
1633,730,694,0
1634,514,381,0
1635,965,198,1
1636,857,632,0
1637,826,906,0
1638,602,338,0
1639,399,184,0
1640,537,62,1
1641,577,414,0
1642,26,690,0
1643,196,921,0
1644,730,170,1
1645,757,203,1
1646,130,818,0
1647,888,792,0
1648,350,664,0
1649,509,54,1
1650,660,444,0
1651,733,742,0
1652,320,413,0
1653,483,419,0
1654,813,186,1
1655,702,934,0
1656,125,649,0
1657,435,211,0
1658,585,631,0
1659,79,188,0
1660,164,501,0
1661,593,176,1
1662,33,819,0
1663,598,1000,0
1664,550,484,0
1665,295,150,0
1666,928,893,0
1667,629,74,1
1668,397,427,0
1669,788,26,1
1670,649,584,0
1671,629,461,0
1672,168,2,1
1673,629,852,0
1674,859,432,0
1675,619,229,0
1676,525,826,0
1677,631,790,0
1678,949,324,1
1679,182,955,0
1680,510,574,0
1681,362,780,0
1682,297,355,0
1683,830,893,0
1684,796,804,0
1685,895,499,0
1686,892,409,0
1687,310,960,0
1688,30,163,0
1689,507,828,0
1690,588,257,0
1691,91,280,0
1692,283,300,0
1693,937,559,0
1694,176,505,0
1695,651,132,1
1696,499,307,0
1697,203,834,0
1698,747,611,0
1699,582,612,0
1700,265,365,0
1701,682,890,0
1702,305,744,0
1703,248,284,0
1704,731,945,0
1705,977,38,1
1706,368,932,0
1707,300,361,0
1708,936,17,1
1709,677,417,0
1710,280,783,0
1711,98,560,0
1712,776,552,0
1713,391,726,0
1714,43,872,0
1715,529,27,1
1716,216,130,0
1717,31,195,0
1718,21,73,0
1719,621,253,0
1720,115,841,0
1721,922,632,0
1722,844,88,1
1723,818,579,0
1724,409,948,0
1725,206,791,0
1726,608,697,0
1727,982,338,0
1728,371,967,0
1729,240,811,0
1730,28,406,0
1731,186,461,0
1732,524,623,0
1733,140,243,0
1734,115,41,0
1735,769,718,0
1736,169,93,0
1737,460,478,0
1738,731,598,0
1739,184,634,0
1740,713,256,0
1741,95,709,0
1742,973,836,0
1743,132,528,0
1744,46,117,0
1745,580,246,0
1746,298,738,0
1747,750,39,1
1748,314,768,0
1749,140,941,0
1750,791,660,0
1751,409,797,0
1752,802,610,0
1753,954,850,0
1754,481,652,0
1755,554,68,1
1756,734,450,0
1757,278,399,0
1758,609,955,0
1759,703,60,1
1760,750,294,0
1761,301,137,0
1762,497,671,0
1763,320,893,0
1764,398,281,0
1765,554,508,0
1766,573,140,1
1767,609,555,0
1768,178,92,0
1769,633,513,0
1770,427,886,0
1771,661,131,1
1772,170,607,0
1773,933,562,0
1774,890,506,0
1775,852,426,0
1776,127,46,0
1777,721,186,1
1778,582,946,0
1779,477,795,0
1780,459,414,0
1781,612,70,1
1782,642,527,0
1783,92,279,0
1784,453,294,0
1785,907,368,0
1786,508,79,1
1787,981,739,0
1788,434,841,0
1789,666,432,0
1790,908,6,1
1791,718,151,1
1792,804,584,0
1793,90,563,0
1794,356,126,0
1795,849,484,0
1796,655,322,0
1797,981,526,0
1798,529,897,0
1799,471,723,0
1800,422,862,0
1801,885,26,1
1802,888,219,1
1803,933,770,0
1804,282,797,0
1805,496,575,0
1806,273,642,0
1807,10,167,0
1808,395,250,0
1809,494,930,0
1810,735,360,0
1811,622,900,0
1812,436,715,0
1813,584,897,0
1814,718,413,0
1815,45,947,0
1816,979,887,0
1817,403,67,1
1818,803,295,0
1819,922,250,1
1820,822,623,0
1821,251,170,0
1822,31,355,0
1823,123,438,0
1824,918,927,0
1825,784,746,0
1826,876,130,1
1827,995,576,0
1828,311,195,0
1829,379,73,1
1830,789,191,1
1831,531,309,0
1832,310,148,0
1833,137,927,0
1834,650,822,0
1835,647,951,0
1836,185,539,0
1837,830,861,0
1838,841,636,0
1839,398,79,1
1840,586,146,1
1841,715,479,0
1842,382,67,1
1843,970,340,0
1844,660,112,1
1845,153,860,0
1846,931,780,0
1847,60,211,0
1848,131,971,0
1849,587,298,0
1850,544,436,0
1851,145,951,0
1852,352,21,1
1853,759,564,0
1854,924,801,0
1855,447,191,0
1856,771,737,0
1857,605,478,0
1858,25,908,0
1859,335,548,0
1860,246,636,0
1861,342,68,1
1862,643,151,1
1863,700,257,0
1864,440,870,0
1865,197,32,1
1866,585,350,0
1867,971,219,1
1868,399,576,0
1869,17,243,0
1870,922,687,0
1871,545,425,0
1872,628,582,0
1873,889,721,0
1874,249,827,0
1875,511,723,0
1876,843,292,0
1877,334,959,0
1878,993,437,0
1879,9,501,0
1880,55,355,0
1881,236,686,0
1882,481,871,0
1883,594,722,0
1884,250,954,0
1885,864,775,0
1886,529,170,1
1887,576,506,0
1888,498,614,0
1889,19,718,0
1890,243,740,0
1891,350,334,0
1892,381,348,0
1893,861,568,0
1894,290,105,0
1895,341,105,1
1896,798,36,1
1897,626,87,1
1898,581,604,0
1899,985,134,1
1900,148,830,0
1901,480,594,0
1902,732,108,1
1903,802,654,0
1904,961,453,0
1905,38,39,0
1906,218,546,0
1907,215,145,0
1908,681,560,0
1909,103,140,0
1910,193,359,0
1911,604,865,0
1912,583,726,0
1913,76,431,0
1914,376,136,0
1915,125,180,0
1916,338,927,0
1917,653,378,0
1918,176,651,0
1919,120,257,0
1920,893,111,1
1921,424,946,0
1922,242,601,0
1923,183,519,0
1924,706,764,0
1925,824,557,0
1926,538,388,0
1927,531,851,0
1928,670,789,0
1929,567,754,0
1930,543,688,0
1931,705,592,0
1932,760,266,0
1933,99,210,0
1934,32,243,0
1935,104,742,0
1936,194,568,0
1937,324,650,0
1938,759,6,1
1939,241,261,0
1940,342,60,1
1941,700,304,0
1942,362,483,0
1943,349,249,0
1944,665,757,0
1945,429,988,0
1946,212,727,0
1947,98,981,0
1948,250,660,0
1949,902,78,1
1950,744,711,0
1951,806,641,0
1952,387,4,1
1953,878,76,1
1954,662,292,0
1955,130,95,0
1956,47,492,0
1957,15,2,1
1958,467,361,0
1959,423,279,0
1960,482,681,0
1961,787,225,1
1962,541,897,0
1963,356,984,0
1964,868,167,1
1965,50,562,0
1966,284,115,0
1967,941,968,0
1968,837,199,1
1969,754,146,1
1970,458,464,0
1971,773,568,0
1972,330,375,0
1973,973,358,0
1974,475,705,0
1975,773,258,1
1976,958,991,0
1977,998,198,1
1978,749,267,0
1979,698,612,0
1980,25,208,0
1981,555,795,0
1982,873,900,0
1983,74,725,0
1984,484,941,0
1985,20,978,0
1986,936,900,0
1987,814,429,0
1988,915,603,0
1989,434,936,0
1990,542,799,0
1991,746,246,1
1992,777,898,0
1993,984,981,0
1994,401,296,0
1995,624,343,0
1996,926,579,0
1997,741,963,0
1998,26,469,0
1999,232,733,0
2000,604,953,0
