n 500
c 176595
z 242693
time 0.00
1,229,971,0
2,310,687,0
3,15,757,0
4,243,158,1
5,849,215,1
6,888,725,1
7,9,752,0
8,827,71,1
9,30,448,0
10,226,829,0
11,374,127,1
12,826,222,1
13,722,71,1
14,777,895,1
15,886,952,1
16,667,24,1
17,397,720,1
18,929,115,1
19,506,244,1
20,809,561,1
21,521,968,1
22,894,763,1
23,507,679,1
24,335,330,1
25,216,936,0
26,862,635,1
27,751,77,1
28,87,803,0
29,721,881,1
30,264,306,1
31,900,53,1
32,167,295,1
33,227,623,0
34,958,456,1
35,43,135,0
36,500,964,1
37,352,335,1
38,862,48,1
39,806,575,1
40,339,506,1
41,947,298,1
42,429,877,1
43,569,233,1
44,322,489,1
45,450,410,1
46,410,222,1
47,220,229,1
48,60,917,0
49,420,730,1
50,937,875,1
51,750,482,1
52,434,99,1
53,122,48,1
54,748,247,1
55,339,844,0
56,257,779,0
57,362,684,1
58,507,382,1
59,375,967,0
60,354,677,1
61,535,304,1
62,437,974,0
63,729,155,1
64,501,166,1
65,722,599,1
66,412,111,1
67,976,744,1
68,13,730,0
69,404,799,1
70,837,461,1
71,896,25,1
72,358,129,1
73,224,377,1
74,309,506,1
75,286,251,1
76,633,332,1
77,749,966,1
78,276,206,1
79,703,932,1
80,815,238,1
81,930,801,1
82,413,201,1
83,877,486,1
84,817,413,1
85,656,257,1
86,244,413,1
87,257,43,1
88,214,239,1
89,3,917,0
90,974,478,1
91,97,272,0
92,781,408,1
93,441,408,1
94,924,627,1
95,771,603,1
96,790,768,1
97,392,44,1
98,487,76,1
99,880,79,1
100,4,231,0
101,396,616,1
102,149,859,0
103,578,149,1
104,605,83,1
105,14,668,0
106,34,941,0
107,373,674,1
108,728,958,1
109,429,194,1
110,120,352,0
111,473,214,1
112,109,522,0
113,489,356,1
114,583,388,1
115,725,760,1
116,240,886,0
117,978,682,1
118,748,36,1
119,173,204,1
120,454,472,1
121,693,547,1
122,942,692,1
123,205,655,0
124,830,706,1
125,247,104,1
126,380,146,1
127,188,423,0
128,673,791,1
129,615,750,1
130,88,734,0
131,698,101,1
132,506,516,1
133,399,578,1
134,694,731,1
135,753,484,1
136,991,345,1
137,44,140,0
138,837,502,1
139,470,89,1
140,885,935,1
141,657,950,1
142,596,308,1
143,961,714,1
144,519,498,1
145,143,132,1
146,190,821,0
147,952,777,1
148,838,638,1
149,176,468,0
150,254,325,1
151,456,288,1
152,642,380,1
153,863,749,1
154,307,191,1
155,940,869,1
156,871,571,1
157,353,705,1
158,916,274,1
159,915,461,1
160,440,184,1
161,830,236,1
162,621,854,1
163,37,345,0
164,416,705,1
165,296,908,0
166,312,117,1
167,174,782,0
168,859,219,1
169,193,649,0
170,220,732,0
171,706,158,1
172,193,977,0
173,393,188,1
174,969,993,1
175,46,578,0
176,939,286,1
177,958,777,1
178,961,268,1
179,749,425,1
180,116,479,0
181,674,262,1
182,737,32,1
183,88,351,0
184,32,491,0
185,912,148,1
186,901,656,1
187,700,377,1
188,591,60,1
189,823,659,1
190,774,308,1
191,552,37,1
192,979,998,1
193,173,759,0
194,919,163,1
195,403,188,1
196,997,925,1
197,556,639,1
198,827,889,1
199,890,946,1
200,267,392,1
201,615,698,1
202,785,144,1
203,471,586,1
204,69,874,0
205,973,26,1
206,1000,752,1
207,402,675,1
208,883,381,1
209,45,658,0
210,986,496,1
211,404,551,1
212,256,543,1
213,360,114,1
214,244,308,1
215,167,297,1
216,970,646,1
217,26,911,0
218,716,359,1
219,223,652,0
220,622,797,1
221,297,197,1
222,202,712,0
223,291,800,0
224,416,991,0
225,500,863,1
226,663,431,1
227,859,726,1
228,465,936,1
229,716,490,1
230,368,110,1
231,67,880,0
232,990,553,1
233,837,224,1
234,19,521,0
235,647,932,1
236,40,347,0
237,478,216,1
238,168,768,0
239,229,152,1
240,982,328,1
241,452,232,1
242,1000,282,1
243,493,772,1
244,515,830,1
245,163,333,1
246,377,938,0
247,235,821,0
248,758,893,1
249,252,463,1
250,153,283,1
251,371,566,1
252,669,566,1
253,295,80,1
254,190,165,1
255,220,254,1
256,784,588,1
257,307,323,1
258,531,623,1
259,438,862,1
260,724,836,1
261,816,366,1
262,469,380,1
263,971,10,1
264,445,326,1
265,652,530,1
266,778,81,1
267,849,397,1
268,682,211,1
269,842,984,1
270,32,282,0
271,421,823,1
272,812,878,1
273,779,323,1
274,644,146,1
275,321,896,0
276,62,261,0
277,409,386,1
278,792,721,1
279,662,748,1
280,814,351,1
281,975,756,1
282,714,789,1
283,674,158,1
284,418,646,1
285,602,715,1
286,587,116,1
287,539,382,1
288,244,260,1
289,578,60,1
290,509,814,1
291,162,69,1
292,718,615,1
293,753,115,1
294,628,669,1
295,849,838,1
296,350,358,1
297,450,897,1
298,718,709,1
299,180,221,1
300,226,403,1
301,291,719,0
302,282,534,1
303,75,897,0
304,869,784,1
305,947,314,1
306,108,295,0
307,286,610,0
308,784,444,1
309,172,759,0
310,671,586,1
311,391,741,1
312,65,989,0
313,873,397,1
314,25,909,0
315,403,965,0
316,87,877,0
317,392,600,1
318,714,356,1
319,985,705,1
320,274,416,1
321,473,961,0
322,100,514,0
323,448,651,1
324,47,337,0
325,598,496,1
326,876,886,1
327,141,997,0
328,586,434,1
329,288,341,1
330,895,248,1
331,602,179,1
332,323,266,1
333,327,352,1
334,325,859,0
335,888,493,1
336,513,190,1
337,522,662,1
338,34,538,0
339,389,379,1
340,953,555,1
341,450,28,1
342,591,741,1
343,254,113,1
344,39,255,0
345,980,211,1
346,516,482,1
347,582,555,1
348,802,525,1
349,443,92,1
350,889,694,1
351,164,431,0
352,372,311,1
353,113,379,0
354,216,403,1
355,545,271,1
356,736,116,1
357,774,766,1
358,213,490,0
359,951,446,1
360,386,385,1
361,695,453,1
362,21,496,0
363,914,568,1
364,226,161,1
365,400,809,1
366,458,698,1
367,834,540,1
368,176,247,1
369,778,558,1
370,924,994,1
371,887,603,1
372,673,873,1
373,453,19,1
374,873,313,1
375,435,767,1
376,976,788,1
377,702,486,1
378,861,629,1
379,131,975,0
380,493,516,1
381,786,90,1
382,226,650,0
383,214,631,0
384,657,650,1
385,329,370,1
386,513,786,1
387,108,746,0
388,727,925,1
389,147,173,1
390,599,231,1
391,207,826,0
392,253,676,0
393,206,226,1
394,593,133,1
395,949,171,1
396,328,520,1
397,661,211,1
398,575,627,1
399,283,173,1
400,779,924,1
401,785,267,1
402,220,480,0
403,563,689,1
404,256,598,0
405,492,929,1
406,971,31,1
407,719,833,1
408,852,469,1
409,113,949,0
410,723,653,1
411,219,522,0
412,871,834,1
413,741,328,1
414,92,712,0
415,606,922,1
416,505,25,1
417,976,14,1
418,160,903,0
419,225,747,0
420,590,647,1
421,76,68,1
422,970,342,1
423,829,592,1
424,738,603,1
425,700,67,1
426,913,496,1
427,321,13,1
428,822,927,1
429,454,621,1
430,573,189,1
431,18,50,0
432,112,261,0
433,945,965,1
434,241,156,1
435,265,94,1
436,198,156,1
437,439,25,1
438,951,631,1
439,424,21,1
440,907,602,1
441,740,305,1
442,886,803,1
443,116,67,1
444,960,825,1
445,396,118,1
446,967,151,1
447,628,464,1
448,36,156,0
449,920,534,1
450,291,210,1
451,647,476,1
452,20,352,0
453,33,116,0
454,350,702,1
455,658,545,1
456,835,885,1
457,115,618,0
458,159,913,0
459,504,22,1
460,162,405,0
461,251,600,0
462,589,641,1
463,767,32,1
464,81,889,0
465,313,547,1
466,675,325,1
467,945,161,1
468,731,537,1
469,263,289,1
470,108,416,0
471,423,899,0
472,198,546,0
473,791,329,1
474,719,647,1
475,728,891,1
476,904,166,1
477,463,942,1
478,675,103,1
479,368,464,1
480,403,986,0
481,112,90,1
482,956,754,1
483,809,426,1
484,425,337,1
485,483,692,1
486,988,848,1
487,741,437,1
488,927,451,1
489,602,364,1
490,170,416,0
491,400,382,1
492,798,322,1
493,669,836,1
494,166,422,0
495,290,274,1
496,557,169,1
497,305,998,0
498,810,612,1
499,723,43,1
500,920,725,1
