n 500
c 36168
z 100336
time 0.00
1,768,698,0
2,681,862,0
3,178,532,0
4,94,285,0
5,300,854,0
6,451,924,0
7,940,663,0
8,254,998,0
9,793,487,1
10,509,244,1
11,601,694,0
12,437,685,0
13,781,774,0
14,12,238,0
15,737,783,0
16,998,463,1
17,24,159,0
18,180,570,0
19,837,915,0
20,44,800,0
21,748,647,0
22,553,66,1
23,694,534,0
24,890,25,1
25,955,367,1
26,393,714,0
27,954,124,1
28,122,818,0
29,60,584,0
30,851,65,1
31,351,132,1
32,850,606,0
33,262,950,0
34,993,47,1
35,902,958,0
36,143,27,1
37,195,254,0
38,561,287,1
39,337,966,0
40,694,561,0
41,382,537,0
42,64,276,0
43,996,184,1
44,397,680,0
45,709,841,0
46,837,685,0
47,87,284,0
48,743,292,1
49,903,705,0
50,684,602,0
51,425,217,1
52,637,426,1
53,941,807,0
54,287,302,0
55,262,915,0
56,924,298,1
57,533,827,0
58,310,525,0
59,506,86,1
60,989,964,0
61,178,39,1
62,640,101,1
63,444,562,0
64,96,933,0
65,429,406,0
66,135,958,0
67,347,143,1
68,960,33,1
69,855,350,1
70,1000,860,0
71,531,256,1
72,705,976,0
73,619,392,1
74,808,777,0
75,961,298,1
76,324,883,0
77,248,381,0
78,951,877,0
79,682,203,1
80,34,405,0
81,445,240,1
82,728,680,0
83,192,485,0
84,204,276,0
85,355,744,0
86,463,524,0
87,324,850,0
88,481,230,1
89,630,540,0
90,993,5,1
91,476,287,1
92,16,127,0
93,236,463,0
94,655,538,0
95,838,986,0
96,401,271,1
97,771,779,0
98,138,123,0
99,771,46,1
100,351,542,0
101,639,919,0
102,872,786,0
103,453,484,0
104,680,530,0
105,713,243,1
106,653,604,0
107,712,577,0
108,355,29,1
109,1000,385,1
110,635,151,1
111,468,829,0
112,8,361,0
113,332,811,0
114,754,259,1
115,224,39,1
116,667,437,1
117,757,961,0
118,455,459,0
119,720,283,1
120,833,375,1
121,856,922,0
122,217,907,0
123,520,86,1
124,425,545,0
125,482,303,1
126,679,329,1
127,95,566,0
128,252,630,0
129,138,949,0
130,827,493,1
131,309,204,1
132,693,251,1
133,122,465,0
134,321,154,1
135,932,147,1
136,906,640,1
137,983,211,1
138,576,469,0
139,905,304,1
140,176,622,0
141,516,301,1
142,319,171,1
143,276,937,0
144,90,153,0
145,490,187,1
146,777,940,0
147,667,576,0
148,97,789,0
149,91,667,0
150,209,564,0
151,99,431,0
152,21,131,0
153,234,948,0
154,326,86,1
155,191,932,0
156,402,450,0
157,996,816,0
158,359,697,0
159,310,228,0
160,843,575,1
161,145,3,1
162,232,701,0
163,408,672,0
164,115,40,1
165,451,331,0
166,899,252,1
167,649,957,0
168,102,458,0
169,660,952,0
170,175,251,0
171,685,189,1
172,692,552,0
173,140,675,0
174,156,984,0
175,441,401,0
176,22,573,0
177,753,640,0
178,92,3,1
179,256,856,0
180,991,494,1
181,45,925,0
182,116,895,0
183,371,958,0
184,675,818,0
185,515,99,1
186,544,911,0
187,607,688,0
188,746,131,1
189,930,690,0
190,121,307,0
191,483,428,0
192,910,829,0
193,696,582,0
194,402,930,0
195,470,347,0
196,224,92,1
197,655,910,0
198,86,904,0
199,285,425,0
200,54,111,0
201,194,473,0
202,148,151,0
203,810,281,1
204,136,841,0
205,944,513,1
206,387,63,1
207,389,578,0
208,222,380,0
209,704,569,0
210,61,23,1
211,119,598,0
212,819,446,1
213,363,849,0
214,823,147,1
215,266,728,0
216,221,69,1
217,533,342,1
218,311,286,0
219,874,819,0
220,553,92,1
221,308,44,1
222,341,751,0
223,910,599,1
224,131,414,0
225,175,206,0
226,642,166,1
227,46,549,0
228,172,519,0
229,831,337,1
230,19,773,0
231,582,767,0
232,265,784,0
233,408,863,0
234,22,936,0
235,530,187,1
236,499,90,1
237,97,807,0
238,323,959,0
239,480,399,0
240,521,143,1
241,567,55,1
242,339,993,0
243,376,587,0
244,774,645,0
245,942,516,1
246,292,705,0
247,254,44,1
248,281,428,0
249,279,958,0
250,420,290,0
251,518,597,0
252,696,349,1
253,90,527,0
254,193,132,1
255,487,677,0
256,91,75,1
257,198,978,0
258,846,886,0
259,361,53,1
260,503,531,0
261,579,933,0
262,240,707,0
263,86,665,0
264,472,893,0
265,95,577,0
266,805,216,1
267,124,156,0
268,117,698,0
269,213,23,1
270,355,393,0
271,304,462,0
272,399,173,1
273,414,602,0
274,783,593,0
275,172,855,0
276,17,124,0
277,964,105,1
278,187,24,1
279,633,691,0
280,1,806,0
281,490,995,0
282,117,564,0
283,789,757,0
284,917,61,1
285,741,194,1
286,710,675,0
287,166,133,0
288,503,251,1
289,925,795,0
290,920,677,0
291,333,852,0
292,801,118,1
293,708,962,0
294,903,924,0
295,324,229,0
296,825,877,0
297,645,752,0
298,193,508,0
299,63,772,0
300,333,778,0
301,606,494,0
302,709,677,0
303,470,760,0
304,848,951,0
305,990,569,1
306,207,894,0
307,97,313,0
308,19,491,0
309,63,518,0
310,698,225,1
311,978,940,0
312,388,612,0
313,140,620,0
314,476,180,1
315,622,180,1
316,602,948,0
317,875,727,0
318,693,595,0
319,788,920,0
320,45,23,1
321,636,224,1
322,639,209,1
323,515,770,0
324,250,752,0
325,201,599,0
326,399,637,0
327,720,756,0
328,877,665,0
329,411,556,0
330,690,695,0
331,677,858,0
332,318,609,0
333,218,687,0
334,920,922,0
335,75,844,0
336,836,533,1
337,333,741,0
338,821,217,1
339,344,242,0
340,748,682,0
341,149,747,0
342,58,820,0
343,697,416,1
344,642,846,0
345,911,458,1
346,319,313,0
347,409,482,0
348,693,508,0
349,302,427,0
350,644,773,0
351,415,678,0
352,415,910,0
353,276,594,0
354,483,26,1
355,52,694,0
356,219,307,0
357,337,165,1
358,32,849,0
359,546,109,1
360,589,232,1
361,570,380,1
362,400,911,0
363,781,55,1
364,85,80,0
365,179,768,0
366,821,993,0
367,549,427,0
368,939,390,1
369,189,989,0
370,399,841,0
371,10,618,0
372,188,680,0
373,992,386,1
374,244,184,0
375,606,926,0
376,731,531,0
377,209,597,0
378,416,420,0
379,438,406,0
380,528,547,0
381,141,81,1
382,861,857,0
383,937,966,0
384,636,937,0
385,148,641,0
386,732,593,0
387,439,961,0
388,586,404,1
389,894,972,0
390,474,614,0
391,122,889,0
392,192,539,0
393,305,721,0
394,268,876,0
395,224,194,0
396,843,855,0
397,728,154,1
398,786,890,0
399,366,780,0
400,686,459,1
401,452,202,1
402,599,95,1
403,774,368,1
404,699,93,1
405,463,992,0
406,422,646,0
407,66,264,0
408,7,748,0
409,404,972,0
410,526,844,0
411,542,297,1
412,986,281,1
413,96,663,0
414,191,759,0
415,281,833,0
416,284,664,0
417,283,421,0
418,419,366,0
419,604,114,1
420,209,38,1
421,143,787,0
422,613,413,1
423,888,511,1
424,261,618,0
425,495,842,0
426,636,559,0
427,988,700,0
428,545,398,0
429,593,92,1
430,896,580,1
431,413,345,0
432,363,100,1
433,348,236,1
434,364,3,1
435,972,469,1
436,657,51,1
437,698,952,0
438,610,190,1
439,379,396,0
440,86,241,0
441,375,736,0
442,177,522,0
443,711,722,0
444,203,936,0
445,343,725,0
446,594,822,0
447,839,871,0
448,679,131,1
449,667,485,0
450,302,609,0
451,194,875,0
452,423,983,0
453,468,395,0
454,481,77,1
455,669,736,0
456,166,740,0
457,22,481,0
458,834,328,1
459,211,141,1
460,461,964,0
461,334,735,0
462,768,96,1
463,522,767,0
464,428,912,0
465,756,962,0
466,950,380,1
467,452,488,0
468,638,600,0
469,522,608,0
470,463,423,0
471,994,498,1
472,49,513,0
473,922,520,1
474,186,654,0
475,163,306,0
476,787,69,1
477,626,341,1
478,782,310,1
479,451,423,0
480,526,545,0
481,427,321,0
482,999,937,0
483,132,313,0
484,572,240,1
485,542,179,1
486,39,39,0
487,440,572,0
488,666,922,0
489,389,683,0
490,741,903,0
491,867,453,1
492,505,801,0
493,600,363,1
494,481,653,0
495,909,633,1
496,304,872,0
497,212,397,0
498,917,363,1
499,822,98,1
500,643,132,1
