n 500
c 148077
z 223031
time 0.01
1,555,758,1
2,135,151,1
3,901,473,1
4,493,942,0
5,198,35,1
6,674,596,1
7,174,132,1
8,740,270,1
9,683,916,1
10,787,837,1
11,564,442,1
12,748,438,1
13,608,771,1
14,363,103,1
15,156,907,0
16,213,135,1
17,707,276,1
18,867,75,1
19,663,696,1
20,10,745,0
21,406,620,0
22,472,778,0
23,241,827,0
24,497,377,1
25,878,443,1
26,343,59,1
27,517,809,0
28,384,130,1
29,103,940,0
30,609,770,1
31,546,120,1
32,433,966,0
33,873,418,1
34,504,776,0
35,848,419,1
36,574,44,1
37,46,555,0
38,584,831,1
39,195,355,0
40,132,545,0
41,689,406,1
42,878,516,1
43,654,21,1
44,868,56,1
45,151,782,0
46,876,285,1
47,897,432,1
48,205,900,0
49,593,54,1
50,42,299,0
51,156,453,0
52,291,579,0
53,520,708,1
54,102,991,0
55,273,991,0
56,475,34,1
57,895,48,1
58,373,229,1
59,77,611,0
60,76,349,0
61,157,3,1
62,463,213,1
63,222,142,1
64,454,781,0
65,759,410,1
66,966,183,1
67,462,523,1
68,278,633,0
69,441,171,1
70,334,252,1
71,126,244,0
72,384,584,0
73,966,141,1
74,566,314,1
75,811,806,1
76,643,91,1
77,787,577,1
78,862,702,1
79,693,663,1
80,920,645,1
81,728,420,1
82,775,184,1
83,866,441,1
84,827,316,1
85,318,700,0
86,253,508,0
87,351,102,1
88,152,855,0
89,729,217,1
90,663,734,1
91,927,499,1
92,966,167,1
93,590,827,1
94,573,938,0
95,433,911,0
96,231,296,1
97,358,656,0
98,673,283,1
99,101,331,0
100,525,479,1
101,17,972,0
102,726,899,1
103,983,737,1
104,574,419,1
105,220,24,1
106,444,85,1
107,619,782,1
108,529,885,0
109,947,373,1
110,265,384,1
111,542,785,1
112,447,882,0
113,310,400,1
114,800,100,1
115,163,332,0
116,122,213,0
117,664,830,1
118,822,372,1
119,579,264,1
120,368,959,0
121,306,310,1
122,143,443,0
123,619,450,1
124,128,497,0
125,660,204,1
126,269,825,0
127,265,658,0
128,27,702,0
129,860,425,1
130,217,766,0
131,711,608,1
132,748,972,1
133,973,421,1
134,303,699,0
135,390,719,0
136,88,561,0
137,729,592,1
138,870,133,1
139,804,372,1
140,534,735,1
141,71,434,0
142,829,507,1
143,926,766,1
144,160,962,0
145,29,736,0
146,375,501,1
147,174,877,0
148,184,558,0
149,653,439,1
150,383,109,1
151,517,556,1
152,675,315,1
153,436,840,0
154,660,743,1
155,953,880,1
156,889,947,1
157,510,85,1
158,630,378,1
159,936,440,1
160,162,752,0
161,523,720,1
162,398,293,1
163,195,589,0
164,834,280,1
165,77,64,1
166,370,429,1
167,764,185,1
168,981,554,1
169,631,212,1
170,422,988,0
171,879,729,1
172,235,488,0
173,687,175,1
174,371,168,1
175,884,837,1
176,757,981,1
177,940,733,1
178,91,932,0
179,267,245,1
180,37,326,0
181,720,26,1
182,794,383,1
183,990,99,1
184,274,515,0
185,598,527,1
186,998,768,1
187,242,269,1
188,897,828,1
189,652,206,1
190,920,188,1
191,325,433,1
192,852,293,1
193,594,275,1
194,681,139,1
195,113,752,0
196,798,468,1
197,281,954,0
198,453,456,1
199,223,685,0
200,77,272,0
201,221,309,1
202,530,495,1
203,325,45,1
204,535,961,0
205,755,477,1
206,385,591,0
207,192,199,1
208,604,60,1
209,91,62,1
210,252,176,1
211,202,803,0
212,442,174,1
213,758,485,1
214,334,963,0
215,340,972,0
216,747,758,1
217,704,579,1
218,750,246,1
219,780,400,1
220,744,21,1
221,822,32,1
222,299,423,1
223,904,844,1
224,201,534,0
225,745,114,1
226,136,670,0
227,473,242,1
228,554,344,1
229,657,190,1
230,737,933,1
231,249,420,0
232,920,641,1
233,635,35,1
234,52,73,1
235,756,368,1
236,393,658,0
237,275,500,0
238,905,136,1
239,506,731,1
240,543,719,1
241,522,780,0
242,754,82,1
243,731,800,1
244,877,918,1
245,408,33,1
246,187,249,1
247,953,640,1
248,640,804,1
249,826,811,1
250,562,27,1
251,345,809,0
252,446,917,0
253,285,907,0
254,783,468,1
255,393,682,0
256,922,347,1
257,936,143,1
258,133,47,1
259,955,418,1
260,53,347,0
261,726,994,1
262,815,252,1
263,176,405,0
264,638,821,1
265,865,262,1
266,675,272,1
267,526,89,1
268,523,826,0
269,752,579,1
270,578,922,0
271,474,634,1
272,597,982,0
273,473,718,0
274,749,593,1
275,630,916,1
276,328,349,1
277,303,221,1
278,889,657,1
279,740,47,1
280,311,487,0
281,724,567,1
282,892,277,1
283,80,554,0
284,948,349,1
285,271,231,1
286,541,827,0
287,273,842,0
288,853,707,1
289,616,759,1
290,343,293,1
291,287,153,1
292,936,462,1
293,918,239,1
294,942,468,1
295,622,793,1
296,719,349,1
297,559,485,1
298,127,613,0
299,826,936,1
300,588,482,1
301,680,571,1
302,292,365,1
303,705,444,1
304,118,928,0
305,800,918,1
306,998,342,1
307,475,118,1
308,257,540,0
309,225,442,0
310,856,26,1
311,837,976,1
312,930,837,1
313,511,201,1
314,314,188,1
315,761,128,1
316,776,765,1
317,702,27,1
318,507,940,0
319,206,701,0
320,804,823,1
321,111,333,0
322,606,465,1
323,830,502,1
324,849,745,1
325,491,708,1
326,205,286,1
327,42,160,0
328,812,545,1
329,622,640,1
330,240,271,1
331,352,174,1
332,724,754,1
333,189,811,0
334,895,683,1
335,941,16,1
336,618,622,1
337,416,433,1
338,243,153,1
339,387,95,1
340,162,538,0
341,832,120,1
342,897,885,1
343,916,212,1
344,264,15,1
345,889,575,1
346,510,57,1
347,28,118,0
348,372,36,1
349,449,1000,0
350,323,670,0
351,434,323,1
352,598,695,1
353,302,695,0
354,874,787,1
355,183,827,0
356,217,355,0
357,348,330,1
358,662,250,1
359,556,57,1
360,211,129,1
361,132,832,0
362,503,31,1
363,992,587,1
364,971,377,1
365,646,988,0
366,179,490,0
367,616,959,0
368,738,247,1
369,527,818,0
370,614,569,1
371,501,822,0
372,666,440,1
373,339,926,0
374,562,625,1
375,409,427,1
376,497,372,1
377,700,369,1
378,103,164,0
379,65,882,0
380,919,995,1
381,640,925,1
382,124,242,0
383,723,339,1
384,35,234,0
385,838,678,1
386,843,514,1
387,1,750,0
388,681,909,1
389,889,728,1
390,680,607,1
391,517,125,1
392,190,452,0
393,531,325,1
394,186,557,0
395,962,447,1
396,858,920,1
397,771,686,1
398,184,242,1
399,609,441,1
400,196,340,0
401,199,935,0
402,653,832,1
403,720,636,1
404,305,318,1
405,418,261,1
406,541,239,1
407,940,868,1
408,142,501,0
409,686,705,1
410,709,325,1
411,896,85,1
412,440,882,0
413,43,827,0
414,542,791,1
415,123,574,0
416,819,777,1
417,742,545,1
418,313,431,1
419,318,991,0
420,151,630,0
421,306,576,0
422,899,973,1
423,155,764,0
424,364,994,0
425,250,391,1
426,19,168,0
427,615,673,1
428,359,694,0
429,532,25,1
430,303,308,1
431,751,205,1
432,642,620,1
433,471,264,1
434,602,467,1
435,718,569,1
436,95,411,0
437,949,884,1
438,776,78,1
439,21,72,0
440,85,417,0
441,809,676,1
442,712,595,1
443,58,910,0
444,921,296,1
445,490,602,1
446,25,646,0
447,905,691,1
448,398,195,1
449,638,649,1
450,165,889,0
451,941,503,1
452,77,288,0
453,959,263,1
454,104,374,0
455,31,717,0
456,845,421,1
457,777,885,1
458,304,177,1
459,509,922,0
460,68,156,0
461,969,28,1
462,463,528,1
463,580,444,1
464,779,993,1
465,687,711,1
466,308,204,1
467,622,541,1
468,845,232,1
469,908,277,1
470,149,64,1
471,421,671,0
472,567,897,0
473,652,805,1
474,728,998,1
475,13,950,0
476,818,526,1
477,789,17,1
478,773,647,1
479,85,811,0
480,956,529,1
481,998,926,1
482,429,185,1
483,894,534,1
484,210,816,0
485,88,136,0
486,245,784,0
487,210,681,0
488,377,491,1
489,464,216,1
490,307,951,0
491,638,625,1
492,863,754,1
493,322,143,1
494,351,814,0
495,664,693,1
496,334,793,0
497,903,562,1
498,571,739,1
499,376,279,1
500,489,933,0
