n 500
c 137821
z 216576
time 0.00
1,702,688,1
2,471,28,1
3,896,66,1
4,684,499,1
5,90,428,0
6,969,98,1
7,210,21,1
8,644,508,1
9,983,101,1
10,627,666,1
11,407,444,1
12,59,155,0
13,811,196,1
14,570,580,1
15,343,85,1
16,404,909,0
17,830,861,1
18,450,560,1
19,771,65,1
20,298,270,1
21,922,181,1
22,647,368,1
23,116,204,0
24,432,119,1
25,1,853,0
26,503,64,1
27,648,594,1
28,584,640,1
29,914,126,1
30,193,479,0
31,749,922,1
32,752,796,1
33,556,276,1
34,695,877,1
35,788,916,1
36,357,393,1
37,841,228,1
38,327,349,1
39,583,292,1
40,212,87,1
41,492,599,1
42,950,882,1
43,570,262,1
44,683,318,1
45,835,263,1
46,803,987,1
47,149,914,0
48,389,298,1
49,725,775,1
50,146,304,0
51,47,487,0
52,195,480,0
53,459,885,0
54,613,220,1
55,588,121,1
56,450,1000,0
57,411,329,1
58,204,571,0
59,72,868,0
60,299,282,1
61,408,885,0
62,822,467,1
63,346,160,1
64,310,323,1
65,979,396,1
66,501,668,1
67,33,629,0
68,534,807,1
69,933,172,1
70,246,282,1
71,569,294,1
72,807,638,1
73,145,742,0
74,478,95,1
75,191,768,0
76,810,177,1
77,70,307,0
78,133,875,0
79,696,113,1
80,896,627,1
81,115,414,0
82,694,726,1
83,142,579,0
84,434,426,1
85,169,662,0
86,901,738,1
87,466,80,1
88,463,60,1
89,300,130,1
90,423,867,0
91,986,517,1
92,166,565,0
93,290,381,1
94,253,216,1
95,12,504,0
96,39,685,0
97,993,929,1
98,40,761,0
99,553,716,1
100,285,140,1
101,477,677,1
102,70,752,0
103,643,410,1
104,558,544,1
105,375,833,0
106,891,50,1
107,854,703,1
108,433,387,1
109,462,903,0
110,137,829,0
111,770,291,1
112,38,791,0
113,962,289,1
114,8,113,0
115,454,213,1
116,497,411,1
117,219,895,0
118,125,601,0
119,782,345,1
120,831,893,1
121,150,80,1
122,55,537,0
123,62,100,0
124,911,943,1
125,208,53,1
126,325,687,0
127,797,84,1
128,162,284,0
129,784,459,1
130,313,587,0
131,147,562,0
132,843,65,1
133,152,831,0
134,943,800,1
135,770,105,1
136,136,966,0
137,429,753,0
138,638,883,1
139,879,494,1
140,150,316,0
141,722,435,1
142,245,577,0
143,394,543,1
144,328,879,0
145,712,225,1
146,575,842,1
147,145,286,0
148,663,587,1
149,713,433,1
150,231,626,0
151,25,509,0
152,275,641,0
153,616,970,0
154,212,916,0
155,221,266,1
156,632,568,1
157,346,742,0
158,277,55,1
159,988,258,1
160,257,429,0
161,839,241,1
162,766,259,1
163,926,422,1
164,897,678,1
165,857,913,1
166,713,18,1
167,175,171,1
168,940,96,1
169,466,270,1
170,437,305,1
171,427,755,0
172,74,126,1
173,890,441,1
174,850,766,1
175,391,527,1
176,892,75,1
177,535,14,1
178,810,729,1
179,966,54,1
180,285,980,0
181,35,627,0
182,202,117,1
183,945,260,1
184,161,720,0
185,25,41,0
186,590,853,1
187,189,726,0
188,336,593,0
189,960,72,1
190,831,993,1
191,73,450,0
192,92,235,0
193,342,676,0
194,920,440,1
195,308,745,0
196,910,26,1
197,373,956,0
198,804,590,1
199,675,439,1
200,844,805,1
201,864,207,1
202,162,997,0
203,920,679,1
204,294,407,1
205,846,807,1
206,193,525,0
207,379,216,1
208,180,882,0
209,886,111,1
210,195,477,0
211,5,84,0
212,745,404,1
213,385,527,1
214,37,833,0
215,408,486,1
216,947,803,1
217,787,372,1
218,101,84,1
219,144,145,1
220,975,146,1
221,474,450,1
222,307,397,1
223,540,173,1
224,81,468,0
225,253,396,0
226,200,300,1
227,212,643,0
228,946,845,1
229,549,31,1
230,649,779,1
231,556,149,1
232,679,22,1
233,374,709,0
234,756,558,1
235,272,777,0
236,9,976,0
237,455,517,1
238,881,413,1
239,206,269,1
240,759,261,1
241,269,61,1
242,209,559,0
243,454,417,1
244,796,427,1
245,708,146,1
246,290,111,1
247,428,514,1
248,639,178,1
249,173,4,1
250,10,816,0
251,220,643,0
252,334,755,0
253,600,813,1
254,231,26,1
255,773,683,1
256,489,265,1
257,764,264,1
258,676,92,1
259,823,795,1
260,405,505,1
261,737,395,1
262,438,441,1
263,500,359,1
264,622,203,1
265,13,399,0
266,699,726,1
267,130,146,1
268,819,448,1
269,491,973,0
270,601,455,1
271,302,308,1
272,437,619,1
273,332,776,0
274,477,135,1
275,66,229,0
276,751,2,1
277,642,951,1
278,625,358,1
279,791,505,1
280,119,148,1
281,144,449,0
282,331,522,0
283,387,155,1
284,11,851,0
285,907,800,1
286,876,113,1
287,212,827,0
288,765,457,1
289,315,641,0
290,22,235,0
291,723,394,1
292,431,324,1
293,202,248,1
294,269,154,1
295,578,555,1
296,503,235,1
297,803,118,1
298,159,202,1
299,925,218,1
300,923,208,1
301,964,740,1
302,523,619,1
303,468,998,0
304,998,477,1
305,396,783,0
306,637,460,1
307,151,279,0
308,697,249,1
309,221,780,0
310,120,55,1
311,912,402,1
312,74,866,0
313,306,986,0
314,314,106,1
315,892,114,1
316,952,18,1
317,409,381,1
318,691,473,1
319,242,230,1
320,971,869,1
321,762,854,1
322,133,231,0
323,185,464,0
324,64,934,0
325,271,349,1
326,181,27,1
327,646,354,1
328,259,735,0
329,969,202,1
330,760,997,1
331,707,16,1
332,348,103,1
333,272,277,1
334,182,968,0
335,937,618,1
336,386,283,1
337,131,923,0
338,19,631,0
339,214,752,0
340,106,728,0
341,811,561,1
342,712,18,1
343,391,206,1
344,440,724,0
345,213,648,0
346,549,871,0
347,143,280,0
348,307,26,1
349,372,793,0
350,826,699,1
351,413,612,1
352,837,764,1
353,978,344,1
354,313,752,0
355,666,36,1
356,585,129,1
357,383,11,1
358,774,127,1
359,576,643,1
360,587,774,1
361,320,450,1
362,78,77,1
363,251,381,1
364,667,886,1
365,945,686,1
366,651,727,1
367,331,553,0
368,265,604,0
369,155,883,0
370,517,111,1
371,720,120,1
372,522,638,1
373,230,824,0
374,322,278,1
375,180,396,0
376,217,489,0
377,903,691,1
378,926,106,1
379,444,300,1
380,974,249,1
381,963,759,1
382,523,391,1
383,455,148,1
384,770,559,1
385,194,959,0
386,610,447,1
387,29,999,0
388,80,98,1
389,68,834,0
390,664,812,1
391,472,103,1
392,398,353,1
393,615,175,1
394,178,290,0
395,774,992,1
396,649,493,1
397,326,968,0
398,304,552,0
399,964,746,1
400,844,769,1
401,642,312,1
402,261,709,0
403,308,510,0
404,513,803,1
405,453,766,0
406,60,820,0
407,184,142,1
408,141,634,0
409,618,754,1
410,28,634,0
411,940,15,1
412,688,767,1
413,342,541,0
414,925,413,1
415,783,615,1
416,82,558,0
417,665,867,1
418,529,548,1
419,810,448,1
420,263,756,0
421,997,465,1
422,387,163,1
423,614,469,1
424,651,952,1
425,957,696,1
426,226,437,0
427,922,122,1
428,455,252,1
429,895,10,1
430,870,10,1
431,563,719,1
432,497,178,1
433,746,826,1
434,314,225,1
435,34,747,0
436,15,273,0
437,720,358,1
438,944,932,1
439,841,434,1
440,212,647,0
441,869,158,1
442,151,520,0
443,637,840,1
444,145,726,0
445,85,331,0
446,640,820,1
447,981,333,1
448,421,489,1
449,9,731,0
450,652,503,1
451,728,601,1
452,381,93,1
453,306,329,1
454,623,371,1
455,19,526,0
456,452,882,0
457,212,567,0
458,320,70,1
459,849,891,1
460,915,690,1
461,612,549,1
462,910,846,1
463,96,733,0
464,362,878,0
465,570,112,1
466,756,10,1
467,354,950,0
468,812,14,1
469,904,230,1
470,573,525,1
471,792,472,1
472,247,775,0
473,384,294,1
474,584,148,1
475,121,304,0
476,865,603,1
477,40,83,0
478,676,828,1
479,729,965,1
480,932,359,1
481,577,799,1
482,13,703,0
483,666,375,1
484,986,30,1
485,420,97,1
486,573,525,1
487,798,658,1
488,592,552,1
489,403,593,1
490,811,333,1
491,489,83,1
492,447,271,1
493,934,801,1
494,447,875,0
495,27,807,0
496,598,886,1
497,930,595,1
498,915,329,1
499,300,640,0
500,465,578,1
