n 500
c 156608
z 233165
time 0.00
1,113,759,0
2,402,411,1
3,275,505,0
4,831,210,1
5,37,715,0
6,548,89,1
7,645,628,1
8,815,379,1
9,482,636,1
10,590,929,0
11,586,787,1
12,782,906,1
13,294,235,1
14,29,715,0
15,626,20,1
16,903,916,1
17,737,700,1
18,949,647,1
19,422,848,0
20,517,765,0
21,885,460,1
22,946,831,1
23,863,643,1
24,819,966,1
25,908,804,1
26,842,31,1
27,507,473,1
28,35,231,0
29,453,13,1
30,988,926,1
31,528,465,1
32,131,523,0
33,751,131,1
34,194,268,1
35,503,875,0
36,360,352,1
37,68,131,0
38,514,892,0
39,906,371,1
40,31,838,0
41,23,142,0
42,113,393,0
43,133,813,0
44,142,341,0
45,678,670,1
46,534,130,1
47,936,377,1
48,584,857,1
49,880,798,1
50,821,919,1
51,642,342,1
52,718,367,1
53,878,468,1
54,192,139,1
55,751,288,1
56,653,855,1
57,726,288,1
58,863,818,1
59,395,675,0
60,902,737,1
61,899,300,1
62,313,298,1
63,661,351,1
64,585,314,1
65,718,483,1
66,992,51,1
67,252,292,1
68,353,766,0
69,984,163,1
70,777,401,1
71,852,237,1
72,858,613,1
73,364,485,1
74,305,758,0
75,266,647,0
76,213,16,1
77,17,690,0
78,152,538,0
79,27,120,0
80,803,738,1
81,86,453,0
82,473,829,0
83,785,346,1
84,85,177,0
85,412,245,1
86,720,657,1
87,477,215,1
88,298,179,1
89,223,409,0
90,810,658,1
91,277,412,0
92,673,884,1
93,389,300,1
94,120,199,0
95,943,647,1
96,546,292,1
97,828,936,1
98,131,896,0
99,844,107,1
100,728,171,1
101,72,500,0
102,305,983,0
103,94,777,0
104,713,439,1
105,498,32,1
106,910,961,1
107,497,582,1
108,660,674,1
109,313,78,1
110,852,860,1
111,701,258,1
112,841,390,1
113,701,360,1
114,355,88,1
115,705,868,1
116,244,522,0
117,830,854,1
118,64,872,0
119,857,856,1
120,754,940,1
121,441,759,0
122,234,32,1
123,753,203,1
124,154,270,0
125,275,604,0
126,584,926,0
127,200,179,1
128,53,795,0
129,947,962,1
130,444,658,1
131,534,785,1
132,270,208,1
133,779,966,1
134,458,191,1
135,141,32,1
136,259,885,0
137,936,432,1
138,681,90,1
139,74,413,0
140,457,531,1
141,165,370,0
142,808,512,1
143,293,230,1
144,267,430,0
145,611,992,0
146,82,497,0
147,668,589,1
148,730,466,1
149,4,120,0
150,90,169,0
151,924,380,1
152,382,336,1
153,243,489,0
154,959,875,1
155,672,953,1
156,819,191,1
157,685,205,1
158,744,342,1
159,679,1,1
160,92,660,0
161,650,760,1
162,561,170,1
163,537,717,1
164,868,589,1
165,180,112,1
166,356,481,1
167,410,610,1
168,535,199,1
169,693,869,1
170,344,160,1
171,790,306,1
172,445,541,1
173,669,904,1
174,565,477,1
175,50,390,0
176,727,922,1
177,666,677,1
178,253,296,1
179,529,549,1
180,448,707,0
181,494,370,1
182,53,660,0
183,620,291,1
184,484,135,1
185,868,608,1
186,337,340,1
187,744,333,1
188,403,944,0
189,523,231,1
190,714,456,1
191,236,937,0
192,951,234,1
193,505,619,1
194,483,279,1
195,727,784,1
196,889,33,1
197,880,299,1
198,343,197,1
199,910,270,1
200,647,956,1
201,707,174,1
202,429,396,1
203,643,118,1
204,441,86,1
205,1,422,0
206,404,572,1
207,254,463,0
208,431,953,0
209,761,110,1
210,534,964,0
211,184,99,1
212,628,379,1
213,324,686,0
214,168,616,0
215,355,405,1
216,158,122,1
217,990,611,1
218,936,59,1
219,371,320,1
220,882,97,1
221,213,241,1
222,262,204,1
223,375,492,1
224,804,163,1
225,208,411,0
226,819,171,1
227,775,586,1
228,597,540,1
229,200,278,1
230,772,762,1
231,767,420,1
232,770,493,1
233,993,316,1
234,239,349,1
235,827,616,1
236,316,127,1
237,322,60,1
238,676,44,1
239,65,748,0
240,762,12,1
241,784,428,1
242,884,46,1
243,521,712,1
244,575,314,1
245,911,705,1
246,613,886,1
247,631,217,1
248,346,585,0
249,736,251,1
250,29,487,0
251,671,938,1
252,713,674,1
253,763,28,1
254,306,329,1
255,200,970,0
256,380,168,1
257,39,239,0
258,471,227,1
259,322,882,0
260,592,504,1
261,964,634,1
262,401,952,0
263,559,638,1
264,17,970,0
265,480,926,0
266,262,357,1
267,917,153,1
268,46,775,0
269,406,20,1
270,164,902,0
271,689,915,1
272,992,738,1
273,767,431,1
274,112,182,0
275,805,700,1
276,506,785,0
277,13,574,0
278,268,93,1
279,778,760,1
280,274,235,1
281,979,160,1
282,638,401,1
283,838,786,1
284,278,898,0
285,390,679,0
286,215,400,0
287,167,914,0
288,592,608,1
289,470,56,1
290,945,290,1
291,54,649,0
292,218,155,1
293,909,191,1
294,952,97,1
295,493,634,1
296,858,330,1
297,694,317,1
298,970,369,1
299,328,825,0
300,910,855,1
301,911,75,1
302,134,154,1
303,535,677,1
304,665,180,1
305,119,238,0
306,40,347,0
307,394,606,0
308,356,232,1
309,544,107,1
310,835,526,1
311,403,497,1
312,213,633,0
313,885,977,1
314,669,601,1
315,103,201,0
316,195,201,1
317,460,668,1
318,886,624,1
319,325,997,0
320,966,540,1
321,445,429,1
322,968,638,1
323,348,343,1
324,771,149,1
325,890,740,1
326,328,874,0
327,673,193,1
328,222,598,0
329,828,833,1
330,347,996,0
331,982,615,1
332,959,358,1
333,531,780,1
334,865,199,1
335,260,657,0
336,189,722,0
337,542,282,1
338,774,414,1
339,953,399,1
340,797,183,1
341,286,912,0
342,819,865,1
343,946,301,1
344,739,523,1
345,920,855,1
346,720,990,1
347,802,255,1
348,342,89,1
349,831,736,1
350,509,226,1
351,592,283,1
352,344,755,0
353,221,39,1
354,28,367,0
355,765,187,1
356,28,544,0
357,466,570,1
358,105,862,0
359,459,130,1
360,686,549,1
361,195,745,0
362,625,156,1
363,342,268,1
364,142,533,0
365,796,445,1
366,526,950,0
367,446,640,1
368,748,107,1
369,94,786,0
370,448,918,0
371,699,983,1
372,629,453,1
373,233,143,1
374,709,301,1
375,903,227,1
376,492,432,1
377,330,410,1
378,41,809,0
379,167,203,1
380,289,784,0
381,374,758,0
382,774,494,1
383,66,347,0
384,301,254,1
385,765,622,1
386,653,198,1
387,920,798,1
388,979,553,1
389,287,257,1
390,115,227,0
391,795,942,1
392,857,592,1
393,818,374,1
394,877,945,1
395,849,775,1
396,604,404,1
397,49,223,0
398,235,399,0
399,479,265,1
400,959,600,1
401,333,343,1
402,672,796,1
403,375,621,0
404,268,538,0
405,184,29,1
406,887,331,1
407,371,909,0
408,496,185,1
409,973,401,1
410,519,777,1
411,975,846,1
412,203,510,0
413,841,500,1
414,568,684,1
415,178,310,0
416,557,573,1
417,420,938,0
418,236,843,0
419,509,55,1
420,890,651,1
421,552,480,1
422,166,618,0
423,505,236,1
424,982,559,1
425,712,863,1
426,277,412,0
427,429,369,1
428,234,499,0
429,362,801,0
430,465,801,0
431,750,46,1
432,660,129,1
433,445,457,1
434,341,624,0
435,789,274,1
436,850,752,1
437,499,165,1
438,291,459,0
439,276,265,1
440,39,678,0
441,864,565,1
442,458,263,1
443,808,559,1
444,452,205,1
445,160,954,0
446,595,483,1
447,880,188,1
448,928,968,1
449,484,538,1
450,783,470,1
451,651,312,1
452,856,204,1
453,517,288,1
454,506,34,1
455,150,21,1
456,103,169,0
457,599,774,1
458,579,709,1
459,164,426,0
460,534,433,1
461,751,772,1
462,873,237,1
463,947,348,1
464,805,917,1
465,325,55,1
466,663,473,1
467,557,141,1
468,63,381,0
469,579,213,1
470,88,756,0
471,507,663,1
472,226,862,0
473,995,301,1
474,507,547,1
475,180,127,1
476,932,786,1
477,179,930,0
478,903,795,1
479,868,692,1
480,319,678,0
481,748,966,1
482,216,246,1
483,685,918,1
484,981,397,1
485,783,680,1
486,608,428,1
487,681,849,1
488,299,887,0
489,118,680,0
490,494,284,1
491,972,690,1
492,354,814,0
493,913,152,1
494,578,210,1
495,846,478,1
496,17,973,0
497,469,802,0
498,206,736,0
499,759,527,1
500,316,649,0
